Data/raw_excel/lovbio067c/CTD/moose2014_ge_leg2_011.cnv
* Sea-Bird SBE 9 Data File:
* FileName = C:\CTD\Work\raw\moose2014_ge_leg2_011.hdr
* Software Version Seasave V 7.21d
* Temperature SN = 1378
* Conductivity SN = 2929
* Number of Bytes Per Scan = 41
* Number of Voltage Words = 4
* Number of Scans Averaged by the Deck Unit = 1
* NMEA Latitude = 40 23.98 N
* NMEA Longitude = 006 11.96 E
* NMEA UTC (Time) = Jul 15 2014 13:34:48
* NMEA baud rate = 4800
** Ship:
** Station:
** Operator:
# nquan = 21
# nvalues = 5661                        
# units = specified
# name 0 = prDM: Pressure, Digiquartz [db]
# name 1 = t090C: Temperature [ITS-90, deg C]
# name 2 = t190C: Temperature, 2 [ITS-90, deg C]
# name 3 = c0S/m: Conductivity [S/m]
# name 4 = c1S/m: Conductivity, 2 [S/m]
# name 5 = sbeox0V: Oxygen raw, SBE 43 [V]
# name 6 = flC: Fluorescence, Chelsea Aqua 3 Chl Con [ug/l]
# name 7 = CStarTr0: Beam Transmission, WET Labs C-Star [%]
# name 8 = upoly0: Upoly 0, UVP5
# name 9 = upoly1: Upoly 1, RINKOIII_DO
# name 10 = upoly2: Upoly 2, RINKOIII_Temp
# name 11 = altM: Altimeter [m]
# name 12 = potemp090C: Potential Temperature [ITS-90, deg C]
# name 13 = sal00: Salinity, Practical [PSU]
# name 14 = sigma-é00: Density [sigma-theta, Kg/m^3]
# name 15 = potemp190C: Potential Temperature, 2 [ITS-90, deg C]
# name 16 = sal11: Salinity, Practical, 2 [PSU]
# name 17 = sigma-é11: Density, 2 [sigma-theta, Kg/m^3]
# name 18 = sbeox0ML/L: Oxygen, SBE 43 [ml/l], WS = 2
# name 19 = sbeox0Mm/Kg: Oxygen, SBE 43 [umol/Kg], WS = 2
# name 20 = flag: flag
# span 0 =      1.000,   2831.000       
# span 1 =    13.0951,    21.6829       
# span 2 =    13.0942,    21.6920       
# span 3 =   4.488621,   5.361181       
# span 4 =   4.488147,   5.362059       
# span 5 =     2.1358,     3.7248       
# span 6 =    -0.0159,     0.2068       
# span 7 =    86.7170,    88.2183       
# span 8 =  1.0000000,  1.0000000       
# span 9 =  1.3652123,  1.7942615       
# span 10 =  13.089400,  21.666687      
# span 11 =       0.02,      49.50      
# span 12 =    12.8982,    21.6821      
# span 13 =    37.8075,    38.5916      
# span 14 =    26.7185,    29.1193      
# span 15 =    12.8970,    21.6912      
# span 16 =    37.8080,    38.5883      
# span 17 =    26.7151,    29.1178      
# span 18 =    3.78313,    5.89407      
# span 19 =    164.139,    255.837      
# span 20 = 0.0000e+00, 0.0000e+00      
# interval = decibars: 1                
# start_time = Jul 15 2014 13:34:49 [NMEA time, first data scan]
# bad_flag = -9.990e-29
*END*
[from data line 4690]
    971.000    13.1295    13.1280   4.518740   4.518283     2.4307    -0.0117    88.1693  1.0000000  1.7521960  13.122333       0.05    12.9869    38.4951    29.1064    12.9854    38.4923    29.1045    4.11982    178.762 0.0000e+00
    970.000    13.1294    13.1284   4.518700   4.518294     2.4313    -0.0121    88.1672  1.0000000  1.7524142  13.122333       0.05    12.9870    38.4953    29.1065    12.9860    38.4924    29.1045    4.12006    178.772 0.0000e+00
    969.000    13.1296    13.1285   4.518674   4.518275     2.4314    -0.0120    88.1605  1.0000000  1.7526518  13.122333       0.05    12.9873    38.4953    29.1064    12.9862    38.4925    29.1045    4.11861    178.709 0.0000e+00
    968.000    13.1297    13.1283   4.518645   4.518196     2.4315    -0.0117    88.1704  1.0000000  1.7525643  13.122333       0.05    12.9875    38.4954    29.1065    12.9861    38.4925    29.1045    4.11884    178.719 0.0000e+00
    967.000    13.1302    13.1289   4.518656   4.518239     2.4315    -0.0113    88.1626  1.0000000  1.7531502  13.122333       0.05    12.9882    38.4954    29.1063    12.9869    38.4927    29.1045    4.11666    178.625 0.0000e+00
    966.000    13.1306    13.1290   4.518690   4.518200     2.4313    -0.0110    88.1679  1.0000000  1.7527790  13.122333       0.05    12.9888    38.4957    29.1064    12.9871    38.4927    29.1045    4.11507    178.556 0.0000e+00
    965.000    13.1314    13.1296   4.518730   4.518248     2.4311    -0.0113    88.1704  1.0000000  1.7527794  13.122333       0.05    12.9897    38.4957    29.1063    12.9879    38.4929    29.1045    4.11262    178.449 0.0000e+00
    964.000    13.1319    13.1303   4.518757   4.518293     2.4305    -0.0119    88.1643  1.0000000  1.7526518  13.122333       0.05    12.9903    38.4960    29.1063    12.9887    38.4931    29.1045    4.11130    178.392 0.0000e+00
    963.000    13.1325    13.1312   4.518807   4.518368     2.4304    -0.0123    88.1637  1.0000000  1.7528364  13.123124       0.05    12.9911    38.4963    29.1064    12.9898    38.4933    29.1044    4.10972    178.324 0.0000e+00
    962.000    13.1335    13.1324   4.518903   4.518474     2.4295    -0.0109    88.1633  1.0000000  1.7527460  13.122322       0.05    12.9923    38.4966    29.1064    12.9911    38.4936    29.1044    4.10580    178.154 0.0000e+00
    961.000    13.1346    13.1331   4.518990   4.518534     2.4292    -0.0117    88.1693  1.0000000  1.7532375  13.124094       0.05    12.9935    38.4968    29.1063    12.9920    38.4938    29.1043    4.10820    178.258 0.0000e+00
    960.000    13.1351    13.1338   4.519022   4.518571     2.4294    -0.0128    88.1704  1.0000000  1.7533584  13.123195       0.05    12.9942    38.4969    29.1063    12.9928    38.4940    29.1043    4.11150    178.401 0.0000e+00
    959.000    13.1359    13.1346   4.519071   4.518648     2.4302    -0.0129    88.1704  1.0000000  1.7533578  13.122330       0.05    12.9951    38.4970    29.1062    12.9938    38.4943    29.1044    4.11241    178.440 0.0000e+00
    958.000    13.1363    13.1348   4.519098   4.518624     2.4303    -0.0132    88.1692  1.0000000  1.7533578  13.122333       0.05    12.9957    38.4973    29.1063    12.9941    38.4944    29.1043    4.10845    178.268 0.0000e+00
    957.000    13.1364    13.1352   4.519047   4.518643     2.4298    -0.0121    88.1691  1.0000000  1.7533578  13.122333       0.05    12.9959    38.4972    29.1061    12.9947    38.4945    29.1043    4.10508    178.122 0.0000e+00
    956.000    13.1365    13.1349   4.519029   4.518565     2.4299    -0.0117    88.1704  1.0000000  1.7533578  13.128767       0.05    12.9961    38.4974    29.1062    12.9946    38.4945    29.1043    4.10792    178.245 0.0000e+00
    955.000    13.1370    13.1355   4.519048   4.518606     2.4303    -0.0108    88.1704  1.0000000  1.7534865  13.124924       0.05    12.9968    38.4975    29.1061    12.9953    38.4947    29.1043    4.11092    178.375 0.0000e+00
    954.000    13.1377    13.1363   4.519119   4.518684 -9.990e-29    -0.0108    88.1660  1.0000000  1.7538203  13.130125       0.05    12.9976    38.4978    29.1063    12.9962    38.4951    29.1045 -9.990e-29 -9.990e-29 0.0000e+00
    953.000    13.1381    13.1370   4.519138   4.518724 -9.990e-29    -0.0095    88.1693  1.0000000  1.7537063  13.128594       0.05    12.9982    38.4980    29.1063    12.9971    38.4952    29.1043 -9.990e-29 -9.990e-29 0.0000e+00
    952.000    13.1384    13.1372   4.519144   4.518688 -9.990e-29    -0.0105    88.1704  1.0000000  1.7538025  13.133585       0.05    12.9987    38.4982    29.1064    12.9974    38.4952    29.1042 -9.990e-29 -9.990e-29 0.0000e+00
    951.000    13.1385    13.1373   4.519087   4.518681     2.4303    -0.0120    88.1646  1.0000000  1.7542670  13.133031       0.05    12.9989    38.4980    29.1062    12.9977    38.4954    29.1043    4.10408    178.078 0.0000e+00
    950.000    13.1394    13.1380   4.519196   4.518723     2.4306    -0.0128    88.1665  1.0000000  1.7545083  13.135103       0.05    12.9999    38.4986    29.1064    12.9985    38.4955    29.1043    4.10731    178.219 0.0000e+00
    949.000    13.1406    13.1381   4.519285   4.518700     2.4308    -0.0120    88.1704  1.0000000  1.7540727  13.131984       0.05    13.0012    38.4987    29.1062    12.9987    38.4956    29.1043    4.10875    178.281 0.0000e+00
    948.000    13.1405    13.1391   4.519229   4.518775     2.4315    -0.0131    88.1704  1.0000000  1.7539673  13.129620       0.05    13.0014    38.4987    29.1061    12.9999    38.4958    29.1042    4.10772    178.237 0.0000e+00
    947.000    13.1408    13.1394   4.519219   4.518788     2.4311    -0.0134    88.1704  1.0000000  1.7541485  13.136208       0.05    13.0017    38.4988    29.1062    13.0004    38.4960    29.1043    4.10460    178.101 0.0000e+00
    946.000    13.1411    13.1401   4.519219   4.518841     2.4313    -0.0133    88.1715  1.0000000  1.7542856  13.136429       0.05    13.0022    38.4989    29.1062    13.0013    38.4962    29.1043    4.10606    178.165 0.0000e+00
    945.000    13.1415    13.1403   4.519239   4.518816     2.4315    -0.0126    88.1704  1.0000000  1.7540797  13.138030       0.05    13.0027    38.4991    29.1062    13.0015    38.4963    29.1042    4.10540    178.135 0.0000e+00
    944.000    13.1418    13.1404   4.519223   4.518791     2.4315    -0.0123    88.1704  1.0000000  1.7544530  13.138787       0.05    13.0032    38.4991    29.1061    13.0018    38.4963    29.1042    4.10437    178.091 0.0000e+00
    943.000    13.1415    13.1401   4.519149   4.518704     2.4315    -0.0118    88.1664  1.0000000  1.7545120  13.138781       0.05    13.0031    38.4990    29.1061    13.0017    38.4963    29.1042    4.10386    178.069 0.0000e+00
    942.000    13.1422    13.1405   4.519191   4.518703     2.4315    -0.0114    88.1678  1.0000000  1.7545792  13.138781       0.05    13.0039    38.4993    29.1061    13.0022    38.4963    29.1041    4.10328    178.044 0.0000e+00
    941.000    13.1426    13.1408   4.519204   4.518702     2.4315    -0.0108    88.1665  1.0000000  1.7546467  13.137866       0.05    13.0044    38.4994    29.1061    13.0027    38.4964    29.1041    4.10367    178.061 0.0000e+00
    940.000    13.1428    13.1413   4.519205   4.518731     2.4319    -0.0116    88.1704  1.0000000  1.7545793  13.138774       0.05    13.0048    38.4996    29.1061    13.0033    38.4966    29.1042    4.10539    178.135 0.0000e+00
    939.000    13.1428    13.1414   4.519163   4.518704     2.4322    -0.0127    88.1588  1.0000000  1.7542767  13.138781       0.05    13.0050    38.4996    29.1061    13.0035    38.4967    29.1042    4.10510    178.123 0.0000e+00
    938.000    13.1430    13.1420   4.519143   4.518744     2.4322    -0.0128    88.1655  1.0000000  1.7545822  13.138781       0.05    13.0053    38.4997    29.1061    13.0043    38.4969    29.1042    4.10191    177.984 0.0000e+00
    937.000    13.1434    13.1421   4.519165   4.518741     2.4320    -0.0113    88.1610  1.0000000  1.7546402  13.138781       0.05    13.0058    38.4999    29.1062    13.0046    38.4972    29.1043    4.10081    177.937 0.0000e+00
    936.000    13.1451    13.1437   4.519351   4.518895     2.4320    -0.0111    88.1680  1.0000000  1.7545785  13.138781       0.05    13.0077    38.5004    29.1062    13.0063    38.4974    29.1042    4.10184    177.981 0.0000e+00
    935.000    13.1460    13.1443   4.519410   4.518921     2.4322    -0.0106    88.1667  1.0000000  1.7547718  13.138781       0.05    13.0088    38.5005    29.1060    13.0071    38.4975    29.1041    4.10183    177.981 0.0000e+00
    934.000    13.1462    13.1448   4.519400   4.518940     2.4323    -0.0126    88.1692  1.0000000  1.7548233  13.138781       0.05    13.0091    38.5006    29.1060    13.0077    38.4977    29.1041    4.10146    177.965 0.0000e+00
    933.000    13.1467    13.1452   4.519409   4.518954     2.4324    -0.0124    88.1652  1.0000000  1.7547146  13.138781       0.05    13.0098    38.5006    29.1059    13.0082    38.4979    29.1041    4.09926    177.869 0.0000e+00
    932.000    13.1464    13.1453   4.519357   4.518925     2.4321    -0.0122    88.1669  1.0000000  1.7545777  13.138781       0.05    13.0096    38.5009    29.1062    13.0084    38.4979    29.1041    4.09745    177.791 0.0000e+00
    931.000    13.1466    13.1455   4.519343   4.518916     2.4319    -0.0133    88.1693  1.0000000  1.7545788  13.138781       0.05    13.0099    38.5010    29.1062    13.0088    38.4981    29.1041    4.09851    177.836 0.0000e+00
    930.000    13.1467    13.1454   4.519281   4.518875     2.4322    -0.0136    88.1692  1.0000000  1.7548896  13.138781       0.05    13.0101    38.5008    29.1059    13.0089    38.4981    29.1041    4.10097    177.943 0.0000e+00
    929.000    13.1464    13.1452   4.519198   4.518789     2.4326    -0.0126    88.1652  1.0000000  1.7547143  13.138781       0.05    13.0100    38.5007    29.1059    13.0089    38.4979    29.1040    4.10078    177.935 0.0000e+00
    928.000    13.1462    13.1450   4.519139   4.518722     2.4328    -0.0110    88.1703  1.0000000  1.7548818  13.138781       0.05    13.0100    38.5007    29.1059    13.0088    38.4980    29.1041    4.10146    177.965 0.0000e+00
    927.000    13.1460    13.1449   4.519087   4.518662     2.4334    -0.0106    88.1704  1.0000000  1.7555262  13.138781       0.05    13.0100    38.5009    29.1061    13.0088    38.4980    29.1040    4.10307    178.035 0.0000e+00
    926.000    13.1459    13.1447   4.519030   4.518600     2.4339    -0.0100    88.1630  1.0000000  1.7554676  13.138781       0.05    13.0100    38.5009    29.1060    13.0088    38.4980    29.1040    4.10183    177.981 0.0000e+00
    925.000    13.1456    13.1446   4.518966   4.518552     2.4340    -0.0100    88.1694  1.0000000  1.7549034  13.138781       0.05    13.0099    38.5010    29.1062    13.0088    38.4981    29.1041    4.10041    177.919 0.0000e+00
    924.000    13.1454    13.1447   4.518899   4.518516     2.4341    -0.0108    88.1641  1.0000000  1.7554241  13.138781       0.05    13.0099    38.5009    29.1062    13.0091    38.4980    29.1040    4.10091    177.941 0.0000e+00
    923.000    13.1449    13.1445   4.518772   4.518424     2.4342    -0.0099    88.1678  1.0000000  1.7551167  13.138781       0.05    13.0095    38.5007    29.1060    13.0090    38.4978    29.1039    4.09944    177.877 0.0000e+00
    922.000    13.1454    13.1444   4.518793   4.518390     2.4341    -0.0099    88.1692  1.0000000  1.7552875  13.138781       0.05    13.0101    38.5009    29.1060    13.0091    38.4980    29.1040    4.09847    177.835 0.0000e+00
    921.000    13.1454    13.1443   4.518745   4.518339     2.4342    -0.0104    88.1657  1.0000000  1.7552502  13.138781       0.05    13.0103    38.5008    29.1060    13.0091    38.4981    29.1041    4.10085    177.938 0.0000e+00
    920.000    13.1452    13.1441   4.518678   4.518282     2.4349    -0.0105    88.1692  1.0000000  1.7550085  13.138781       0.05    13.0103    38.5008    29.1059    13.0092    38.4981    29.1041    4.10230    178.001 0.0000e+00
    919.000    13.1450    13.1439   4.518622   4.518206     2.4351    -0.0111    88.1692  1.0000000  1.7553063  13.138781       0.05    13.0102    38.5009    29.1060    13.0091    38.4980    29.1040    4.10191    177.984 0.0000e+00
    918.000    13.1449    13.1438   4.518557   4.518156     2.4357    -0.0109    88.1654  1.0000000  1.7558012  13.138781       0.05    13.0102    38.5009    29.1060    13.0092    38.4980    29.1040    4.10349    178.053 0.0000e+00
    917.000    13.1447    13.1437   4.518502   4.518090     2.4362    -0.0116    88.1693  1.0000000  1.7551799  13.138781       0.05    13.0102    38.5009    29.1061    13.0092    38.4980    29.1040    4.10175    177.977 0.0000e+00
    916.000    13.1445    13.1436   4.518425   4.518042     2.4360    -0.0110    88.1654  1.0000000  1.7550918  13.138781       0.05    13.0101    38.5008    29.1060    13.0092    38.4981    29.1041    4.09691    177.767 0.0000e+00
    915.000    13.1444    13.1434   4.518363   4.517974     2.4351    -0.0112    88.1592  1.0000000  1.7550284  13.138781       0.05    13.0101    38.5008    29.1060    13.0092    38.4981    29.1041    4.09628    177.740 0.0000e+00
    914.000    13.1441    13.1432   4.518298   4.517900     2.4356    -0.0112    88.1311  1.0000000  1.7549013  13.138781       0.05    13.0101    38.5009    29.1060    13.0092    38.4979    29.1039    4.10076    177.934 0.0000e+00
    913.000    13.1441    13.1431   4.518249   4.517852     2.4360    -0.0109    88.1408  1.0000000  1.7551825  13.138781       0.05    13.0102    38.5008    29.1059    13.0092    38.4981    29.1040    4.09755    177.795 0.0000e+00
    912.000    13.1440    13.1430   4.518192   4.517802     2.4352    -0.0112    88.1585  1.0000000  1.7551287  13.138781       0.05    13.0102    38.5009    29.1060    13.0093    38.4981    29.1041    4.09438    177.658 0.0000e+00
    911.000    13.1440    13.1430   4.518147   4.517755     2.4355    -0.0112    88.1680  1.0000000  1.7553720  13.138781       0.05    13.0104    38.5009    29.1060    13.0094    38.4981    29.1040    4.09994    177.899 0.0000e+00
    910.000    13.1439    13.1430   4.518097   4.517720     2.4362    -0.0117    88.1676  1.0000000  1.7550112  13.138781       0.05    13.0104    38.5009    29.1060    13.0095    38.4982    29.1041    4.10071    177.932 0.0000e+00
    909.000    13.1439    13.1430   4.518051   4.517669     2.4365    -0.0119    88.1652  1.0000000  1.7549176  13.138781       0.05    13.0106    38.5009    29.1060    13.0097    38.4982    29.1040    4.10034    177.916 0.0000e+00
    908.000    13.1437    13.1428   4.518000   4.517596     2.4370    -0.0129    88.1679  1.0000000  1.7549001  13.138781       0.05    13.0106    38.5010    29.1060    13.0096    38.4981    29.1040    4.10123    177.955 0.0000e+00
    907.000    13.1436    13.1426   4.517944   4.517556     2.4374    -0.0130    88.1672  1.0000000  1.7548561  13.138781       0.05    13.0105    38.5011    29.1061    13.0096    38.4983    29.1041    4.10229    178.001 0.0000e+00
    906.000    13.1434    13.1424   4.517870   4.517484     2.4383    -0.0122    88.1648  1.0000000  1.7551627  13.138781       0.05    13.0105    38.5010    29.1060    13.0095    38.4983    29.1041    4.10341    178.050 0.0000e+00
    905.000    13.1433    13.1423   4.517828   4.517429     2.4386    -0.0125    88.1599  1.0000000  1.7550524  13.138781       0.05    13.0106    38.5011    29.1061    13.0096    38.4982    29.1041    4.10162    177.972 0.0000e+00
    904.000    13.1431    13.1422   4.517755   4.517369     2.4386    -0.0116    88.1703  1.0000000  1.7549651  13.138781       0.05    13.0106    38.5010    29.1060    13.0097    38.4982    29.1040    4.10012    177.906 0.0000e+00
