Data/raw_excel/lovbio067c/CTD/moose2014_ge_leg2_011.cnv
* Sea-Bird SBE 9 Data File:
* FileName = C:\CTD\Work\raw\moose2014_ge_leg2_011.hdr
* Software Version Seasave V 7.21d
* Temperature SN = 1378
* Conductivity SN = 2929
* Number of Bytes Per Scan = 41
* Number of Voltage Words = 4
* Number of Scans Averaged by the Deck Unit = 1
* NMEA Latitude = 40 23.98 N
* NMEA Longitude = 006 11.96 E
* NMEA UTC (Time) = Jul 15 2014 13:34:48
* NMEA baud rate = 4800
** Ship:
** Station:
** Operator:
# nquan = 21
# nvalues = 5661                        
# units = specified
# name 0 = prDM: Pressure, Digiquartz [db]
# name 1 = t090C: Temperature [ITS-90, deg C]
# name 2 = t190C: Temperature, 2 [ITS-90, deg C]
# name 3 = c0S/m: Conductivity [S/m]
# name 4 = c1S/m: Conductivity, 2 [S/m]
# name 5 = sbeox0V: Oxygen raw, SBE 43 [V]
# name 6 = flC: Fluorescence, Chelsea Aqua 3 Chl Con [ug/l]
# name 7 = CStarTr0: Beam Transmission, WET Labs C-Star [%]
# name 8 = upoly0: Upoly 0, UVP5
# name 9 = upoly1: Upoly 1, RINKOIII_DO
# name 10 = upoly2: Upoly 2, RINKOIII_Temp
# name 11 = altM: Altimeter [m]
# name 12 = potemp090C: Potential Temperature [ITS-90, deg C]
# name 13 = sal00: Salinity, Practical [PSU]
# name 14 = sigma-é00: Density [sigma-theta, Kg/m^3]
# name 15 = potemp190C: Potential Temperature, 2 [ITS-90, deg C]
# name 16 = sal11: Salinity, Practical, 2 [PSU]
# name 17 = sigma-é11: Density, 2 [sigma-theta, Kg/m^3]
# name 18 = sbeox0ML/L: Oxygen, SBE 43 [ml/l], WS = 2
# name 19 = sbeox0Mm/Kg: Oxygen, SBE 43 [umol/Kg], WS = 2
# name 20 = flag: flag
# span 0 =      1.000,   2831.000       
# span 1 =    13.0951,    21.6829       
# span 2 =    13.0942,    21.6920       
# span 3 =   4.488621,   5.361181       
# span 4 =   4.488147,   5.362059       
# span 5 =     2.1358,     3.7248       
# span 6 =    -0.0159,     0.2068       
# span 7 =    86.7170,    88.2183       
# span 8 =  1.0000000,  1.0000000       
# span 9 =  1.3652123,  1.7942615       
# span 10 =  13.089400,  21.666687      
# span 11 =       0.02,      49.50      
# span 12 =    12.8982,    21.6821      
# span 13 =    37.8075,    38.5916      
# span 14 =    26.7185,    29.1193      
# span 15 =    12.8970,    21.6912      
# span 16 =    37.8080,    38.5883      
# span 17 =    26.7151,    29.1178      
# span 18 =    3.78313,    5.89407      
# span 19 =    164.139,    255.837      
# span 20 = 0.0000e+00, 0.0000e+00      
# interval = decibars: 1                
# start_time = Jul 15 2014 13:34:49 [NMEA time, first data scan]
# bad_flag = -9.990e-29
*END*
[from data line 1587]
   1588.000    13.1453    13.1446   4.545978   4.545615     2.3497    -0.0122    88.2161  1.0000000  1.7285963  13.138781       0.05    12.9073    38.4793    29.1106    12.9066    38.4766    29.1086    4.24551    184.214 0.0000e+00
   1589.000    13.1455    13.1447   4.546048   4.545679     2.3497    -0.0136    88.2137  1.0000000  1.7284486  13.138781       0.04    12.9073    38.4794    29.1106    12.9066    38.4766    29.1087    4.24635    184.250 0.0000e+00
   1590.000    13.1458    13.1449   4.546105   4.545749     2.3498    -0.0137    88.2123  1.0000000  1.7289330  13.138781       0.05    12.9074    38.4792    29.1105    12.9066    38.4767    29.1088    4.24578    184.226 0.0000e+00
   1591.000    13.1458    13.1450   4.546155   4.545793     2.3496    -0.0130    88.2171  1.0000000  1.7287200  13.138781       0.04    12.9073    38.4793    29.1106    12.9065    38.4766    29.1087    4.24481    184.183 0.0000e+00
   1592.000    13.1459    13.1452   4.546221   4.545844     2.3490    -0.0146    88.2154  1.0000000  1.7288847  13.138781       0.04    12.9073    38.4794    29.1107    12.9065    38.4765    29.1086    4.24194    184.059 0.0000e+00
   1593.000    13.1461    13.1453   4.546288   4.545919     2.3487    -0.0142    88.2036  1.0000000  1.7290391  13.138781       0.04    12.9073    38.4794    29.1106    12.9065    38.4767    29.1088    4.24469    184.179 0.0000e+00
   1594.000    13.1462    13.1455   4.546360   4.545987     2.3486    -0.0131    88.2076  1.0000000  1.7289933  13.138781       0.04    12.9073    38.4795    29.1108    12.9066    38.4767    29.1088    4.24533    184.206 0.0000e+00
   1595.000    13.1465    13.1457   4.546428   4.546066     2.3486    -0.0131    88.2105  1.0000000  1.7285927  13.138781       0.04    12.9074    38.4795    29.1107    12.9067    38.4768    29.1088    4.24608    184.238 0.0000e+00
   1596.000    13.1467    13.1459   4.546495   4.546121 -9.990e-29    -0.0122    88.2087  1.0000000  1.7289350  13.138781       0.04    12.9075    38.4795    29.1107    12.9066    38.4768    29.1088 -9.990e-29 -9.990e-29 0.0000e+00
   1597.000    13.1468    13.1460   4.546543   4.546169 -9.990e-29    -0.0105    88.2109  1.0000000  1.7289843  13.138781       0.04    12.9074    38.4795    29.1107    12.9066    38.4767    29.1087 -9.990e-29 -9.990e-29 0.0000e+00
   1598.000    13.1469    13.1462   4.546589   4.546229 -9.990e-29    -0.0111    88.2155  1.0000000  1.7288450  13.138781       0.05    12.9073    38.4794    29.1107    12.9066    38.4767    29.1087 -9.990e-29 -9.990e-29 0.0000e+00
   1599.000    13.1470    13.1463   4.546659   4.546296     2.3480    -0.0128    88.2030  1.0000000  1.7290619  13.138781       0.04    12.9073    38.4796    29.1108    12.9066    38.4768    29.1088    4.24357    184.130 0.0000e+00
   1600.000    13.1473    13.1465   4.546726   4.546361     2.3479    -0.0139    88.2095  1.0000000  1.7290736  13.138781       0.04    12.9074    38.4794    29.1107    12.9066    38.4768    29.1088    4.24645    184.255 0.0000e+00
   1601.000    13.1476    13.1467   4.546806   4.546423     2.3478    -0.0124    88.2036  1.0000000  1.7289366  13.138781       0.05    12.9075    38.4795    29.1107    12.9066    38.4768    29.1088    4.24554    184.215 0.0000e+00
   1602.000    13.1476    13.1468   4.546832   4.546478     2.3475    -0.0119    88.2159  1.0000000  1.7289377  13.138781       0.05    12.9074    38.4793    29.1106    12.9066    38.4768    29.1088    4.24510    184.196 0.0000e+00
   1603.000    13.1477    13.1470   4.546889   4.546528     2.3472    -0.0114    88.2142  1.0000000  1.7287431  13.138781       0.04    12.9073    38.4794    29.1107    12.9066    38.4767    29.1087    4.24644    184.254 0.0000e+00
   1604.000    13.1478    13.1470   4.546948   4.546584     2.3471    -0.0118    88.2163  1.0000000  1.7289409  13.138781       0.04    12.9072    38.4795    29.1107    12.9065    38.4768    29.1088    4.24352    184.128 0.0000e+00
   1605.000    13.1479    13.1472   4.547010   4.546642     2.3464    -0.0136    88.2135  1.0000000  1.7287463  13.138781       0.04    12.9072    38.4795    29.1108    12.9065    38.4767    29.1088    4.24581    184.227 0.0000e+00
   1606.000    13.1481    13.1473   4.547063   4.546703     2.3468    -0.0127    88.2103  1.0000000  1.7289377  13.138781       0.04    12.9072    38.4794    29.1107    12.9065    38.4768    29.1088    4.25004    184.411 0.0000e+00
   1607.000    13.1483    13.1474   4.547121   4.546764     2.3470    -0.0122    88.2010  1.0000000  1.7289377  13.138781       0.04    12.9073    38.4793    29.1106    12.9064    38.4769    29.1089    4.24759    184.304 0.0000e+00
   1608.000    13.1484    13.1476   4.547165   4.546811     2.3466    -0.0138    88.2022  1.0000000  1.7290329  13.138781       0.04    12.9072    38.4793    29.1106    12.9064    38.4767    29.1088    4.24411    184.153 0.0000e+00
   1609.000    13.1484    13.1477   4.547227   4.546876     2.3459    -0.0137    88.2158  1.0000000  1.7289366  13.139335       0.05    12.9070    38.4795    29.1108    12.9064    38.4768    29.1088    4.24464    184.176 0.0000e+00
   1610.000    13.1486    13.1478   4.547290   4.546939     2.3455    -0.0121    88.2094  1.0000000  1.7291427  13.138777       0.04    12.9071    38.4795    29.1108    12.9064    38.4769    29.1089    4.24457    184.173 0.0000e+00
   1611.000    13.1489    13.1480   4.547369   4.546992     2.3456    -0.0129    88.2128  1.0000000  1.7290536  13.138781       0.04    12.9072    38.4795    29.1108    12.9064    38.4768    29.1088    4.24838    184.338 0.0000e+00
   1612.000    13.1490    13.1482   4.547431   4.547051     2.3455    -0.0130    88.2123  1.0000000  1.7290025  13.138781       0.05    12.9072    38.4796    29.1108    12.9064    38.4767    29.1088    4.24848    184.343 0.0000e+00
   1613.000    13.1492    13.1484   4.547497   4.547124     2.3460    -0.0130    88.2125  1.0000000  1.7289392  13.138781       0.04    12.9072    38.4796    29.1109    12.9064    38.4769    29.1089    4.25095    184.450 0.0000e+00
   1614.000    13.1493    13.1485   4.547545   4.547184     2.3460    -0.0132    88.2119  1.0000000  1.7290466  13.138781       0.05    12.9072    38.4795    29.1108    12.9064    38.4769    29.1089    4.24669    184.265 0.0000e+00
   1615.000    13.1494    13.1486   4.547602   4.547245     2.3451    -0.0136    88.2163  1.0000000  1.7288952  13.139364       0.05    12.9071    38.4795    29.1108    12.9064    38.4769    29.1089    4.24402    184.149 0.0000e+00
   1616.000    13.1495    13.1488   4.547666   4.547297     2.3447    -0.0147    88.1972  1.0000000  1.7289382  13.138775       0.05    12.9071    38.4796    29.1109    12.9064    38.4768    29.1089    4.24385    184.142 0.0000e+00
   1617.000    13.1497    13.1490   4.547730   4.547365     2.3439    -0.0131    88.2104  1.0000000  1.7289996  13.138781       0.04    12.9071    38.4797    29.1109    12.9064    38.4769    29.1090    4.24257    184.086 0.0000e+00
   1618.000    13.1499    13.1492   4.547806   4.547425     2.3438    -0.0115    88.2114  1.0000000  1.7288764  13.138781       0.05    12.9072    38.4797    29.1110    12.9065    38.4768    29.1089    4.24615    184.241 0.0000e+00
   1619.000    13.1501    13.1493   4.547843   4.547480     2.3439    -0.0115    88.2125  1.0000000  1.7289365  13.138781       0.04    12.9072    38.4795    29.1108    12.9064    38.4769    29.1089    4.24722    184.288 0.0000e+00
   1620.000    13.1502    13.1494   4.547906   4.547531     2.3439    -0.0126    88.2144  1.0000000  1.7289858  13.138781       0.04    12.9071    38.4796    29.1108    12.9063    38.4768    29.1089    4.24751    184.300 0.0000e+00
   1621.000    13.1503    13.1495   4.547950   4.547591     2.3439    -0.0133    88.2108  1.0000000  1.7289369  13.138781       0.04    12.9071    38.4795    29.1108    12.9063    38.4769    29.1089    4.24868    184.351 0.0000e+00
   1622.000    13.1504    13.1496   4.548026   4.547661     2.3441    -0.0128    88.1976  1.0000000  1.7290457  13.138781       0.05    12.9070    38.4798    29.1110    12.9063    38.4770    29.1090    4.24832    184.336 0.0000e+00
   1623.000    13.1507    13.1498   4.548084   4.547719     2.3439    -0.0129    88.2116  1.0000000  1.7289381  13.138781       0.04    12.9071    38.4796    29.1108    12.9063    38.4769    29.1090    4.24626    184.246 0.0000e+00
   1624.000    13.1509    13.1500   4.548157   4.547784     2.3434    -0.0121    88.2160  1.0000000  1.7288801  13.138781       0.04    12.9071    38.4797    29.1109    12.9063    38.4770    29.1090    4.24618    184.243 0.0000e+00
   1625.000    13.1510    13.1502   4.548214   4.547844     2.3432    -0.0116    88.2076  1.0000000  1.7289376  13.138781       0.04    12.9071    38.4797    29.1109    12.9063    38.4770    29.1090    4.24780    184.313 0.0000e+00
   1626.000    13.1511    13.1503   4.548262   4.547903     2.3431    -0.0129    88.2172  1.0000000  1.7289377  13.138781       0.05    12.9071    38.4796    29.1109    12.9063    38.4770    29.1090    4.24716    184.285 0.0000e+00
   1627.000    13.1513    13.1505   4.548333   4.547965     2.3430    -0.0131    88.2172  1.0000000  1.7289377  13.138781       0.05    12.9071    38.4797    29.1110    12.9063    38.4770    29.1090    4.24871    184.352 0.0000e+00
   1628.000    13.1515    13.1506   4.548398   4.548034     2.3433    -0.0128    88.2162  1.0000000  1.7288851  13.139490       0.05    12.9071    38.4797    29.1110    12.9063    38.4771    29.1091    4.25254    184.519 0.0000e+00
   1629.000    13.1516    13.1508   4.548453   4.548098     2.3433    -0.0124    88.2142  1.0000000  1.7289366  13.140896       0.04    12.9070    38.4797    29.1110    12.9063    38.4771    29.1092    4.24721    184.287 0.0000e+00
   1630.000    13.1517    13.1510   4.548511   4.548142     2.3427    -0.0119    88.2152  1.0000000  1.7289377  13.138797       0.04    12.9070    38.4797    29.1110    12.9063    38.4770    29.1090    4.24600    184.235 0.0000e+00
   1631.000    13.1519    13.1511   4.548566   4.548199     2.3421    -0.0111    88.2131  1.0000000  1.7288840  13.140226       0.04    12.9070    38.4797    29.1110    12.9063    38.4770    29.1090    4.24619    184.243 0.0000e+00
   1632.000    13.1520    13.1513   4.548640   4.548273     2.3419    -0.0123    88.2127  1.0000000  1.7288217  13.139567       0.04    12.9070    38.4799    29.1111    12.9063    38.4771    29.1091    4.24680    184.270 0.0000e+00
   1633.000    13.1522    13.1514   4.548688   4.548320     2.3416    -0.0123    88.2137  1.0000000  1.7288157  13.138800       0.05    12.9070    38.4797    29.1110    12.9062    38.4770    29.1091    4.24737    184.294 0.0000e+00
   1634.000    13.1522    13.1514   4.548737   4.548367     2.3416    -0.0117    88.2171  1.0000000  1.7288804  13.140964       0.04    12.9069    38.4798    29.1110    12.9061    38.4770    29.1091    4.24840    184.339 0.0000e+00
   1635.000    13.1523    13.1516   4.548779   4.548419     2.3416    -0.0117    88.2163  1.0000000  1.7289368  13.141307       0.04    12.9068    38.4797    29.1110    12.9061    38.4770    29.1090    4.24898    184.364 0.0000e+00
   1636.000    13.1524    13.1516   4.548838   4.548465     2.3415    -0.0116    88.2153  1.0000000  1.7288886  13.141413       0.04    12.9068    38.4797    29.1110    12.9060    38.4769    29.1090    4.24989    184.404 0.0000e+00
   1637.000    13.1525    13.1517   4.548899   4.548531     2.3416    -0.0108    88.2151  1.0000000  1.7289928  13.140280       0.05    12.9067    38.4798    29.1111    12.9060    38.4770    29.1091    4.25079    184.443 0.0000e+00
   1638.000    13.1527    13.1519   4.548962   4.548598     2.3416    -0.0118    88.2114  1.0000000  1.7289385  13.138801       0.04    12.9067    38.4798    29.1111    12.9060    38.4771    29.1092    4.25035    184.423 0.0000e+00
   1639.000    13.1528    13.1521   4.549013   4.548644     2.3413    -0.0131    88.2094  1.0000000  1.7289377  13.141097       0.04    12.9067    38.4797    29.1111    12.9060    38.4770    29.1091    4.24785    184.315 0.0000e+00
   1640.000    13.1529    13.1521   4.549051   4.548698     2.3409    -0.0119    88.2121  1.0000000  1.7288850  13.140928       0.04    12.9066    38.4796    29.1110    12.9059    38.4770    29.1091    4.24862    184.349 0.0000e+00
   1641.000    13.1531    13.1522   4.549113   4.548754     2.3409    -0.0119    88.2116  1.0000000  1.7289384  13.142086       0.04    12.9066    38.4796    29.1110    12.9058    38.4770    29.1091    4.25154    184.475 0.0000e+00
   1642.000    13.1532    13.1524   4.549179   4.548808     2.3411    -0.0135    88.2084  1.0000000  1.7288862  13.140126       0.05    12.9066    38.4797    29.1111    12.9058    38.4770    29.1091    4.25204    184.497 0.0000e+00
   1643.000    13.1533    13.1526   4.549243   4.548881     2.3409    -0.0135    88.2119  1.0000000  1.7289380  13.141782       0.04    12.9066    38.4798    29.1111    12.9058    38.4771    29.1092    4.24874    184.354 0.0000e+00
   1644.000    13.1536    13.1527   4.549305   4.548935     2.3402    -0.0131    88.2161  1.0000000  1.7290614  13.141241       0.05    12.9067    38.4797    29.1110    12.9059    38.4770    29.1091    4.24560    184.217 0.0000e+00
   1645.000    13.1537    13.1529   4.549356   4.549005     2.3396    -0.0127    88.2138  1.0000000  1.7288195  13.141919       0.04    12.9066    38.4797    29.1110    12.9058    38.4771    29.1092    4.24549    184.213 0.0000e+00
   1646.000    13.1538    13.1530   4.549418   4.549053     2.3393    -0.0123    88.2079  1.0000000  1.7289367  13.141417       0.04    12.9066    38.4797    29.1111    12.9058    38.4771    29.1092    4.24840    184.339 0.0000e+00
   1647.000    13.1539    13.1531   4.549467   4.549094     2.3392    -0.0111    88.2082  1.0000000  1.7289377  13.141311       0.04    12.9065    38.4797    29.1111    12.9057    38.4769    29.1091    4.24933    184.379 0.0000e+00
   1648.000    13.1540    13.1533   4.549531   4.549167     2.3392    -0.0121    88.2142  1.0000000  1.7289377  13.141642       0.04    12.9064    38.4798    29.1112    12.9057    38.4771    29.1092    4.24992    184.405 0.0000e+00
   1649.000    13.1542    13.1534   4.549592   4.549225 -9.990e-29    -0.0126    88.2139  1.0000000  1.7289377  13.142679       0.05    12.9065    38.4797    29.1111    12.9057    38.4770    29.1092 -9.990e-29 -9.990e-29 0.0000e+00
   1650.000    13.1544    13.1536   4.549663   4.549288 -9.990e-29    -0.0108    88.2114  1.0000000  1.7289973  13.139678       0.05    12.9066    38.4798    29.1112    12.9058    38.4771    29.1092 -9.990e-29 -9.990e-29 0.0000e+00
   1651.000    13.1547    13.1538   4.549718   4.549344 -9.990e-29    -0.0113    88.2102  1.0000000  1.7292381  13.145246       0.05    12.9066    38.4797    29.1110    12.9058    38.4770    29.1091 -9.990e-29 -9.990e-29 0.0000e+00
   1652.000    13.1548    13.1539   4.549775   4.549413 -9.990e-29    -0.0115    88.2101  1.0000000  1.7289449  13.142427       0.05    12.9066    38.4797    29.1111    12.9058    38.4771    29.1092 -9.990e-29 -9.990e-29 0.0000e+00
   1653.000    13.1550    13.1541   4.549823   4.549464 -9.990e-29    -0.0125    88.2115  1.0000000  1.7289788  13.141080       0.05    12.9066    38.4796    29.1110    12.9058    38.4770    29.1091 -9.990e-29 -9.990e-29 0.0000e+00
   1654.000    13.1550    13.1543   4.549889   4.549527 -9.990e-29    -0.0122    88.2148  1.0000000  1.7288444  13.142980       0.04    12.9065    38.4798    29.1111    12.9058    38.4770    29.1091 -9.990e-29 -9.990e-29 0.0000e+00
   1655.000    13.1552    13.1545   4.549970   4.549605 -9.990e-29    -0.0119    88.2124  1.0000000  1.7290037  13.142893       0.04    12.9066    38.4799    29.1112    12.9058    38.4771    29.1092 -9.990e-29 -9.990e-29 0.0000e+00
