Data/raw_excel/lovbio067c/CTD/moose2014_ge_leg2_011.cnv
* Sea-Bird SBE 9 Data File:
* FileName = C:\CTD\Work\raw\moose2014_ge_leg2_011.hdr
* Software Version Seasave V 7.21d
* Temperature SN = 1378
* Conductivity SN = 2929
* Number of Bytes Per Scan = 41
* Number of Voltage Words = 4
* Number of Scans Averaged by the Deck Unit = 1
* NMEA Latitude = 40 23.98 N
* NMEA Longitude = 006 11.96 E
* NMEA UTC (Time) = Jul 15 2014 13:34:48
* NMEA baud rate = 4800
** Ship:
** Station:
** Operator:
# nquan = 21
# nvalues = 5661                        
# units = specified
# name 0 = prDM: Pressure, Digiquartz [db]
# name 1 = t090C: Temperature [ITS-90, deg C]
# name 2 = t190C: Temperature, 2 [ITS-90, deg C]
# name 3 = c0S/m: Conductivity [S/m]
# name 4 = c1S/m: Conductivity, 2 [S/m]
# name 5 = sbeox0V: Oxygen raw, SBE 43 [V]
# name 6 = flC: Fluorescence, Chelsea Aqua 3 Chl Con [ug/l]
# name 7 = CStarTr0: Beam Transmission, WET Labs C-Star [%]
# name 8 = upoly0: Upoly 0, UVP5
# name 9 = upoly1: Upoly 1, RINKOIII_DO
# name 10 = upoly2: Upoly 2, RINKOIII_Temp
# name 11 = altM: Altimeter [m]
# name 12 = potemp090C: Potential Temperature [ITS-90, deg C]
# name 13 = sal00: Salinity, Practical [PSU]
# name 14 = sigma-é00: Density [sigma-theta, Kg/m^3]
# name 15 = potemp190C: Potential Temperature, 2 [ITS-90, deg C]
# name 16 = sal11: Salinity, Practical, 2 [PSU]
# name 17 = sigma-é11: Density, 2 [sigma-theta, Kg/m^3]
# name 18 = sbeox0ML/L: Oxygen, SBE 43 [ml/l], WS = 2
# name 19 = sbeox0Mm/Kg: Oxygen, SBE 43 [umol/Kg], WS = 2
# name 20 = flag: flag
# span 0 =      1.000,   2831.000       
# span 1 =    13.0951,    21.6829       
# span 2 =    13.0942,    21.6920       
# span 3 =   4.488621,   5.361181       
# span 4 =   4.488147,   5.362059       
# span 5 =     2.1358,     3.7248       
# span 6 =    -0.0159,     0.2068       
# span 7 =    86.7170,    88.2183       
# span 8 =  1.0000000,  1.0000000       
# span 9 =  1.3652123,  1.7942615       
# span 10 =  13.089400,  21.666687      
# span 11 =       0.02,      49.50      
# span 12 =    12.8982,    21.6821      
# span 13 =    37.8075,    38.5916      
# span 14 =    26.7185,    29.1193      
# span 15 =    12.8970,    21.6912      
# span 16 =    37.8080,    38.5883      
# span 17 =    26.7151,    29.1178      
# span 18 =    3.78313,    5.89407      
# span 19 =    164.139,    255.837      
# span 20 = 0.0000e+00, 0.0000e+00      
# interval = decibars: 1                
# start_time = Jul 15 2014 13:34:49 [NMEA time, first data scan]
# bad_flag = -9.990e-29
*END*
[from data line 3587]
   2074.000    13.2160    13.2146   4.574186   4.573833     2.2645    -0.0131    88.1938  1.0000000  1.7399265  13.204561       0.05    12.8995    38.4807    29.1133    12.8982    38.4787    29.1120    4.27865    185.648 0.0000e+00
   2073.000    13.2158    13.2144   4.574137   4.573773     2.2647    -0.0129    88.1938  1.0000000  1.7399267  13.205412       0.05    12.8995    38.4808    29.1134    12.8982    38.4787    29.1121    4.27904    185.665 0.0000e+00
   2072.000    13.2155    13.2142   4.574075   4.573711     2.2646    -0.0124    88.1880  1.0000000  1.7399267  13.204576       0.04    12.8994    38.4808    29.1134    12.8981    38.4787    29.1120    4.27994    185.704 0.0000e+00
   2071.000    13.2154    13.2141   4.574041   4.573674     2.2652    -0.0130    88.1918  1.0000000  1.7398738  13.204561       0.04    12.8995    38.4810    29.1135    12.8982    38.4788    29.1121    4.28066    185.735 0.0000e+00
   2070.000    13.2153    13.2141   4.573983   4.573620     2.2651    -0.0139    88.1886  1.0000000  1.7399269  13.205172       0.04    12.8995    38.4810    29.1135    12.8983    38.4788    29.1121    4.27985    185.700 0.0000e+00
   2069.000    13.2152    13.2141   4.573932   4.573581     2.2655    -0.0124    88.1919  1.0000000  1.7398758  13.204560       0.05    12.8996    38.4810    29.1135    12.8985    38.4788    29.1120    4.28118    185.757 0.0000e+00
   2068.000    13.2151    13.2139   4.573885   4.573515     2.2657    -0.0114    88.1867  1.0000000  1.7399273  13.204561       0.04    12.8997    38.4810    29.1135    12.8985    38.4787    29.1120    4.27956    185.687 0.0000e+00
   2067.000    13.2151    13.2138   4.573826   4.573475     2.2657    -0.0123    88.1915  1.0000000  1.7398039  13.204561       0.04    12.8998    38.4809    29.1134    12.8986    38.4788    29.1120    4.28010    185.711 0.0000e+00
   2066.000    13.2150    13.2136   4.573784   4.573410     2.2661    -0.0128    88.1903  1.0000000  1.7398046  13.204561       0.05    12.8999    38.4810    29.1135    12.8985    38.4788    29.1120    4.28304    185.838 0.0000e+00
   2065.000    13.2148    13.2134   4.573716   4.573357     2.2667    -0.0135    88.1804  1.0000000  1.7399272  13.204561       0.05    12.8998    38.4810    29.1135    12.8985    38.4789    29.1121    4.28417    185.887 0.0000e+00
   2064.000    13.2146    13.2133   4.573650   4.573296     2.2667    -0.0136    88.1821  1.0000000  1.7399267  13.204561       0.05    12.8998    38.4809    29.1134    12.8985    38.4788    29.1121    4.28338    185.853 0.0000e+00
   2063.000    13.2144    13.2132   4.573592   4.573236 -9.990e-29    -0.0121    88.1853  1.0000000  1.7398788  13.204561       0.04    12.8997    38.4810    29.1135    12.8986    38.4788    29.1120 -9.990e-29 -9.990e-29 0.0000e+00
   2062.000    13.2142    13.2130   4.573538   4.573176 -9.990e-29    -0.0114    88.1909  1.0000000  1.7399268  13.204561       0.05    12.8997    38.4811    29.1135    12.8985    38.4788    29.1120 -9.990e-29 -9.990e-29 0.0000e+00
   2061.000    13.2142    13.2128   4.573478   4.573114 -9.990e-29    -0.0125    88.1907  1.0000000  1.7398733  13.204561       0.05    12.8999    38.4809    29.1134    12.8985    38.4788    29.1120 -9.990e-29 -9.990e-29 0.0000e+00
   2060.000    13.2141    13.2127   4.573432   4.573065     2.2670    -0.0128    88.1938  1.0000000  1.7398046  13.204561       0.05    12.8999    38.4810    29.1134    12.8985    38.4789    29.1121    4.28180    185.785 0.0000e+00
   2059.000    13.2140    13.2125   4.573372   4.573001     2.2674    -0.0129    88.1927  1.0000000  1.7397526  13.204561       0.05    12.9000    38.4809    29.1134    12.8986    38.4788    29.1120    4.28396    185.878 0.0000e+00
   2058.000    13.2138    13.2124   4.573306   4.572944     2.2681    -0.0130    88.1938  1.0000000  1.7398649  13.204561       0.05    12.9000    38.4808    29.1133    12.8986    38.4788    29.1120    4.28267    185.822 0.0000e+00
   2057.000    13.2136    13.2122   4.573246   4.572892     2.2680    -0.0126    88.1877  1.0000000  1.7398736  13.204561       0.04    12.8999    38.4808    29.1133    12.8986    38.4789    29.1121    4.28021    185.715 0.0000e+00
   2056.000    13.2134    13.2121   4.573200   4.572830     2.2681    -0.0132    88.1928  1.0000000  1.7399269  13.204561       0.05    12.8999    38.4810    29.1135    12.8987    38.4787    29.1120    4.27900    185.663 0.0000e+00
   2055.000    13.2133    13.2120   4.573145   4.572773     2.2682    -0.0133    88.1928  1.0000000  1.7398731  13.204561       0.05    12.8999    38.4810    29.1135    12.8987    38.4788    29.1120    4.27939    185.680 0.0000e+00
   2054.000    13.2133    13.2119   4.573087   4.572719     2.2681    -0.0124    88.1927  1.0000000  1.7398686  13.204561       0.04    12.9001    38.4808    29.1133    12.8988    38.4787    29.1119    4.27841    185.637 0.0000e+00
   2053.000    13.2130    13.2118   4.573024   4.572667     2.2683    -0.0122    88.1905  1.0000000  1.7396943  13.204561       0.04    12.9000    38.4809    29.1134    12.8988    38.4788    29.1120    4.28036    185.722 0.0000e+00
   2052.000    13.2127    13.2113   4.572934   4.572574     2.2689    -0.0121    88.1877  1.0000000  1.7397677  13.204561       0.05    12.8998    38.4808    29.1133    12.8985    38.4787    29.1120    4.28404    185.882 0.0000e+00
   2051.000    13.2123    13.2110   4.572852   4.572494     2.2692    -0.0117    88.1928  1.0000000  1.7398211  13.204561       0.04    12.8997    38.4808    29.1133    12.8984    38.4787    29.1120    4.28204    185.795 0.0000e+00
   2050.000    13.2120    13.2108   4.572776   4.572420 -9.990e-29    -0.0125    88.1927  1.0000000  1.7395933  13.204561       0.04    12.8995    38.4807    29.1133    12.8983    38.4786    29.1120 -9.990e-29 -9.990e-29 0.0000e+00
   2049.000    13.2117    13.2105   4.572679   4.572345 -9.990e-29    -0.0126    88.1927  1.0000000  1.7398069  13.204561       0.05    12.8993    38.4805    29.1132    12.8982    38.4785    29.1119 -9.990e-29 -9.990e-29 0.0000e+00
   2048.000    13.2112    13.2099   4.572579   4.572228 -9.990e-29    -0.0124    88.1927  1.0000000  1.7399240  13.204561       0.05    12.8991    38.4805    29.1132    12.8978    38.4784    29.1119 -9.990e-29 -9.990e-29 0.0000e+00
   2047.000    13.2110    13.2096   4.572497   4.572142 -9.990e-29    -0.0116    88.1938  1.0000000  1.7397633  13.204561       0.05    12.8990    38.4803    29.1131    12.8976    38.4783    29.1119 -9.990e-29 -9.990e-29 0.0000e+00
   2046.000    13.2106    13.2094   4.572430   4.572082     2.2695    -0.0112    88.1909  1.0000000  1.7397741  13.204561       0.05    12.8988    38.4804    29.1132    12.8976    38.4784    29.1119    4.27784    185.613 0.0000e+00
   2045.000    13.2105    13.2092   4.572384   4.572026     2.2697    -0.0109    88.1929  1.0000000  1.7395823  13.204561       0.04    12.8989    38.4805    29.1133    12.8976    38.4784    29.1119    4.28220    185.802 0.0000e+00
   2044.000    13.2105    13.2093   4.572347   4.571979     2.2705    -0.0136    88.1882  1.0000000  1.7398135  13.204561       0.04    12.8990    38.4805    29.1133    12.8978    38.4783    29.1118    4.28300    185.837 0.0000e+00
   2043.000    13.2105    13.2093   4.572299   4.571943     2.2707    -0.0133    88.1939  1.0000000  1.7399291  13.204561       0.05    12.8991    38.4805    29.1133    12.8980    38.4783    29.1118    4.27876    185.653 0.0000e+00
   2042.000    13.2102    13.2090   4.572218   4.571877     2.2704    -0.0120    88.1916  1.0000000  1.7399267  13.204561       0.05    12.8991    38.4804    29.1132    12.8978    38.4784    29.1119    4.27622    185.542 0.0000e+00
   2041.000    13.2101    13.2088   4.572158   4.571798 -9.990e-29    -0.0113    88.1927  1.0000000  1.7399267  13.204561       0.05    12.8990    38.4804    29.1132    12.8978    38.4783    29.1118 -9.990e-29 -9.990e-29 0.0000e+00
   2040.000    13.2098    13.2085   4.572092   4.571728 -9.990e-29    -0.0118    88.1938  1.0000000  1.7397225  13.204561       0.05    12.8989    38.4805    29.1132    12.8977    38.4783    29.1118 -9.990e-29 -9.990e-29 0.0000e+00
   2039.000    13.2096    13.2083   4.572030   4.571666 -9.990e-29    -0.0133    88.1916  1.0000000  1.7399272  13.204561       0.05    12.8989    38.4804    29.1132    12.8977    38.4783    29.1118 -9.990e-29 -9.990e-29 0.0000e+00
   2038.000    13.2096    13.2082   4.571978   4.571615 -9.990e-29    -0.0132    88.1874  1.0000000  1.7399267  13.204561       0.05    12.8990    38.4804    29.1132    12.8977    38.4783    29.1118 -9.990e-29 -9.990e-29 0.0000e+00
   2037.000    13.2094    13.2081   4.571911   4.571554     2.2711    -0.0129    88.1885  1.0000000  1.7399267  13.204561       0.04    12.8990    38.4803    29.1131    12.8978    38.4782    29.1117    4.27521    185.499 0.0000e+00
   2036.000    13.2091    13.2079   4.571856   4.571484     2.2711    -0.0123    88.1901  1.0000000  1.7398289  13.204561       0.05    12.8989    38.4804    29.1132    12.8977    38.4782    29.1117    4.27768    185.606 0.0000e+00
   2035.000    13.2090    13.2077   4.571789   4.571424     2.2714    -0.0122    88.1907  1.0000000  1.7398734  13.204561       0.04    12.8990    38.4803    29.1131    12.8977    38.4782    29.1118    4.28019    185.715 0.0000e+00
   2034.000    13.2088    13.2076   4.571728   4.571374     2.2717    -0.0127    88.1938  1.0000000  1.7399264  13.204561       0.05    12.8990    38.4803    29.1131    12.8977    38.4782    29.1117    4.27818    185.628 0.0000e+00
   2033.000    13.2088    13.2075   4.571678   4.571318     2.2717    -0.0110    88.1926  1.0000000  1.7397967  13.203686       0.04    12.8991    38.4803    29.1131    12.8978    38.4782    29.1117    4.27746    185.597 0.0000e+00
   2032.000    13.2087    13.2073   4.571626   4.571264     2.2719    -0.0106    88.1926  1.0000000  1.7398648  13.204550       0.05    12.8992    38.4802    29.1130    12.8978    38.4782    29.1117    4.27919    185.672 0.0000e+00
   2031.000    13.2084    13.2071   4.571567   4.571204     2.2725    -0.0106    88.1919  1.0000000  1.7398252  13.204561       0.04    12.8990    38.4804    29.1132    12.8977    38.4783    29.1118    4.28252    185.816 0.0000e+00
   2030.000    13.2081    13.2069   4.571511   4.571149     2.2730    -0.0110    88.1919  1.0000000  1.7398291  13.204561       0.05    12.8989    38.4805    29.1133    12.8977    38.4783    29.1119    4.28128    185.762 0.0000e+00
   2029.000    13.2081    13.2068   4.571456   4.571093     2.2733    -0.0116    88.1928  1.0000000  1.7398249  13.204561       0.05    12.8990    38.4805    29.1133    12.8978    38.4783    29.1118    4.27956    185.688 0.0000e+00
   2028.000    13.2080    13.2067   4.571401   4.571047     2.2733    -0.0122    88.1916  1.0000000  1.7399270  13.204561       0.04    12.8991    38.4805    29.1132    12.8979    38.4784    29.1118    4.28123    185.760 0.0000e+00
   2027.000    13.2080    13.2066   4.571352   4.570983     2.2740    -0.0117    88.1926  1.0000000  1.7399267  13.202112       0.05    12.8993    38.4803    29.1131    12.8979    38.4782    29.1117    4.28405    185.882 0.0000e+00
   2026.000    13.2079    13.2064   4.571307   4.570934     2.2743    -0.0110    88.1926  1.0000000  1.7396706  13.204552       0.05    12.8993    38.4804    29.1131    12.8979    38.4784    29.1119    4.28193    185.791 0.0000e+00
   2025.000    13.2077    13.2063   4.571259   4.570885     2.2745    -0.0115    88.1927  1.0000000  1.7395382  13.204561       0.04    12.8993    38.4806    29.1133    12.8980    38.4784    29.1118    4.28093    185.747 0.0000e+00
   2024.000    13.2077    13.2063   4.571232   4.570843     2.2747    -0.0131    88.1845  1.0000000  1.7396815  13.203255       0.04    12.8995    38.4807    29.1133    12.8981    38.4784    29.1118    4.28325    185.848 0.0000e+00
   2023.000    13.2077    13.2064   4.571187   4.570810     2.2752    -0.0134    88.1920  1.0000000  1.7397238  13.203885       0.05    12.8996    38.4807    29.1133    12.8983    38.4784    29.1118    4.28100    185.750 0.0000e+00
   2022.000    13.2076    13.2063   4.571129   4.570761     2.2750    -0.0128    88.1893  1.0000000  1.7399311  13.202976       0.04    12.8997    38.4807    29.1132    12.8984    38.4784    29.1118    4.28115    185.757 0.0000e+00
   2021.000    13.2075    13.2062   4.571093   4.570713     2.2756    -0.0143    88.1939  1.0000000  1.7398649  13.203748       0.04    12.8998    38.4808    29.1133    12.8984    38.4785    29.1118    4.28435    185.896 0.0000e+00
   2020.000    13.2078    13.2064   4.571085   4.570703     2.2759    -0.0137    88.1916  1.0000000  1.7394008  13.202991       0.04    12.9002    38.4808    29.1132    12.8988    38.4786    29.1118    4.28308    185.841 0.0000e+00
   2019.000    13.2077    13.2063   4.571036   4.570653     2.2760    -0.0132    88.1938  1.0000000  1.7394488  13.203131       0.05    12.9003    38.4808    29.1133    12.8989    38.4786    29.1118    4.28273    185.825 0.0000e+00
   2018.000    13.2076    13.2062   4.570983   4.570621     2.2764    -0.0137    88.1928  1.0000000  1.7391811  13.204574       0.04    12.9004    38.4808    29.1132    12.8990    38.4788    29.1119    4.28325    185.848 0.0000e+00
   2017.000    13.2073    13.2061   4.570924   4.570555     2.2767    -0.0139    88.1928  1.0000000  1.7393675  13.204561       0.05    12.9002    38.4809    29.1133    12.8990    38.4787    29.1118    4.28315    185.844 0.0000e+00
   2016.000    13.2072    13.2060   4.570856   4.570494     2.2767    -0.0138    88.1917  1.0000000  1.7393717  13.204561       0.05    12.9003    38.4808    29.1132    12.8991    38.4786    29.1117    4.28044    185.726 0.0000e+00
   2015.000    13.2071    13.2057   4.570787   4.570423     2.2768    -0.0118    88.1895  1.0000000  1.7394277  13.203807       0.04    12.9003    38.4807    29.1131    12.8990    38.4786    29.1118    4.28194    185.791 0.0000e+00
   2014.000    13.2070    13.2055   4.570735   4.570351     2.2770    -0.0122    88.1938  1.0000000  1.7396058  13.200225       0.05    12.9003    38.4807    29.1131    12.8990    38.4785    29.1117    4.28213    185.799 0.0000e+00
   2013.000    13.2070    13.2055   4.570699   4.570300     2.2771    -0.0131    88.1938  1.0000000  1.7390832  13.201992       0.05    12.9005    38.4808    29.1132    12.8990    38.4785    29.1117    4.28511    185.928 0.0000e+00
   2012.000    13.2068    13.2053   4.570644   4.570262     2.2780    -0.0124    88.1938  1.0000000  1.7395186  13.202211       0.05    12.9006    38.4808    29.1132    12.8991    38.4786    29.1118    4.28593    185.964 0.0000e+00
   2011.000    13.2066    13.2053   4.570607   4.570226     2.2781    -0.0119    88.1867  1.0000000  1.7389496  13.200789       0.05    12.9005    38.4810    29.1133    12.8992    38.4787    29.1118    4.28284    185.830 0.0000e+00
   2010.000    13.2065    13.2054   4.570549   4.570186     2.2783    -0.0117    88.1915  1.0000000  1.7392396  13.202952       0.05    12.9006    38.4810    29.1133    12.8994    38.4787    29.1118    4.28575    185.956 0.0000e+00
   2009.000    13.2067    13.2054   4.570521   4.570158     2.2793    -0.0113    88.1882  1.0000000  1.7388141  13.202199       0.05    12.9009    38.4809    29.1132    12.8996    38.4788    29.1118    4.28869    186.084 0.0000e+00
   2008.000    13.2066    13.2053   4.570471   4.570088     2.2795    -0.0111    88.1938  1.0000000  1.7388415  13.203658       0.04    12.9009    38.4810    29.1132    12.8997    38.4786    29.1116    4.28449    185.902 0.0000e+00
   2007.000    13.2070    13.2054   4.570473   4.570073     2.2794    -0.0108    88.1938  1.0000000  1.7387062  13.197812       0.05    12.9015    38.4810    29.1131    12.8999    38.4788    29.1117    4.28423    185.891 0.0000e+00
