Data/raw_excel/lovbio067c/CTD/moose2014_ge_leg2_011.cnv
* Sea-Bird SBE 9 Data File:
* FileName = C:\CTD\Work\raw\moose2014_ge_leg2_011.hdr
* Software Version Seasave V 7.21d
* Temperature SN = 1378
* Conductivity SN = 2929
* Number of Bytes Per Scan = 41
* Number of Voltage Words = 4
* Number of Scans Averaged by the Deck Unit = 1
* NMEA Latitude = 40 23.98 N
* NMEA Longitude = 006 11.96 E
* NMEA UTC (Time) = Jul 15 2014 13:34:48
* NMEA baud rate = 4800
** Ship:
** Station:
** Operator:
# nquan = 21
# nvalues = 5661                        
# units = specified
# name 0 = prDM: Pressure, Digiquartz [db]
# name 1 = t090C: Temperature [ITS-90, deg C]
# name 2 = t190C: Temperature, 2 [ITS-90, deg C]
# name 3 = c0S/m: Conductivity [S/m]
# name 4 = c1S/m: Conductivity, 2 [S/m]
# name 5 = sbeox0V: Oxygen raw, SBE 43 [V]
# name 6 = flC: Fluorescence, Chelsea Aqua 3 Chl Con [ug/l]
# name 7 = CStarTr0: Beam Transmission, WET Labs C-Star [%]
# name 8 = upoly0: Upoly 0, UVP5
# name 9 = upoly1: Upoly 1, RINKOIII_DO
# name 10 = upoly2: Upoly 2, RINKOIII_Temp
# name 11 = altM: Altimeter [m]
# name 12 = potemp090C: Potential Temperature [ITS-90, deg C]
# name 13 = sal00: Salinity, Practical [PSU]
# name 14 = sigma-é00: Density [sigma-theta, Kg/m^3]
# name 15 = potemp190C: Potential Temperature, 2 [ITS-90, deg C]
# name 16 = sal11: Salinity, Practical, 2 [PSU]
# name 17 = sigma-é11: Density, 2 [sigma-theta, Kg/m^3]
# name 18 = sbeox0ML/L: Oxygen, SBE 43 [ml/l], WS = 2
# name 19 = sbeox0Mm/Kg: Oxygen, SBE 43 [umol/Kg], WS = 2
# name 20 = flag: flag
# span 0 =      1.000,   2831.000       
# span 1 =    13.0951,    21.6829       
# span 2 =    13.0942,    21.6920       
# span 3 =   4.488621,   5.361181       
# span 4 =   4.488147,   5.362059       
# span 5 =     2.1358,     3.7248       
# span 6 =    -0.0159,     0.2068       
# span 7 =    86.7170,    88.2183       
# span 8 =  1.0000000,  1.0000000       
# span 9 =  1.3652123,  1.7942615       
# span 10 =  13.089400,  21.666687      
# span 11 =       0.02,      49.50      
# span 12 =    12.8982,    21.6821      
# span 13 =    37.8075,    38.5916      
# span 14 =    26.7185,    29.1193      
# span 15 =    12.8970,    21.6912      
# span 16 =    37.8080,    38.5883      
# span 17 =    26.7151,    29.1178      
# span 18 =    3.78313,    5.89407      
# span 19 =    164.139,    255.837      
# span 20 = 0.0000e+00, 0.0000e+00      
# interval = decibars: 1                
# start_time = Jul 15 2014 13:34:49 [NMEA time, first data scan]
# bad_flag = -9.990e-29
*END*
[from data line 2069]
   2070.000    13.2144    13.2132   4.573877   4.573507     2.2568    -0.0120    88.1999  1.0000000  1.7350427  13.204548       0.05    12.8986    38.4809    29.1136    12.8974    38.4786    29.1121    4.25529    184.634 0.0000e+00
   2071.000    13.2144    13.2132   4.573898   4.573549     2.2569    -0.0108    88.1948  1.0000000  1.7350427  13.204561       0.04    12.8985    38.4807    29.1135    12.8973    38.4786    29.1121    4.25752    184.731 0.0000e+00
   2072.000    13.2145    13.2132   4.573942   4.573583     2.2569    -0.0107    88.1980  1.0000000  1.7351530  13.204561       0.05    12.8984    38.4806    29.1135    12.8971    38.4785    29.1121    4.25695    184.706 0.0000e+00
   2073.000    13.2148    13.2135   4.574033   4.573678     2.2565    -0.0110    88.1967  1.0000000  1.7351950  13.204561       0.05    12.8985    38.4808    29.1136    12.8973    38.4787    29.1122    4.25281    184.527 0.0000e+00
   2074.000    13.2149    13.2138   4.574110   4.573741     2.2560    -0.0123    88.1970  1.0000000  1.7350419  13.204561       0.04    12.8985    38.4810    29.1138    12.8974    38.4787    29.1122    4.25512    184.627 0.0000e+00
   2075.000    13.2152    13.2140   4.574180   4.573808     2.2561    -0.0122    88.1949  1.0000000  1.7351595  13.205347       0.04    12.8986    38.4810    29.1137    12.8974    38.4787    29.1122    4.25760    184.735 0.0000e+00
   2076.000    13.2154    13.2142   4.574237   4.573880     2.2562    -0.0128    88.1960  1.0000000  1.7351011  13.204564       0.05    12.8987    38.4809    29.1136    12.8975    38.4788    29.1122    4.25843    184.770 0.0000e+00
   2077.000    13.2156    13.2143   4.574291   4.573937     2.2562    -0.0123    88.2003  1.0000000  1.7350916  13.204561       0.04    12.8987    38.4808    29.1136    12.8974    38.4787    29.1122    4.25787    184.746 0.0000e+00
   2078.000    13.2157    13.2146   4.574352   4.573995     2.2560    -0.0106    88.1971  1.0000000  1.7350863  13.205151       0.04    12.8986    38.4809    29.1136    12.8975    38.4787    29.1121    4.25669    184.695 0.0000e+00
   2079.000    13.2160    13.2148   4.574427   4.574069     2.2557    -0.0107    88.2032  1.0000000  1.7351902  13.205219       0.05    12.8987    38.4809    29.1136    12.8976    38.4788    29.1122    4.25638    184.682 0.0000e+00
   2080.000    13.2168    13.2158   4.574595   4.574255     2.2555    -0.0115    88.1938  1.0000000  1.7352258  13.205383       0.04    12.8994    38.4813    29.1138    12.8984    38.4791    29.1123    4.25552    184.644 0.0000e+00
   2081.000    13.2175    13.2162   4.574717   4.574345     2.2552    -0.0115    88.1950  1.0000000  1.7352355  13.204562       0.04    12.8999    38.4814    29.1138    12.8987    38.4791    29.1123    4.25793    184.749 0.0000e+00
   2082.000    13.2175    13.2161   4.574732   4.574372     2.2554    -0.0117    88.1938  1.0000000  1.7350429  13.205425       0.04    12.8997    38.4812    29.1136    12.8984    38.4791    29.1123    4.25906    184.798 0.0000e+00
   2083.000    13.2172    13.2158   4.574715   4.574361     2.2553    -0.0112    88.1948  1.0000000  1.7350930  13.206603       0.04    12.8992    38.4810    29.1136    12.8980    38.4789    29.1122    4.25610    184.669 0.0000e+00
   2084.000    13.2170    13.2159   4.574747   4.574392 -9.990e-29    -0.0105    88.1938  1.0000000  1.7351266  13.207388       0.05    12.8990    38.4810    29.1136    12.8978    38.4788    29.1122 -9.990e-29 -9.990e-29 0.0000e+00
   2085.000    13.2171    13.2159   4.574807   4.574445 -9.990e-29    -0.0125    88.2000  1.0000000  1.7350410  13.207610       0.05    12.8989    38.4811    29.1137    12.8977    38.4788    29.1122 -9.990e-29 -9.990e-29 0.0000e+00
   2086.000    13.2173    13.2161   4.574871   4.574515 -9.990e-29    -0.0115    88.1989  1.0000000  1.7352037  13.205251       0.04    12.8989    38.4811    29.1137    12.8977    38.4789    29.1123 -9.990e-29 -9.990e-29 0.0000e+00
   2087.000    13.2175    13.2162   4.574929   4.574564     2.2539    -0.0109    88.1962  1.0000000  1.7350436  13.207836       0.04    12.8989    38.4811    29.1137    12.8977    38.4789    29.1123    4.26268    184.954 0.0000e+00
   2088.000    13.2177    13.2164   4.574982   4.574618     2.2541    -0.0107    88.1964  1.0000000  1.7351784  13.208215       0.05    12.8989    38.4810    29.1137    12.8977    38.4788    29.1122    4.25985    184.832 0.0000e+00
   2089.000    13.2177    13.2165   4.575038   4.574670     2.2541    -0.0116    88.1950  1.0000000  1.7354094  13.205378       0.04    12.8988    38.4811    29.1138    12.8976    38.4788    29.1122    4.25730    184.721 0.0000e+00
   2090.000    13.2178    13.2166   4.575081   4.574713     2.2538    -0.0121    88.1978  1.0000000  1.7351546  13.207376       0.04    12.8988    38.4810    29.1137    12.8976    38.4787    29.1121    4.25601    184.665 0.0000e+00
   2091.000    13.2180    13.2167   4.575135   4.574775     2.2534    -0.0115    88.1947  1.0000000  1.7352578  13.209210       0.05    12.8988    38.4809    29.1136    12.8975    38.4788    29.1122    4.25697    184.707 0.0000e+00
   2092.000    13.2179    13.2167   4.575172   4.574814     2.2532    -0.0113    88.1986  1.0000000  1.7351689  13.209097       0.05    12.8985    38.4810    29.1137    12.8974    38.4788    29.1123    4.25612    184.670 0.0000e+00
   2093.000    13.2180    13.2167   4.575210   4.574857     2.2529    -0.0107    88.1967  1.0000000  1.7355050  13.207972       0.05    12.8984    38.4809    29.1137    12.8972    38.4788    29.1123    4.25547    184.642 0.0000e+00
   2094.000    13.2181    13.2169   4.575281   4.574907     2.2525    -0.0121    88.1950  1.0000000  1.7356219  13.209765       0.04    12.8984    38.4811    29.1138    12.8972    38.4787    29.1122    4.25463    184.605 0.0000e+00
   2095.000    13.2184    13.2170   4.575345   4.574983     2.2523    -0.0127    88.1951  1.0000000  1.7355185  13.208228       0.04    12.8985    38.4809    29.1137    12.8972    38.4789    29.1124    4.25591    184.661 0.0000e+00
   2096.000    13.2185    13.2172   4.575391   4.575026     2.2521    -0.0132    88.1951  1.0000000  1.7357796  13.209097       0.04    12.8985    38.4808    29.1136    12.8972    38.4787    29.1123    4.25669    184.695 0.0000e+00
   2097.000    13.2186    13.2173   4.575435   4.575073     2.2522    -0.0121    88.1948  1.0000000  1.7359905  13.208172       0.05    12.8984    38.4808    29.1136    12.8971    38.4787    29.1122    4.25807    184.755 0.0000e+00
   2098.000    13.2187    13.2175   4.575485   4.575135     2.2519    -0.0116    88.1987  1.0000000  1.7357102  13.212511       0.04    12.8983    38.4808    29.1136    12.8971    38.4787    29.1122    4.25448    184.599 0.0000e+00
   2099.000    13.2187    13.2175   4.575546   4.575188     2.2512    -0.0128    88.1955  1.0000000  1.7356520  13.212788       0.04    12.8982    38.4809    29.1137    12.8970    38.4788    29.1123    4.25411    184.583 0.0000e+00
   2100.000    13.2189    13.2177   4.575614   4.575263     2.2512    -0.0155    88.1938  1.0000000  1.7356243  13.210059       0.04    12.8982    38.4810    29.1138    12.8971    38.4788    29.1124    4.25637    184.681 0.0000e+00
   2101.000    13.2192    13.2179   4.575680   4.575322 -9.990e-29    -0.0143    88.1938  1.0000000  1.7360060  13.208890       0.04    12.8984    38.4809    29.1137    12.8971    38.4789    29.1124 -9.990e-29 -9.990e-29 0.0000e+00
   2102.000    13.2194    13.2180   4.575738   4.575367 -9.990e-29    -0.0116    88.1973  1.0000000  1.7358974  13.210315       0.04    12.8983    38.4809    29.1137    12.8970    38.4788    29.1123 -9.990e-29 -9.990e-29 0.0000e+00
   2103.000    13.2195    13.2182   4.575795   4.575440 -9.990e-29    -0.0106    88.1938  1.0000000  1.7360881  13.211600       0.04    12.8983    38.4809    29.1137    12.8970    38.4789    29.1124 -9.990e-29 -9.990e-29 0.0000e+00
   2104.000    13.2197    13.2185   4.575848   4.575487 -9.990e-29    -0.0111    88.1947  1.0000000  1.7359054  13.210668       0.04    12.8984    38.4808    29.1136    12.8971    38.4787    29.1122 -9.990e-29 -9.990e-29 0.0000e+00
   2105.000    13.2199    13.2186   4.575903   4.575546     2.2504    -0.0123    88.1980  1.0000000  1.7357389  13.216357       0.05    12.8983    38.4808    29.1136    12.8971    38.4787    29.1122    4.25656    184.689 0.0000e+00
   2106.000    13.2202    13.2189   4.576001   4.575647     2.2501    -0.0123    88.1957  1.0000000  1.7361739  13.213387       0.05    12.8985    38.4810    29.1137    12.8972    38.4790    29.1124    4.25561    184.648 0.0000e+00
   2107.000    13.2203    13.2191   4.576062   4.575708     2.2502    -0.0131    88.1959  1.0000000  1.7360399  13.213530       0.04    12.8985    38.4811    29.1138    12.8972    38.4790    29.1124    4.25849    184.773 0.0000e+00
   2108.000    13.2207    13.2193   4.576125   4.575771     2.2500    -0.0133    88.1938  1.0000000  1.7357649  13.215766       0.04    12.8987    38.4809    29.1136    12.8973    38.4790    29.1124    4.25578    184.655 0.0000e+00
   2109.000    13.2208    13.2194   4.576194   4.575830     2.2497    -0.0127    88.1970  1.0000000  1.7358191  13.217251       0.04    12.8987    38.4810    29.1137    12.8973    38.4790    29.1124    4.25706    184.711 0.0000e+00
   2110.000    13.2211    13.2198   4.576268   4.575901     2.2498    -0.0130    88.1977  1.0000000  1.7361089  13.214856       0.04    12.8987    38.4811    29.1138    12.8974    38.4789    29.1124    4.25905    184.797 0.0000e+00
   2111.000    13.2213    13.2201   4.576348   4.575985     2.2499    -0.0121    88.1994  1.0000000  1.7358729  13.217716       0.05    12.8988    38.4812    29.1138    12.8976    38.4790    29.1124    4.25959    184.821 0.0000e+00
   2112.000    13.2216    13.2202   4.576415   4.576054     2.2499    -0.0107    88.1967  1.0000000  1.7361664  13.216184       0.04    12.8989    38.4812    29.1138    12.8976    38.4791    29.1125    4.25975    184.827 0.0000e+00
   2113.000    13.2218    13.2205   4.576499   4.576125     2.2499    -0.0106    88.2002  1.0000000  1.7358174  13.218778       0.05    12.8990    38.4814    29.1139    12.8977    38.4791    29.1124    4.25954    184.818 0.0000e+00
   2114.000    13.2221    13.2208   4.576545   4.576185     2.2497    -0.0113    88.1970  1.0000000  1.7358745  13.213592       0.05    12.8991    38.4812    29.1138    12.8978    38.4790    29.1124    4.25867    184.780 0.0000e+00
   2115.000    13.2222    13.2209   4.576611   4.576255     2.2495    -0.0116    88.1948  1.0000000  1.7354936  13.217594       0.04    12.8991    38.4812    29.1138    12.8978    38.4791    29.1125    4.25844    184.770 0.0000e+00
   2116.000    13.2224    13.2211   4.576671   4.576307     2.2493    -0.0123    88.2046  1.0000000  1.7357481  13.218476       0.05    12.8990    38.4813    29.1138    12.8978    38.4791    29.1124    4.25979    184.829 0.0000e+00
   2117.000    13.2226    13.2213   4.576747   4.576391     2.2492    -0.0112    88.2040  1.0000000  1.7359501  13.221066       0.05    12.8991    38.4813    29.1139    12.8978    38.4793    29.1126    4.25937    184.811 0.0000e+00
   2118.000    13.2230    13.2217   4.576825   4.576477     2.2491    -0.0116    88.1960  1.0000000  1.7362077  13.220213       0.04    12.8993    38.4813    29.1138    12.8980    38.4793    29.1125    4.25748    184.729 0.0000e+00
   2119.000    13.2232    13.2219   4.576901   4.576544     2.2485    -0.0127    88.1971  1.0000000  1.7359765  13.220991       0.05    12.8993    38.4815    29.1139    12.8981    38.4793    29.1125    4.25452    184.600 0.0000e+00
   2120.000    13.2235    13.2221   4.576962   4.576603     2.2478    -0.0133    88.1979  1.0000000  1.7354742  13.220298       0.05    12.8995    38.4813    29.1138    12.8981    38.4793    29.1125    4.25589    184.660 0.0000e+00
   2121.000    13.2232    13.2222   4.576977   4.576652     2.2479    -0.0125    88.2016  1.0000000  1.7357685  13.221008       0.04    12.8991    38.4813    29.1139    12.8981    38.4792    29.1125    4.25854    184.775 0.0000e+00
   2122.000    13.2231    13.2219   4.576996   4.576644     2.2477    -0.0129    88.1964  1.0000000  1.7357469  13.220363       0.04    12.8988    38.4813    29.1139    12.8976    38.4791    29.1125    4.25881    184.786 0.0000e+00
   2123.000    13.2232    13.2219   4.577056   4.576684     2.2477    -0.0134    88.1979  1.0000000  1.7356795  13.220288       0.04    12.8988    38.4813    29.1139    12.8974    38.4791    29.1125    4.25824    184.762 0.0000e+00
   2124.000    13.2236    13.2223   4.577144   4.576773     2.2475    -0.0131    88.1959  1.0000000  1.7359321  13.221007       0.04    12.8989    38.4814    29.1139    12.8976    38.4792    29.1125    4.25792    184.748 0.0000e+00
   2125.000    13.2233    13.2220   4.577136   4.576780     2.2472    -0.0119    88.1959  1.0000000  1.7359307  13.221003       0.05    12.8985    38.4812    29.1139    12.8972    38.4791    29.1126    4.25455    184.602 0.0000e+00
   2126.000    13.2234    13.2222   4.577201   4.576833     2.2463    -0.0103    88.1989  1.0000000  1.7361072  13.220277       0.04    12.8984    38.4813    29.1140    12.8972    38.4791    29.1125    4.25408    184.581 0.0000e+00
   2127.000    13.2236    13.2223   4.577251   4.576902     2.2463    -0.0111    88.1948  1.0000000  1.7361044  13.218836       0.04    12.8985    38.4812    29.1139    12.8972    38.4792    29.1126    4.25607    184.668 0.0000e+00
   2128.000    13.2238    13.2224   4.577315   4.576958     2.2459    -0.0107    88.1948  1.0000000  1.7360084  13.221024       0.05    12.8985    38.4812    29.1139    12.8972    38.4792    29.1126    4.25481    184.613 0.0000e+00
   2129.000    13.2239    13.2226   4.577362   4.577007     2.2455    -0.0115    88.1966  1.0000000  1.7360689  13.221003       0.04    12.8984    38.4812    29.1139    12.8971    38.4791    29.1126    4.25453    184.601 0.0000e+00
   2130.000    13.2241    13.2227   4.577435   4.577066     2.2454    -0.0096    88.1977  1.0000000  1.7362150  13.219612       0.04    12.8985    38.4812    29.1139    12.8971    38.4791    29.1126    4.25606    184.667 0.0000e+00
   2131.000    13.2243    13.2229   4.577501   4.577131     2.2451    -0.0099    88.1970  1.0000000  1.7362081  13.219506       0.04    12.8985    38.4813    29.1140    12.8971    38.4792    29.1126    4.25540    184.639 0.0000e+00
   2132.000    13.2246    13.2231   4.577564   4.577192     2.2451    -0.0125    88.1886  1.0000000  1.7362641  13.220294       0.04    12.8986    38.4812    29.1139    12.8972    38.4791    29.1126    4.25734    184.723 0.0000e+00
   2133.000    13.2251    13.2238   4.577683   4.577326     2.2451    -0.0135    88.1977  1.0000000  1.7362637  13.220318       0.05    12.8990    38.4814    29.1139    12.8977    38.4793    29.1126    4.25824    184.761 0.0000e+00
   2134.000    13.2253    13.2240   4.577746   4.577380     2.2452    -0.0138    88.1994  1.0000000  1.7363126  13.221003       0.05    12.8990    38.4814    29.1140    12.8977    38.4793    29.1126    4.25908    184.798 0.0000e+00
   2135.000    13.2258    13.2245   4.577858   4.577499 -9.990e-29    -0.0132    88.1959  1.0000000  1.7362638  13.221003       0.05    12.8994    38.4816    29.1140    12.8980    38.4795    29.1127 -9.990e-29 -9.990e-29 0.0000e+00
   2136.000    13.2260    13.2246   4.577908   4.577552 -9.990e-29    -0.0121    88.1991  1.0000000  1.7362637  13.220251       0.04    12.8994    38.4814    29.1139    12.8980    38.4795    29.1127 -9.990e-29 -9.990e-29 0.0000e+00
   2137.000    13.2261    13.2247   4.577961   4.577601 -9.990e-29    -0.0104    88.2026  1.0000000  1.7361625  13.220999       0.05    12.8993    38.4815    29.1140    12.8980    38.4794    29.1127 -9.990e-29 -9.990e-29 0.0000e+00
