Data/raw_excel/lovbio036b/CTD/dstn023a_36b-47c.cnv
* Sea-Bird SBE 9 Data File:
* FileName = C:\CTD Data\AGU015\Monitoring Line\stn023a.hex
* Software Version Seasave V 7.23.1
* Temperature SN = 5646
* Conductivity SN = 4127
* Number of Bytes Per Scan = 34
* Number of Voltage Words = 5
* Number of Scans Averaged by the Deck Unit = 1
* NMEA Latitude = 47 30.08 S
* NMEA Longitude = 037 18.05 E
* NMEA UTC (Time) = Apr 25 2015 12:14:20
* NMEA baud rate = 4800
** Ship: SA Agulhas II
** Cruise Marion 2015 Voy015
** Ship Station AM00373
** Grid Number VOY-015-031
** Latitude 47° 30.066' S
** Longitude 37° 18.075' E
** Depth 4114m
** Operator Nazeera / Mfundo
# nquan = 26
# nvalues = 228                         
# units = specified
# name 0 = prDM: Pressure, Digiquartz [db]
# name 1 = depSM: Depth [salt water, m]
# name 2 = altM: Altimeter [m]
# name 3 = t090C: Temperature [ITS-90, deg C]
# name 4 = potemp090C: Potential Temperature [ITS-90, deg C]
# name 5 = sal00: Salinity, Practical [PSU]
# name 6 = sbeox0ML/L: Oxygen, SBE 43 [ml/l]
# name 7 = c0S/m: Conductivity [S/m]
# name 8 = sigma-é00: Density [sigma-theta, kg/m^3]
# name 9 = turbWETbb0: Turbidity, WET Labs ECO BB [m^-1/sr]
# name 10 = turbWETntu0: Turbidity, WET Labs ECO [NTU]
# name 11 = CStarAt0: Beam Attenuation, WET Labs C-Star [1/m]
# name 12 = CStarAt1: Beam Attenuation, WET Labs C-Star, 2 [1/m]
# name 13 = CStarTr0: Beam Transmission, WET Labs C-Star [%]
# name 14 = CStarTr1: Beam Transmission, WET Labs C-Star, 2 [%]
# name 15 = flECO-AFL: Fluorescence, WET Labs ECO-AFL/FL [mg/m^3]
# name 16 = v0: Voltage 0
# name 17 = v1: Voltage 1
# name 18 = v2: Voltage 2
# name 19 = v3: Voltage 3
# name 20 = v4: Voltage 4
# name 21 = v5: Voltage 5
# name 22 = sal00: Salinity, Practical [PSU]
# name 23 = svCM: Sound Velocity [Chen-Millero, m/s]
# name 24 = density00: Density [density, kg/m^3]
# name 25 = flag: flag
# span 0 =      5.000,    232.000       
# span 1 =      4.954,    229.945       
# span 2 =       1.57,      99.10       
# span 3 =     3.3230,     5.0548       
# span 4 =     3.3121,     5.0545       
# span 5 =    33.7681,    34.0870       
# span 6 =     5.9228,     6.9363       
# span 7 =   3.114818,   3.244440       
# span 8 =    26.0275,    27.1162       
# span 9 =     0.0002,     0.0004       
# span 10 =    -0.6747,    -0.3087      
# span 11 =     0.1257,     0.1371      
# span 12 =     0.1753,     0.2649      
# span 13 =    96.6311,    96.9059      
# span 14 =    93.5925,    95.7113      
# span 15 =    -0.2823,     0.4893      
# span 16 =     2.0035,     2.3709      
# span 17 =     0.1673,     0.2094      
# span 18 =     0.0684,     0.0837      
# span 19 =     0.0736,     0.0755      
# span 20 =     4.5607,     4.5737      
# span 21 =     4.4189,     4.5188      
# span 22 =    33.7681,    34.5029      
# span 23 =    1465.11,    1469.98      
# span 24 =  1026.7155,  1028.2934      
# span 25 = 0.0000e+00, 0.0000e+00      
# interval = decibars: 1                
# start_time = Apr 25 2015 12:14:20 [NMEA time, header]
# bad_flag = -9.990e-29
*END*
[from data line 112]
    117.000    115.985      98.88     4.0352     4.0272    33.8227     6.8487   3.164482    26.8468     0.0003    -0.6301     0.1297     0.2138    96.8087    94.7962     0.0563     2.2848     0.1742     0.0751     0.0739     4.5691     4.4757    33.8198    1467.16  1027.3888 0.0000e+00
    118.000    116.982      98.88     4.0224     4.0144    33.8221     6.8447   3.163379    26.8477     0.0003    -0.6315     0.1298     0.2118    96.8077    94.8431     0.0656     2.2832     0.1780     0.0753     0.0739     4.5690     4.4779    33.8194    1467.12  1027.3945 0.0000e+00
    119.000    117.970      98.88     4.0076     3.9995    33.8218     6.8443   3.162108    26.8490     0.0003    -0.6082     0.1298     0.2133    96.8068    94.8072     0.0850     2.2820     0.1770     0.0757     0.0740     4.5690     4.4762    33.8190    1467.08  1027.4004 0.0000e+00
    120.000    118.968      85.57     4.0056     3.9975    33.8212     6.8410   3.161955    26.8487     0.0003    -0.5709     0.1300     0.2151    96.8031    94.7658     0.0374     2.2807     0.1770     0.0748     0.0742     4.5688     4.4742    33.8188    1467.09  1027.4051 0.0000e+00
    121.000    119.955      96.27     4.0003     3.9921    33.8210     6.8498   3.161544    26.8491     0.0003    -0.6312     0.1298     0.2151    96.8077    94.7640     0.0793     2.2805     0.1770     0.0756     0.0739     4.5690     4.4741    33.8188    1467.08  1027.4103 0.0000e+00
    122.000    120.939      98.90     3.9822     3.9739    33.8228     6.8634   3.160138    26.8524     0.0003    -0.6039     0.1298     0.2120    96.8078    94.8384     0.0804     2.2807     0.1770     0.0756     0.0740     4.5690     4.4777    33.8204    1467.02  1027.4181 0.0000e+00
    123.000    121.937      98.88     3.9249     3.9166    33.8268     6.8661   3.155419    26.8614     0.0003    -0.5896     0.1298     0.2135    96.8068    94.8022     0.0239     2.2800     0.1771     0.0745     0.0741     4.5690     4.4760    33.8230    1466.80  1027.4308 0.0000e+00
    124.000    122.928      98.88     3.8928     3.8845    33.8284     6.8526   3.152765    26.8659     0.0003    -0.5677     0.1298     0.2134    96.8056    94.8047     0.0792     2.2781     0.1819     0.0756     0.0742     4.5689     4.4761    33.8241    1466.69  1027.4396 0.0000e+00
    125.000    123.923      69.63     3.8682     3.8598    33.8336     6.8381   3.151083    26.8724     0.0003    -0.6519     0.1302     0.2145    96.7972    94.7784     0.0850     2.2758     0.1767     0.0757     0.0738     4.5686     4.4749    33.8291    1466.61  1027.4508 0.0000e+00
    126.000    124.917      77.81     3.8498     3.8414    33.8361     6.8412   3.149749    26.8763     0.0003    -0.6200     0.1301     0.2143    96.7997    94.7826     0.0384     2.2742     0.1750     0.0748     0.0739     4.5687     4.4751    33.8317    1466.55  1027.4595 0.0000e+00
    127.000    125.902      98.34     3.8399     3.8314    33.8365     6.8364   3.149024    26.8776     0.0003    -0.5969     0.1299     0.2107    96.8055    94.8684     0.0244     2.2716     0.1752     0.0745     0.0740     4.5689     4.4791    33.8328    1466.53  1027.4660 0.0000e+00
    128.000    126.888      98.88     3.8285     3.8200    33.8383     6.8175   3.148272    26.8801     0.0003    -0.5857     0.1299     0.2103    96.8044    94.8777     0.0226     2.2677     0.1754     0.0745     0.0741     4.5689     4.4795    33.8351    1466.50  1027.4737 0.0000e+00
    129.000    127.881      98.88     3.8203     3.8117    33.8407     6.8157   3.147840    26.8829     0.0003    -0.6648     0.1304     0.2093    96.7931    94.9015     0.0241     2.2653     0.1752     0.0745     0.0737     4.5684     4.4807    33.8379    1466.48  1027.4814 0.0000e+00
    130.000    128.865      98.88     3.8115     3.8029    33.8418     6.8097   3.147217    26.8846     0.0003    -0.5777     0.1308     0.2085    96.7831    94.9225     0.0241     2.2634     0.1753     0.0745     0.0741     4.5679     4.4817    33.8391    1466.46  1027.4879 0.0000e+00
    131.000    129.868      98.88     3.8071     3.7984    33.8466     6.7997   3.147301    26.8890     0.0003    -0.6229     0.1307     0.2096    96.7848    94.8950     0.0057     2.2614     0.1748     0.0741     0.0739     4.5680     4.4804    33.8441    1466.47  1027.4970 0.0000e+00
    132.000    130.858      98.88     3.8084     3.7996    33.8520     6.7875   3.147935    26.8931     0.0003    -0.6285     0.1308     0.2093    96.7822    94.9019    -0.0367     2.2594     0.1758     0.0733     0.0739     4.5679     4.4807    33.8498    1466.50  1027.5060 0.0000e+00
    133.000    131.850      98.88     3.8106     3.8018    33.8530     6.7901   3.148287    26.8937     0.0003    -0.6445     0.1309     0.2095    96.7798    94.8954    -0.0370     2.2583     0.1758     0.0733     0.0738     4.5677     4.4804    33.8511    1466.52  1027.5115 0.0000e+00
    134.000    132.841      98.88     3.8160     3.8070    33.8560     6.7911   3.149087    26.8956     0.0003    -0.5828     0.1309     0.2083    96.7809    94.9265    -0.0370     2.2569     0.1758     0.0733     0.0741     4.5678     4.4818    33.8546    1466.57  1027.5184 0.0000e+00
    135.000    133.831      98.88     3.8547     3.8456    33.8677     6.7734   3.153594    26.9010     0.0003    -0.5967     0.1311     0.2089    96.7772    94.9097    -0.0370     2.2550     0.1776     0.0733     0.0740     4.5676     4.4811    33.8676    1466.76  1027.5294 0.0000e+00
    136.000    134.821      98.88     3.8456     3.8365    33.8699     6.7616   3.153014    26.9037     0.0003    -0.5997     0.1311     0.2064    96.7760    94.9698    -0.0948     2.2522     0.1761     0.0721     0.0740     4.5676     4.4839    33.8695    1466.74  1027.5365 0.0000e+00
    137.000    135.813      98.88     3.7929     3.7838    33.8759     6.7057   3.148856    26.9137     0.0003    -0.6254     0.1314     0.2024    96.7682    95.0666    -0.0980     2.2436     0.1753     0.0720     0.0739     4.5672     4.4884    33.8741    1466.54  1027.5503 0.0000e+00
    138.000    136.799      98.88     3.7602     3.7511    33.8826     6.6590   3.146576    26.9223     0.0003    -0.6161     0.1316     0.2016    96.7644    95.0839    -0.1294     2.2334     0.1758     0.0714     0.0739     4.5670     4.4892    33.8803    1466.43  1027.5632 0.0000e+00
    139.000    137.789      98.88     3.7191     3.7100    33.8881     6.6428   3.143436    26.9307     0.0003    -0.6586     0.1316     0.2008    96.7652    95.1023    -0.1600     2.2262     0.1733     0.0708     0.0737     4.5670     4.4901    33.8850    1466.28  1027.5757 0.0000e+00
    140.000    138.778      98.88     3.6746     3.6655    33.8904     6.6448   3.139725    26.9369     0.0003    -0.6160     0.1314     0.2015    96.7686    95.0876    -0.1591     2.2223     0.1734     0.0708     0.0739     4.5672     4.4894    33.8863    1466.11  1027.5860 0.0000e+00
    141.000    139.775      98.88     3.6417     3.6325    33.8917     6.6597   3.136975    26.9412     0.0003    -0.5859     0.1315     0.2005    96.7679    95.1114    -0.1250     2.2202     0.1736     0.0715     0.0741     4.5671     4.4905    33.8871    1465.99  1027.5946 0.0000e+00
    142.000    140.771      98.88     3.6447     3.6355    33.8923     6.6680   3.137377    26.9413     0.0003    -0.6509     0.1317     0.2019    96.7625    95.0773    -0.0983     2.2193     0.1746     0.0720     0.0738     4.5669     4.4889    33.8883    1466.02  1027.5999 0.0000e+00
    143.000    141.764      98.88     3.6321     3.6228    33.8923     6.6971   3.136337    26.9426     0.0003    -0.5967     0.1320     0.2026    96.7553    95.0614    -0.0980     2.2200     0.1735     0.0720     0.0740     4.5665     4.4882    33.8884    1465.98  1027.6060 0.0000e+00
    144.000    142.748      98.88     3.6133     3.6039    33.8920     6.7263   3.134729    26.9442     0.0003    -0.6084     0.1319     0.2179    96.7565    94.6981    -0.0980     2.2216     0.1743     0.0720     0.0740     4.5666     4.4711    33.8882    1465.92  1027.6124 0.0000e+00
    145.000    143.734      98.88     3.5941     3.5847    33.8945     6.7257   3.133325    26.9481     0.0003    -0.6065     0.1320     0.2037    96.7558    95.0338    -0.0980     2.2221     0.1750     0.0720     0.0740     4.5665     4.4869    33.8909    1465.86  1027.6211 0.0000e+00
    146.000    144.733      98.88     3.5806     3.5711    33.8982     6.7279   3.132514    26.9523     0.0003    -0.6226     0.1320     0.2031    96.7550    95.0494    -0.0980     2.2227     0.1783     0.0720     0.0739     4.5665     4.4876    33.8946    1465.82  1027.6301 0.0000e+00
    147.000    145.723      98.88     3.5878     3.5783    33.8989     6.7285   3.133310    26.9522     0.0003    -0.5953     0.1319     0.2014    96.7570    95.0898    -0.1417     2.2228     0.1768     0.0711     0.0740     4.5666     4.4895    33.8961    1465.87  1027.6352 0.0000e+00
    148.000    146.717      98.88     3.5906     3.5810    33.8993     6.7193   3.133675    26.9522     0.0003    -0.6212     0.1320     0.2008    96.7561    95.1023    -0.1077     2.2224     0.1730     0.0718     0.0739     4.5666     4.4901    33.8970    1465.90  1027.6403 0.0000e+00
    149.000    147.697      98.88     3.5876     3.5779    33.8993     6.7074   3.133502    26.9525     0.0003    -0.6287     0.1319     0.2009    96.7562    95.1015    -0.0974     2.2208     0.1734     0.0720     0.0739     4.5666     4.4901    33.8976    1465.91  1027.6457 0.0000e+00
    150.000    148.685      98.88     3.5876     3.5778    33.9005     6.7004   3.133669    26.9535     0.0003    -0.6226     0.1320     0.2014    96.7550    95.0901    -0.0980     2.2198     0.1734     0.0720     0.0739     4.5665     4.4895    33.8991    1465.93  1027.6515 0.0000e+00
    151.000    149.679      98.88     3.5797     3.5699    33.9012     6.7043   3.133082    26.9549     0.0003    -0.6228     0.1320     0.2013    96.7550    95.0916    -0.0980     2.2189     0.1742     0.0720     0.0739     4.5665     4.4896    33.8997    1465.91  1027.6575 0.0000e+00
    152.000    150.679      98.88     3.5619     3.5521    33.9033     6.7006   3.131719    26.9582     0.0003    -0.6496     0.1320     0.2011    96.7550    95.0959    -0.0980     2.2178     0.1747     0.0720     0.0738     4.5665     4.4898    33.9014    1465.85  1027.6653 0.0000e+00
    153.000    151.676      98.88     3.5333     3.5234    33.9054     6.6987   3.129399    26.9626     0.0003    -0.5841     0.1319     0.2007    96.7562    95.1061    -0.1320     2.2168     0.1747     0.0713     0.0741     4.5666     4.4903    33.9028    1465.75  1027.6740 0.0000e+00
    154.000    152.666      98.88     3.5100     3.5001    33.9045     6.6909   3.127321    26.9641     0.0003    -0.6112     0.1320     0.2013    96.7551    95.0920    -0.1209     2.2147     0.1736     0.0716     0.0740     4.5665     4.4896    33.9016    1465.67  1027.6800 0.0000e+00
    155.000    153.643      98.88     3.4733     3.4634    33.9009     6.7073   3.123849    26.9648     0.0003    -0.5998     0.1320     0.2007    96.7537    95.1068    -0.1247     2.2136     0.1718     0.0715     0.0740     4.5664     4.4903    33.8976    1465.52  1027.6851 0.0000e+00
    156.000    154.629      98.88     3.3744     3.3645    33.8974     6.7194   3.114818    26.9714     0.0003    -0.6071     0.1320     0.2014    96.7539    95.0889    -0.1191     2.2123     0.1734     0.0716     0.0740     4.5664     4.4895    33.8917    1465.11  1027.6949 0.0000e+00
    157.000    155.629      98.88     3.4552     3.4452    33.9186     6.6892   3.123906    26.9806     0.0003    -0.6106     0.1320     0.2018    96.7537    95.0801    -0.1315     2.2107     0.1746     0.0713     0.0740     4.5664     4.4891    33.9161    1465.50  1027.7110 0.0000e+00
    158.000    156.626      98.88     3.4787     3.4686    33.9357     6.6945   3.127508    26.9920     0.0003    -0.6392     0.1320     0.2044    96.7550    95.0183    -0.1752     2.2116     0.1769     0.0705     0.0738     4.5665     4.4861    33.9343    1465.64  1027.7277 0.0000e+00
    159.000    157.619      98.88     3.6006     3.5903    33.9516     6.7097   3.139790    26.9930     0.0003    -0.5993     0.1321     0.2018    96.7528    95.0802    -0.2406     2.2134     0.1753     0.0692     0.0740     4.5664     4.4891    33.9539    1466.20  1027.7358 0.0000e+00
    160.000    158.601      98.88     3.7068     3.6962    33.9689     6.5806   3.150731    26.9964     0.0003    -0.5996     0.1326     0.1913    96.7404    95.3303    -0.2823     2.2038     0.1735     0.0684     0.0740     4.5658     4.5009    33.9737    1466.69  1027.7453 0.0000e+00
    161.000    159.586      98.88     3.7412     3.7305    33.9764     6.4044   3.154402    26.9990     0.0003    -0.6042     0.1328     0.1856    96.7339    95.4660    -0.2812     2.1845     0.1721     0.0684     0.0740     4.5655     4.5073    33.9811    1466.86  1027.7524 0.0000e+00
    162.000    160.580      98.88     3.6104     3.5999    33.9687     6.3629   3.142024    27.0056     0.0003    -0.6054     0.1329     0.1847    96.7316    95.4860    -0.2812     2.1717     0.1741     0.0684     0.0740     4.5654     4.5082    33.9689    1466.31  1027.7606 0.0000e+00
    163.000    161.573      98.88     3.5437     3.5332    33.9637     6.3197   3.135674    27.0081     0.0003    -0.5871     0.1330     0.1849    96.7292    95.4811    -0.2812     2.1598     0.1774     0.0684     0.0741     4.5653     4.5080    33.9618    1466.03  1027.7665 0.0000e+00
    164.000    162.573      98.88     3.4911     3.4805    33.9614     6.2761   3.130831    27.0113     0.0003    -0.6540     0.1329     0.1856    96.7305    95.4648    -0.2812     2.1489     0.1698     0.0684     0.0737     4.5654     4.5072    33.9581    1465.82  1027.7734 0.0000e+00
    165.000    163.568      98.88     3.4688     3.4582    33.9632     6.2790   3.129072    27.0150     0.0003    -0.6134     0.1330     0.1855    96.7301    95.4670    -0.2812     2.1400     0.1716     0.0684     0.0739     4.5653     4.5073    33.9597    1465.75  1027.7816 0.0000e+00
    166.000    164.548      98.88     3.4683     3.4577    33.9635     6.3877   3.129164    27.0152     0.0003    -0.6301     0.1330     0.1863    96.7292    95.4499    -0.2812     2.1365     0.1703     0.0684     0.0739     4.5653     4.5065    33.9608    1465.76  1027.7872 0.0000e+00
    167.000    165.528      98.88     3.4429     3.4322    33.9609     6.4277   3.127030    27.0155     0.0003    -0.6441     0.1331     0.1864    96.7274    95.4465    -0.2812     2.1370     0.1709     0.0684     0.0738     4.5652     4.5064    33.9582    1465.68  1027.7919 0.0000e+00
    168.000    166.530      98.88     3.4187     3.4080    33.9585     6.4267   3.124487    27.0160     0.0003    -0.5940     0.1329     0.1871    96.7316    95.4304    -0.2812     2.1367     0.1710     0.0684     0.0740     4.5654     4.5056    33.9553    1465.58  1027.7970 0.0000e+00
    169.000    167.519      98.88     3.3918     3.3811    33.9571     6.4205   3.122038    27.0174     0.0003    -0.6283     0.1331     0.1886    96.7280    95.3948    -0.2812     2.1356     0.1743     0.0684     0.0739     4.5652     4.5039    33.9534    1465.48  1027.8029 0.0000e+00
    170.000    168.517      98.88     3.3916     3.3808    33.9593     6.4201   3.122275    27.0192     0.0003    -0.6721     0.1331     0.1909    96.7271    95.3400    -0.2812     2.1355     0.1729     0.0684     0.0737     4.5652     4.5013    33.9560    1465.50  1027.8096 0.0000e+00
    171.000    169.505      98.88     3.3857     3.3748    33.9617     6.4387   3.122034    27.0217     0.0003    -0.6314     0.1331     0.1880    96.7266    95.4089    -0.2812     2.1364     0.1722     0.0684     0.0739     4.5652     4.5046    33.9587    1465.49  1027.8171 0.0000e+00
