Data/raw_excel/lovbio036b/CTD/dstn023a_36b-47c.cnv
* Sea-Bird SBE 9 Data File:
* FileName = C:\CTD Data\AGU015\Monitoring Line\stn023a.hex
* Software Version Seasave V 7.23.1
* Temperature SN = 5646
* Conductivity SN = 4127
* Number of Bytes Per Scan = 34
* Number of Voltage Words = 5
* Number of Scans Averaged by the Deck Unit = 1
* NMEA Latitude = 47 30.08 S
* NMEA Longitude = 037 18.05 E
* NMEA UTC (Time) = Apr 25 2015 12:14:20
* NMEA baud rate = 4800
** Ship: SA Agulhas II
** Cruise Marion 2015 Voy015
** Ship Station AM00373
** Grid Number VOY-015-031
** Latitude 47° 30.066' S
** Longitude 37° 18.075' E
** Depth 4114m
** Operator Nazeera / Mfundo
# nquan = 26
# nvalues = 228                         
# units = specified
# name 0 = prDM: Pressure, Digiquartz [db]
# name 1 = depSM: Depth [salt water, m]
# name 2 = altM: Altimeter [m]
# name 3 = t090C: Temperature [ITS-90, deg C]
# name 4 = potemp090C: Potential Temperature [ITS-90, deg C]
# name 5 = sal00: Salinity, Practical [PSU]
# name 6 = sbeox0ML/L: Oxygen, SBE 43 [ml/l]
# name 7 = c0S/m: Conductivity [S/m]
# name 8 = sigma-é00: Density [sigma-theta, kg/m^3]
# name 9 = turbWETbb0: Turbidity, WET Labs ECO BB [m^-1/sr]
# name 10 = turbWETntu0: Turbidity, WET Labs ECO [NTU]
# name 11 = CStarAt0: Beam Attenuation, WET Labs C-Star [1/m]
# name 12 = CStarAt1: Beam Attenuation, WET Labs C-Star, 2 [1/m]
# name 13 = CStarTr0: Beam Transmission, WET Labs C-Star [%]
# name 14 = CStarTr1: Beam Transmission, WET Labs C-Star, 2 [%]
# name 15 = flECO-AFL: Fluorescence, WET Labs ECO-AFL/FL [mg/m^3]
# name 16 = v0: Voltage 0
# name 17 = v1: Voltage 1
# name 18 = v2: Voltage 2
# name 19 = v3: Voltage 3
# name 20 = v4: Voltage 4
# name 21 = v5: Voltage 5
# name 22 = sal00: Salinity, Practical [PSU]
# name 23 = svCM: Sound Velocity [Chen-Millero, m/s]
# name 24 = density00: Density [density, kg/m^3]
# name 25 = flag: flag
# span 0 =      5.000,    232.000       
# span 1 =      4.954,    229.945       
# span 2 =       1.57,      99.10       
# span 3 =     3.3230,     5.0548       
# span 4 =     3.3121,     5.0545       
# span 5 =    33.7681,    34.0870       
# span 6 =     5.9228,     6.9363       
# span 7 =   3.114818,   3.244440       
# span 8 =    26.0275,    27.1162       
# span 9 =     0.0002,     0.0004       
# span 10 =    -0.6747,    -0.3087      
# span 11 =     0.1257,     0.1371      
# span 12 =     0.1753,     0.2649      
# span 13 =    96.6311,    96.9059      
# span 14 =    93.5925,    95.7113      
# span 15 =    -0.2823,     0.4893      
# span 16 =     2.0035,     2.3709      
# span 17 =     0.1673,     0.2094      
# span 18 =     0.0684,     0.0837      
# span 19 =     0.0736,     0.0755      
# span 20 =     4.5607,     4.5737      
# span 21 =     4.4189,     4.5188      
# span 22 =    33.7681,    34.5029      
# span 23 =    1465.11,    1469.98      
# span 24 =  1026.7155,  1028.2934      
# span 25 = 0.0000e+00, 0.0000e+00      
# interval = decibars: 1                
# start_time = Apr 25 2015 12:14:20 [NMEA time, header]
# bad_flag = -9.990e-29
*END*
[from data line 56]
     61.000     60.491      98.88     4.9472     4.9427    33.7709     6.8887   3.237488    26.7073     0.0003    -0.6093     0.1270     0.2511    96.8757    93.9156     0.4492     2.3482     0.1831     0.0830     0.0740     4.5722     4.4341    33.7702    1469.95  1026.9892 0.0000e+00
     62.000     61.475      98.88     4.9379     4.9333    33.7709     6.8874   3.236706    26.7084     0.0003    -0.5846     0.1272     0.2508    96.8701    93.9220     0.4806     2.3473     0.1839     0.0836     0.0741     4.5719     4.4344    33.7701    1469.93  1026.9948 0.0000e+00
     63.000     62.453      98.88     4.9293     4.9246    33.7711     6.8882   3.236003    26.7095     0.0003    -0.6133     0.1272     0.2501    96.8703    93.9398     0.4702     2.3465     0.1825     0.0834     0.0739     4.5719     4.4353    33.7702    1469.91  1027.0006 0.0000e+00
     64.000     63.448      98.88     4.9254     4.9206    33.7712     6.8880   3.235725    26.7101     0.0003    -0.6166     0.1272     0.2483    96.8709    93.9825     0.4506     2.3458     0.1870     0.0830     0.0739     4.5720     4.4372    33.7704    1469.91  1027.0058 0.0000e+00
     65.000     64.443      98.88     4.9237     4.9188    33.7714     6.8828   3.235637    26.7104     0.0003    -0.5566     0.1272     0.2484    96.8692    93.9794     0.4366     2.3454     0.1847     0.0827     0.0742     4.5719     4.4371    33.7706    1469.92  1027.0108 0.0000e+00
     66.000     65.443      98.88     4.9232     4.9183    33.7714     6.8864   3.235648    26.7105     0.0003    -0.5930     0.1274     0.2496    96.8666    93.9514     0.3740     2.3453     0.1837     0.0815     0.0740     4.5718     4.4358    33.7707    1469.93  1027.0156 0.0000e+00
     67.000     66.440      98.88     4.9218     4.9168    33.7713     6.8853   3.235556    26.7105     0.0003    -0.6103     0.1270     0.2489    96.8753    93.9688     0.3841     2.3446     0.1819     0.0817     0.0740     4.5722     4.4366    33.7706    1469.94  1027.0203 0.0000e+00
     68.000     67.431      98.88     4.9174     4.9123    33.7713     6.8848   3.235214    26.7110     0.0003    -0.6028     0.1270     0.2494    96.8756    93.9560     0.4264     2.3443     0.1826     0.0825     0.0740     4.5722     4.4360    33.7705    1469.94  1027.0254 0.0000e+00
     69.000     68.404      98.88     4.9140     4.9088    33.7714     6.8875   3.234974    26.7115     0.0003    -0.6417     0.1271     0.2485    96.8717    93.9760     0.4522     2.3437     0.1825     0.0830     0.0738     4.5720     4.4369    33.7707    1469.94  1027.0306 0.0000e+00
     70.000     69.395      98.88     4.9086     4.9033    33.7716     6.8716   3.234558    26.7123     0.0003    -0.6122     0.1272     0.2490    96.8715    93.9652     0.4488     2.3420     0.1819     0.0829     0.0740     4.5720     4.4364    33.7709    1469.94  1027.0359 0.0000e+00
     71.000     70.393      98.88     4.9034     4.8981    33.7718     6.8685   3.234158    26.7130     0.0003    -0.6417     0.1271     0.2488    96.8736    93.9698     0.3844     2.3410     0.1819     0.0817     0.0738     4.5721     4.4367    33.7710    1469.93  1027.0413 0.0000e+00
     72.000     71.391      98.88     4.8989     4.8936    33.7719     6.8787   3.233817    26.7136     0.0003    -0.5666     0.1272     0.2501    96.8696    93.9404     0.4218     2.3412     0.1844     0.0824     0.0742     4.5719     4.4353    33.7710    1469.93  1027.0465 0.0000e+00
     73.000     72.383      98.88     4.8771     4.8717    33.7733     6.8860   3.232024    26.7172     0.0003    -0.6105     0.1271     0.2512    96.8738    93.9142     0.4615     2.3407     0.1844     0.0832     0.0740     4.5721     4.4341    33.7719    1469.86  1027.0543 0.0000e+00
     74.000     73.375      98.88     4.8546     4.8491    33.7745     6.8876   3.230159    26.7207     0.0003    -0.6018     0.1274     0.2488    96.8651    93.9706     0.4725     2.3403     0.1844     0.0834     0.0740     4.5717     4.4367    33.7727    1469.78  1027.0621 0.0000e+00
     75.000     74.359      98.88     4.8449     4.8393    33.7746     6.8902   3.229373    26.7219     0.0003    -0.5951     0.1274     0.2482    96.8651    93.9842     0.4330     2.3399     0.1820     0.0826     0.0740     4.5717     4.4373    33.7729    1469.76  1027.0680 0.0000e+00
     76.000     75.352      98.88     4.8256     4.8200    33.7759     6.8924   3.227816    26.7250     0.0003    -0.6232     0.1276     0.2452    96.8601    94.0541     0.3838     2.3394     0.1828     0.0817     0.0739     4.5715     4.4407    33.7740    1469.70  1027.0757 0.0000e+00
     77.000     76.342      98.88     4.8063     4.8006    33.7770     6.8950   3.226241    26.7281     0.0003    -0.5965     0.1276     0.2470    96.8605    94.0131     0.3883     2.3390     0.1832     0.0818     0.0740     4.5715     4.4387    33.7748    1469.64  1027.0832 0.0000e+00
     78.000     77.331      98.88     4.8019     4.7961    33.7769     6.8844   3.225908    26.7285     0.0003    -0.6225     0.1277     0.2455    96.8596    94.0467     0.4275     2.3376     0.1832     0.0825     0.0739     4.5714     4.4403    33.7749    1469.64  1027.0884 0.0000e+00
     79.000     78.330      98.88     4.7956     4.7898    33.7771     6.8711   3.225430    26.7293     0.0003    -0.5740     0.1277     0.2432    96.8596    94.1012     0.3574     2.3356     0.1821     0.0812     0.0741     4.5714     4.4429    33.7752    1469.63  1027.0939 0.0000e+00
     80.000     79.316      98.88     4.7753     4.7694    33.7780     6.8722   3.223745    26.7323     0.0003    -0.5933     0.1277     0.2424    96.8586    94.1211     0.3252     2.3344     0.1809     0.0805     0.0740     4.5714     4.4438    33.7758    1469.56  1027.1013 0.0000e+00
     81.000     80.309      98.88     4.7568     4.7508    33.7786     6.8828   3.222205    26.7349     0.0003    -0.6141     0.1277     0.2415    96.8595    94.1420     0.3796     2.3336     0.1840     0.0816     0.0739     4.5714     4.4448    33.7763    1469.50  1027.1084 0.0000e+00
     82.000     81.297      98.88     4.7390     4.7330    33.7793     6.8864   3.220736    26.7374     0.0003    -0.6316     0.1276     0.2433    96.8605    94.0982     0.3245     2.3330     0.1811     0.0805     0.0739     4.5715     4.4427    33.7768    1469.45  1027.1155 0.0000e+00
     83.000     82.294      98.88     4.7175     4.7114    33.7800     6.8853   3.218938    26.7403     0.0003    -0.6715     0.1277     0.2414    96.8595    94.1434     0.3375     2.3321     0.1843     0.0808     0.0737     4.5714     4.4448    33.7772    1469.38  1027.1229 0.0000e+00
     84.000     83.283      98.88     4.6958     4.6896    33.7806     6.8921   3.217116    26.7432     0.0003    -0.6160     0.1278     0.2401    96.8571    94.1746     0.3829     2.3318     0.1849     0.0817     0.0739     4.5713     4.4464    33.7777    1469.30  1027.1303 0.0000e+00
     85.000     84.273      98.88     4.6377     4.6316    33.7839     6.8985   3.212262    26.7522     0.0003    -0.5804     0.1277     0.2395    96.8593    94.1884     0.3407     2.3309     0.1814     0.0808     0.0741     4.5714     4.4470    33.7798    1469.08  1027.1432 0.0000e+00
     86.000     85.262      98.88     4.5740     4.5678    33.7866     6.8982   3.206871    26.7613     0.0003    -0.6000     0.1277     0.2382    96.8586    94.2182     0.3258     2.3291     0.1831     0.0805     0.0740     4.5714     4.4484    33.7815    1468.84  1027.1562 0.0000e+00
     87.000     86.254      98.88     4.4774     4.4712    33.7894     6.8947   3.198549    26.7739     0.0003    -0.5732     0.1277     0.2365    96.8577    94.2593     0.3252     2.3261     0.1826     0.0805     0.0741     4.5714     4.4503    33.7824    1468.46  1027.1722 0.0000e+00
     88.000     87.245      98.88     4.4805     4.4742    33.7875     6.8820   3.198809    26.7721     0.0003    -0.5461     0.1278     0.2347    96.8547    94.3025     0.3248     2.3238     0.1839     0.0805     0.0743     4.5712     4.4524    33.7817    1468.49  1027.1760 0.0000e+00
     89.000     88.239      98.88     4.4600     4.4536    33.7877     6.9017   3.197088    26.7744     0.0003    -0.6345     0.1278     0.2350    96.8566    94.2947     0.3270     2.3237     0.1828     0.0806     0.0738     4.5713     4.4520    33.7821    1468.42  1027.1831 0.0000e+00
     90.000     89.228      98.88     4.4308     4.4244    33.7878     6.9184   3.194587    26.7776     0.0003    -0.5918     0.1278     0.2351    96.8548    94.2917     0.3248     2.3233     0.1807     0.0805     0.0741     4.5712     4.4519    33.7822    1468.32  1027.1910 0.0000e+00
     91.000     90.217      98.88     4.4286     4.4222    33.7871     6.9033   3.194453    26.7773     0.0003    -0.6082     0.1277     0.2356    96.8576    94.2815     0.3244     2.3223     0.1815     0.0805     0.0740     4.5714     4.4514    33.7823    1468.32  1027.1960 0.0000e+00
     92.000     91.211      98.88     4.4235     4.4170    33.7867     6.9151   3.194062    26.7776     0.0003    -0.5786     0.1278     0.2368    96.8562    94.2522     0.3265     2.3227     0.1812     0.0805     0.0741     4.5713     4.4500    33.7824    1468.32  1027.2013 0.0000e+00
     93.000     92.210      98.88     4.4166     4.4100    33.7866     6.9261   3.193519    26.7783     0.0003    -0.6120     0.1278     0.2357    96.8564    94.2774     0.3218     2.3230     0.1807     0.0805     0.0740     4.5713     4.4512    33.7826    1468.31  1027.2069 0.0000e+00
     94.000     93.201      98.88     4.4109     4.4042    33.7864     6.9216   3.193085    26.7787     0.0003    -0.6095     0.1281     0.2360    96.8484    94.2715     0.3225     2.3228     0.1801     0.0805     0.0740     4.5709     4.4509    33.7828    1468.30  1027.2123 0.0000e+00
     95.000     94.181      98.88     4.4171     4.4104    33.7858     6.9215   3.193727    26.7775     0.0003    -0.6435     0.1284     0.2348    96.8415    94.2992     0.3963     2.3227     0.1804     0.0819     0.0738     4.5706     4.4522    33.7834    1468.34  1027.2168 0.0000e+00
     96.000     95.164      98.88     4.4112     4.4044    33.7855     6.9137   3.193270    26.7780     0.0003    -0.5864     0.1289     0.2355    96.8291    94.2818     0.3418     2.3219     0.1797     0.0808     0.0741     4.5700     4.4514    33.7836    1468.33  1027.2222 0.0000e+00
     97.000     96.164      98.88     4.3972     4.3903    33.7856     6.9200   3.192080    26.7795     0.0003    -0.6366     0.1287     0.2361    96.8327    94.2681     0.3634     2.3218     0.1807     0.0813     0.0738     4.5702     4.4507    33.7835    1468.29  1027.2283 0.0000e+00
     98.000     97.153      98.88     4.3932     4.3863    33.7855     6.9180   3.191775    26.7799     0.0003    -0.6529     0.1287     0.2353    96.8327    94.2880     0.3788     2.3211     0.1807     0.0816     0.0738     4.5702     4.4517    33.7834    1468.29  1027.2333 0.0000e+00
     99.000     98.155      98.88     4.3527     4.3457    33.7876     6.9207   3.188372    26.7858     0.0003    -0.6237     0.1286     0.2358    96.8343    94.2756     0.3789     2.3207     0.1807     0.0816     0.0739     4.5703     4.4511    33.7845    1468.14  1027.2432 0.0000e+00
    100.000     99.152      98.88     4.2543     4.2474    33.7948     6.9363   3.180216    26.8020     0.0003    -0.6227     0.1287     0.2355    96.8328    94.2837     0.3344     2.3201     0.1804     0.0807     0.0739     4.5702     4.4515    33.7890    1467.76  1027.2621 0.0000e+00
    101.000    100.141      98.88     4.2313     4.2243    33.7951     6.9211   3.178288    26.8046     0.0003    -0.6018     0.1289     0.2372    96.8289    94.2433     0.3251     2.3175     0.1791     0.0805     0.0740     4.5700     4.4496    33.7894    1467.68  1027.2695 0.0000e+00
    102.000    101.122      98.88     4.2138     4.2067    33.7953     6.9297   3.176919    26.8066     0.0003    -0.6243     0.1288     0.2337    96.8293    94.3257     0.3485     2.3156     0.1777     0.0810     0.0739     4.5700     4.4535    33.7908    1467.62  1027.2770 0.0000e+00
    103.000    102.109      98.88     4.2075     4.2004    33.7955     6.9287   3.176494    26.8074     0.0003    -0.6457     0.1289     0.2314    96.8289    94.3791     0.3243     2.3146     0.1801     0.0805     0.0738     4.5700     4.4560    33.7917    1467.61  1027.2831 0.0000e+00
    104.000    103.103      98.88     4.2024     4.1953    33.7957     6.9135   3.176146    26.8081     0.0003    -0.6227     0.1288     0.2311    96.8305    94.3857     0.3090     2.3129     0.1807     0.0802     0.0739     4.5701     4.4563    33.7923    1467.61  1027.2888 0.0000e+00
    105.000    104.099      98.88     4.1885     4.1813    33.7976     6.9122   3.175141    26.8111     0.0003    -0.6382     0.1292     0.2309    96.8205    94.3919     0.2744     2.3116     0.1798     0.0795     0.0738     4.5696     4.4566    33.7942    1467.57  1027.2964 0.0000e+00
    106.000    105.091      98.88     4.1675     4.1601    33.8014     6.9149   3.173656    26.8162     0.0003    -0.5957     0.1294     0.2317    96.8159    94.3718     0.3143     2.3106     0.1795     0.0803     0.0740     4.5694     4.4556    33.7978    1467.50  1027.3062 0.0000e+00
    107.000    106.083      98.88     4.1518     4.1444    33.8063     6.9160   3.172758    26.8218     0.0003    -0.6511     0.1295     0.2300    96.8149    94.4130     0.2484     2.3092     0.1795     0.0790     0.0738     4.5694     4.4576    33.8028    1467.46  1027.3165 0.0000e+00
    108.000    107.066      98.88     4.1483     4.1408    33.8087     6.9105   3.172732    26.8240     0.0003    -0.6542     0.1294     0.2277    96.8173    94.4658     0.2073     2.3078     0.1785     0.0781     0.0737     4.5695     4.4601    33.8056    1467.47  1027.3237 0.0000e+00
    109.000    108.066      98.88     4.1442     4.1367    33.8107     6.8860   3.172619    26.8261     0.0003    -0.6319     0.1292     0.2232    96.8206    94.5730     0.2072     2.3045     0.1872     0.0781     0.0739     4.5696     4.4651    33.8080    1467.47  1027.3307 0.0000e+00
    110.000    109.054      98.88     4.1386     4.1311    33.8124     6.8625   3.172356    26.8280     0.0003    -0.5901     0.1295     0.2213    96.8149    94.6185     0.1328     2.3004     0.1802     0.0766     0.0741     4.5694     4.4673    33.8100    1467.47  1027.3375 0.0000e+00
    111.000    110.038      98.88     4.1358     4.1282    33.8134     6.8606   3.172271    26.8291     0.0003    -0.5925     0.1294     0.2183    96.8174    94.6899     0.1407     2.2971     0.1783     0.0768     0.0740     4.5695     4.4707    33.8114    1467.47  1027.3436 0.0000e+00
    112.000    111.031      98.88     4.1346     4.1269    33.8137     6.8577   3.172255    26.8294     0.0003    -0.6291     0.1293     0.2175    96.8181    94.7075     0.1491     2.2950     0.1799     0.0770     0.0739     4.5695     4.4715    33.8119    1467.49  1027.3488 0.0000e+00
    113.000    112.023      98.88     4.1299     4.1222    33.8150     6.8539   3.172010    26.8310     0.0003    -0.6227     0.1292     0.2166    96.8198    94.7297     0.2077     2.2934     0.1814     0.0781     0.0739     4.5696     4.4725    33.8133    1467.48  1027.3550 0.0000e+00
    114.000    113.021      98.88     4.1099     4.1021    33.8177     6.8518   3.170505    26.8352     0.0003    -0.5536     0.1297     0.2154    96.8097    94.7576     0.1567     2.2917     0.1795     0.0771     0.0742     4.5691     4.4738    33.8156    1467.42  1027.3636 0.0000e+00
    115.000    114.016      98.88     4.0703     4.0625    33.8225     6.8524   3.167421    26.8431     0.0003    -0.6010     0.1298     0.2160    96.8069    94.7429     0.1120     2.2902     0.1774     0.0762     0.0740     4.5690     4.4731    33.8194    1467.28  1027.3755 0.0000e+00
