Data/raw_excel/lovbio036b/CTD/dstn023a_36b-47c.cnv
* Sea-Bird SBE 9 Data File:
* FileName = C:\CTD Data\AGU015\Monitoring Line\stn023a.hex
* Software Version Seasave V 7.23.1
* Temperature SN = 5646
* Conductivity SN = 4127
* Number of Bytes Per Scan = 34
* Number of Voltage Words = 5
* Number of Scans Averaged by the Deck Unit = 1
* NMEA Latitude = 47 30.08 S
* NMEA Longitude = 037 18.05 E
* NMEA UTC (Time) = Apr 25 2015 12:14:20
* NMEA baud rate = 4800
** Ship: SA Agulhas II
** Cruise Marion 2015 Voy015
** Ship Station AM00373
** Grid Number VOY-015-031
** Latitude 47° 30.066' S
** Longitude 37° 18.075' E
** Depth 4114m
** Operator Nazeera / Mfundo
# nquan = 26
# nvalues = 228                         
# units = specified
# name 0 = prDM: Pressure, Digiquartz [db]
# name 1 = depSM: Depth [salt water, m]
# name 2 = altM: Altimeter [m]
# name 3 = t090C: Temperature [ITS-90, deg C]
# name 4 = potemp090C: Potential Temperature [ITS-90, deg C]
# name 5 = sal00: Salinity, Practical [PSU]
# name 6 = sbeox0ML/L: Oxygen, SBE 43 [ml/l]
# name 7 = c0S/m: Conductivity [S/m]
# name 8 = sigma-é00: Density [sigma-theta, kg/m^3]
# name 9 = turbWETbb0: Turbidity, WET Labs ECO BB [m^-1/sr]
# name 10 = turbWETntu0: Turbidity, WET Labs ECO [NTU]
# name 11 = CStarAt0: Beam Attenuation, WET Labs C-Star [1/m]
# name 12 = CStarAt1: Beam Attenuation, WET Labs C-Star, 2 [1/m]
# name 13 = CStarTr0: Beam Transmission, WET Labs C-Star [%]
# name 14 = CStarTr1: Beam Transmission, WET Labs C-Star, 2 [%]
# name 15 = flECO-AFL: Fluorescence, WET Labs ECO-AFL/FL [mg/m^3]
# name 16 = v0: Voltage 0
# name 17 = v1: Voltage 1
# name 18 = v2: Voltage 2
# name 19 = v3: Voltage 3
# name 20 = v4: Voltage 4
# name 21 = v5: Voltage 5
# name 22 = sal00: Salinity, Practical [PSU]
# name 23 = svCM: Sound Velocity [Chen-Millero, m/s]
# name 24 = density00: Density [density, kg/m^3]
# name 25 = flag: flag
# span 0 =      5.000,    232.000       
# span 1 =      4.954,    229.945       
# span 2 =       1.57,      99.10       
# span 3 =     3.3230,     5.0548       
# span 4 =     3.3121,     5.0545       
# span 5 =    33.7681,    34.0870       
# span 6 =     5.9228,     6.9363       
# span 7 =   3.114818,   3.244440       
# span 8 =    26.0275,    27.1162       
# span 9 =     0.0002,     0.0004       
# span 10 =    -0.6747,    -0.3087      
# span 11 =     0.1257,     0.1371      
# span 12 =     0.1753,     0.2649      
# span 13 =    96.6311,    96.9059      
# span 14 =    93.5925,    95.7113      
# span 15 =    -0.2823,     0.4893      
# span 16 =     2.0035,     2.3709      
# span 17 =     0.1673,     0.2094      
# span 18 =     0.0684,     0.0837      
# span 19 =     0.0736,     0.0755      
# span 20 =     4.5607,     4.5737      
# span 21 =     4.4189,     4.5188      
# span 22 =    33.7681,    34.5029      
# span 23 =    1465.11,    1469.98      
# span 24 =  1026.7155,  1028.2934      
# span 25 = 0.0000e+00, 0.0000e+00      
# interval = decibars: 1                
# start_time = Apr 25 2015 12:14:20 [NMEA time, header]
# bad_flag = -9.990e-29
*END*
[from data line 168]
    173.000    171.482      98.88     3.3602     3.3492    33.9610     6.4370   3.119877    27.0236     0.0003    -0.6144     0.1336     0.1866    96.7153    95.4420    -0.2812     2.1364     0.1711     0.0684     0.0739     4.5647     4.5062    33.9583    1465.42  1027.8286 0.0000e+00
    174.000    172.476      98.88     3.3230     3.3121    33.9614     6.4362   3.116766    27.0282     0.0003    -0.6548     0.1337     0.1856    96.7137    95.4648    -0.2812     2.1356     0.1715     0.0684     0.0737     4.5646     4.5072    33.9591    1465.27  1027.8376 0.0000e+00
    175.000    173.468      98.88     3.3234     3.3124    33.9642     6.4350   3.116937    27.0287     0.0003    -0.6117     0.1337     0.1860    96.7125    95.4556    -0.2812     2.1349     0.1708     0.0684     0.0740     4.5645     4.5068    33.9603    1465.29  1027.8431 0.0000e+00
    176.000    174.452      98.88     3.3449     3.3338    33.9687     6.4297   3.119408    27.0312     0.0003    -0.5985     0.1341     0.1866    96.7042    95.4417    -0.2812     2.1342     0.1701     0.0684     0.0740     4.5641     4.5061    33.9670    1465.41  1027.8510 0.0000e+00
    177.000    175.446      98.88     3.3896     3.3783    33.9761     6.4260   3.124083    27.0328     0.0003    -0.6419     0.1341     0.1870    96.7043    95.4328    -0.2812     2.1341     0.1701     0.0684     0.0738     4.5641     4.5057    33.9760    1465.63  1027.8584 0.0000e+00
    178.000    176.438      98.88     3.4198     3.4084    33.9807     6.4194   3.127211    27.0336     0.0003    -0.6178     0.1341     0.1862    96.7023    95.4507    -0.2812     2.1336     0.1693     0.0684     0.0739     4.5641     4.5066    33.9815    1465.78  1027.8645 0.0000e+00
    179.000    177.431      98.88     3.4416     3.4301    33.9839     6.3984   3.129456    27.0341     0.0003    -0.5987     0.1342     0.1850    96.7002    95.4792    -0.2812     2.1318     0.1700     0.0684     0.0740     4.5640     4.5079    33.9852    1465.89  1027.8699 0.0000e+00
    180.000    178.423      98.88     3.4499     3.4384    33.9857     6.3576   3.130382    27.0347     0.0003    -0.6222     0.1342     0.1850    96.6999    95.4805    -0.2792     2.1275     0.1701     0.0684     0.0739     4.5639     4.5080    33.9871    1465.95  1027.8752 0.0000e+00
    181.000    179.411      98.88     5.0469     5.0333    33.9879     6.3130   3.180634    26.0275     0.0003    -0.6467     0.1342     0.1834    96.7003    95.5197    -0.2812     2.1213     0.1697     0.0684     0.0738     4.5640     4.5099    33.8756    1469.43  1027.3016 0.0000e+00
    182.000    180.401      98.88     3.4759     3.4642    33.9911     6.2842   3.175885    27.0396     0.0003    -0.6391     0.1343     0.1831    96.6984    95.5265    -0.2812     2.1147     0.1702     0.0684     0.0738     4.5639     4.5102    34.5029    1466.77  1028.2934 0.0000e+00
    183.000    181.387      98.88     3.5029     3.4911    33.9952     6.2810   3.170249    27.0373     0.0003    -0.6183     0.1341     0.1829    96.7034    95.5307    -0.2812     2.1105     0.1702     0.0684     0.0739     4.5641     4.5104    34.4093    1466.77  1028.2197 0.0000e+00
    184.000    182.382      98.88     3.5196     3.5077    33.9996     6.2803   3.167024    27.0392     0.0003    -0.5920     0.1343     0.1819    96.6989    95.5543    -0.2760     2.1081     0.1697     0.0685     0.0741     4.5639     4.5115    34.3523    1466.78  1028.1772 0.0000e+00
    185.000    183.372      98.88     3.5366     3.5246    34.0048     6.2672   3.165357    27.0418     0.0003    -0.5704     0.1343     0.1817    96.6996    95.5585    -0.2813     2.1057     0.1703     0.0684     0.0742     4.5639     4.5117    34.3137    1466.82  1028.1495 0.0000e+00
    186.000    184.365      98.88     3.5332     3.5211    34.0068     6.2550   3.162284    27.0436     0.0003    -0.5938     0.1343     0.1808    96.6984    95.5806    -0.2812     2.1032     0.1705     0.0684     0.0740     4.5639     4.5127    34.2799    1466.78  1028.1276 0.0000e+00
    187.000    185.363      98.88     3.5057     3.4936    34.0103     6.2387   3.157274    27.0491     0.0003    -0.6257     0.1342     0.1807    96.7003    95.5830    -0.2812     2.0996     0.1694     0.0684     0.0739     4.5640     4.5128    34.2482    1466.64  1028.1098 0.0000e+00
    188.000    186.350      98.88     3.4812     3.4691    34.0125     6.2047   3.151175    27.0532     0.0003    -0.6103     0.1343     0.1805    96.6986    95.5867    -0.2812     2.0926     0.1693     0.0684     0.0740     4.5639     4.5130    34.2000    1466.49  1028.0787 0.0000e+00
    189.000    187.330      98.88     3.4957     3.4835    34.0154     6.1902   3.147938    27.0542     0.0003    -0.6328     0.1346     0.1796    96.6906    95.6091    -0.2797     2.0851     0.1704     0.0684     0.0739     4.5635     4.5140    34.1453    1466.49  1028.0384 0.0000e+00
    190.000    188.323      98.88     3.5289     3.5165    34.0217     6.1990   3.149711    27.0559     0.0003    -0.6226     0.1346     0.1797    96.6925    95.6068    -0.2812     2.0838     0.1682     0.0684     0.0739     4.5636     4.5139    34.1313    1466.63  1028.0285 0.0000e+00
    191.000    189.312      98.88     3.5344     3.5220    34.0256     6.1970   3.149451    27.0586     0.0002    -0.6353     0.1347     0.1797    96.6903    95.6064    -0.2812     2.0829     0.1673     0.0684     0.0738     4.5635     4.5139    34.1218    1466.66  1028.0251 0.0000e+00
    192.000    190.305      98.88     3.5225     3.5101    34.0292     6.1906   3.147907    27.0626     0.0003    -0.5707     0.1348     0.1805    96.6880    95.5886    -0.2812     2.0814     0.1696     0.0684     0.0742     4.5634     4.5131    34.1152    1466.62  1028.0256 0.0000e+00
    193.000    191.297      98.88     3.5295     3.5170    34.0326     6.1735   3.148196    27.0646     0.0003    -0.6298     0.1347     0.1801    96.6881    95.5983    -0.2812     2.0793     0.1721     0.0684     0.0739     4.5634     4.5135    34.1108    1466.66  1028.0261 0.0000e+00
    194.000    192.294      98.88     3.5353     3.5226    34.0348     6.1516   3.148335    27.0658     0.0003    -0.5930     0.1347     0.1799    96.6903    95.6009    -0.2812     2.0770     0.1757     0.0684     0.0740     4.5635     4.5136    34.1059    1466.69  1028.0263 0.0000e+00
    195.000    193.290      98.88     3.5323     3.5196    34.0383     6.1325   3.147810    27.0689     0.0003    -0.5508     0.1345     0.1803    96.6929    95.5936    -0.2812     2.0739     0.1779     0.0684     0.0743     4.5636     4.5133    34.1022    1466.69  1028.0283 0.0000e+00
    196.000    194.281      98.88     3.5305     3.5178    34.0392     6.1127   3.147025    27.0698     0.0002    -0.6010     0.1347     0.1798    96.6895    95.6050    -0.2812     2.0697     0.1708     0.0684     0.0740     4.5635     4.5138    34.0941    1466.69  1028.0267 0.0000e+00
    197.000    195.259      98.88     3.5291     3.5163    34.0403     6.1000   3.145555    27.0708     0.0003    -0.6200     0.1350     0.1792    96.6822    95.6187    -0.2812     2.0619     0.1690     0.0684     0.0739     4.5631     4.5145    34.0774    1466.68  1028.0182 0.0000e+00
    198.000    196.252      98.88     3.5284     3.5156    34.0422     6.0986   3.144887    27.0724     0.0002    -0.5819     0.1352     0.1784    96.6783    95.6379    -0.2812     2.0582     0.1678     0.0684     0.0741     4.5629     4.5154    34.0695    1466.68  1028.0166 0.0000e+00
    199.000    197.236      98.88     3.5273     3.5144    34.0435     6.1014   3.144632    27.0736     0.0003    -0.6450     0.1351     0.1786    96.6798    95.6324    -0.2812     2.0573     0.1697     0.0684     0.0738     4.5630     4.5152    34.0671    1466.69  1028.0195 0.0000e+00
    200.000    198.227      98.88     3.5236     3.5106    34.0441     6.0976   3.144170    27.0744     0.0003    -0.5692     0.1351     0.1789    96.6803    95.6248    -0.2812     2.0561     0.1697     0.0684     0.0742     4.5630     4.5148    34.0649    1466.69  1028.0228 0.0000e+00
    201.000    199.228      98.88     3.5214     3.5083    34.0456     6.0910   3.143986    27.0758     0.0003    -0.6071     0.1352     0.1792    96.6774    95.6188    -0.2774     2.0550     0.1698     0.0685     0.0740     4.5629     4.5145    34.0644    1466.69  1028.0273 0.0000e+00
    202.000    200.223      98.88     3.5156     3.5025    34.0483     6.0878   3.143576    27.0785     0.0003    -0.6036     0.1351     0.1787    96.6788    95.6294    -0.2812     2.0538     0.1697     0.0684     0.0740     4.5630     4.5150    34.0651    1466.69  1028.0330 0.0000e+00
    203.000    201.216      98.88     3.5058     3.4926    34.0506     6.0821   3.142765    27.0813     0.0003    -0.6351     0.1352     0.1791    96.6774    95.6198    -0.2812     2.0524     0.1695     0.0684     0.0738     4.5629     4.5145    34.0650    1466.66  1028.0387 0.0000e+00
    204.000    202.201      98.88     3.5101     3.4969    34.0545     6.0685   3.143295    27.0840     0.0003    -0.6235     0.1352     0.1786    96.6769    95.6334    -0.2799     2.0496     0.1691     0.0684     0.0739     4.5629     4.5152    34.0663    1466.70  1028.0439 0.0000e+00
    205.000    203.181      98.88     3.5040     3.4907    34.0553     6.0655   3.142615    27.0852     0.0003    -0.6332     0.1353     0.1776    96.6745    95.6571    -0.2813     2.0469     0.1704     0.0684     0.0738     4.5628     4.5163    34.0641    1466.68  1028.0474 0.0000e+00
    206.000    204.178      98.88     3.4921     3.4788    34.0545     6.0467   3.141419    27.0857     0.0003    -0.6321     0.1354     0.1775    96.6734    95.6597    -0.2812     2.0441     0.1710     0.0684     0.0739     4.5627     4.5165    34.0615    1466.65  1028.0512 0.0000e+00
    207.000    205.168      98.88     3.4845     3.4711    34.0554     6.0434   3.140771    27.0872     0.0003    -0.5623     0.1354     0.1768    96.6720    95.6779    -0.2812     2.0423     0.1685     0.0684     0.0742     4.5627     4.5173    34.0612    1466.63  1028.0564 0.0000e+00
    208.000    206.159      98.88     3.4890     3.4755    34.0558     6.0413   3.141184    27.0871     0.0003    -0.6595     0.1353     0.1774    96.6751    95.6641    -0.2812     2.0407     0.1685     0.0684     0.0737     4.5628     4.5167    34.0610    1466.67  1028.0604 0.0000e+00
    209.000    207.151      98.88     3.4868     3.4733    34.0559     6.0473   3.140992    27.0874     0.0003    -0.6071     0.1353     0.1780    96.6751    95.6484    -0.2812     2.0402     0.1685     0.0684     0.0740     4.5628     4.5159    34.0604    1466.67  1028.0648 0.0000e+00
    210.000    208.144      98.88     3.4775     3.4639    34.0558     6.0525   3.140149    27.0882     0.0003    -0.6117     0.1356     0.1793    96.6681    95.6175    -0.2812     2.0394     0.1685     0.0684     0.0740     4.5625     4.5144    34.0594    1466.65  1028.0697 0.0000e+00
    211.000    209.137      98.88     3.4755     3.4619    34.0559     6.0386   3.139981    27.0885     0.0003    -0.6140     0.1362     0.1778    96.6520    95.6541    -0.2812     2.0378     0.1705     0.0684     0.0739     4.5617     4.5162    34.0590    1466.66  1028.0742 0.0000e+00
    212.000    210.126      98.88     3.4648     3.4511    34.0580     6.0364   3.139190    27.0912     0.0003    -0.6244     0.1362     0.1779    96.6524    95.6497    -0.2812     2.0361     0.1714     0.0684     0.0739     4.5617     4.5160    34.0601    1466.63  1028.0808 0.0000e+00
    213.000    211.105      98.88     3.4561     3.4423    34.0600     6.0388   3.138570    27.0936     0.0003    -0.6295     0.1362     0.1775    96.6514    95.6608    -0.2812     2.0345     0.1683     0.0684     0.0739     4.5617     4.5165    34.0613    1466.61  1028.0873 0.0000e+00
    214.000    212.100      98.88     3.4547     3.4409    34.0613     6.0259   3.138582    27.0947     0.0003    -0.6124     0.1362     0.1771    96.6515    95.6695    -0.2812     2.0329     0.1685     0.0684     0.0740     4.5617     4.5169    34.0623    1466.62  1028.0929 0.0000e+00
    215.000    213.095      98.88     3.4542     3.4403    34.0617     6.0198   3.138602    27.0952     0.0003    -0.6117     0.1362     0.1774    96.6515    95.6630    -0.2812     2.0317     0.1693     0.0684     0.0740     4.5617     4.5166    34.0626    1466.64  1028.0979 0.0000e+00
    216.000    214.085      98.88     3.4542     3.4402    34.0618     6.0234   3.138650    27.0953     0.0003    -0.5938     0.1363     0.1772    96.6490    95.6681    -0.2812     2.0311     0.1705     0.0684     0.0740     4.5616     4.5168    34.0626    1466.65  1028.1025 0.0000e+00
    217.000    215.079      98.88     3.4532     3.4392    34.0621     6.0243   3.138623    27.0956     0.0002    -0.5924     0.1363     0.1774    96.6493    95.6629    -0.2812     2.0304     0.1673     0.0684     0.0740     4.5616     4.5166    34.0628    1466.66  1028.1074 0.0000e+00
    218.000    216.069      98.88     3.4516     3.4375    34.0626     6.0153   3.138552    27.0961     0.0002    -0.6098     0.1363     0.1775    96.6488    95.6607    -0.2812     2.0291     0.1674     0.0684     0.0740     4.5616     4.5165    34.0631    1466.67  1028.1125 0.0000e+00
    219.000    217.060      98.88     3.4497     3.4355    34.0633     6.0182   3.138480    27.0969     0.0003    -0.6027     0.1363     0.1774    96.6493    95.6642    -0.2796     2.0283     0.1685     0.0684     0.0740     4.5616     4.5167    34.0637    1466.68  1028.1178 0.0000e+00
    220.000    218.049      98.88     3.4470     3.4328    34.0649     6.0100   3.138413    27.0984     0.0002    -0.6199     0.1362     0.1769    96.6504    95.6742    -0.2812     2.0266     0.1681     0.0684     0.0739     4.5616     4.5171    34.0651    1466.69  1028.1239 0.0000e+00
    221.000    219.033      98.88     3.4464     3.4321    34.0711     6.0016   3.138907    27.1034     0.0003    -0.6168     0.1364     0.1773    96.6458    95.6646    -0.2812     2.0246     0.1690     0.0684     0.0739     4.5614     4.5167    34.0712    1466.71  1028.1334 0.0000e+00
    222.000    220.023      98.88     3.4486     3.4343    34.0761     5.9953   3.139565    27.1072     0.0003    -0.6228     0.1367     0.1781    96.6395    95.6445    -0.2788     2.0232     0.1685     0.0684     0.0739     4.5611     4.5158    34.0762    1466.74  1028.1418 0.0000e+00
    223.000    221.017      98.88     3.4484     3.4340    34.0779     5.9928   3.139744    27.1087     0.0003    -0.6747     0.1368     0.1766    96.6379    95.6816    -0.2812     2.0222     0.1697     0.0684     0.0736     4.5610     4.5175    34.0781    1466.76  1028.1480 0.0000e+00
    224.000    222.008      98.88     3.4461     3.4317    34.0781     5.9819   3.139599    27.1090     0.0003    -0.6674     0.1366     0.1774    96.6420    95.6633    -0.2812     2.0204     0.1706     0.0684     0.0737     4.5612     4.5166    34.0782    1466.77  1028.1529 0.0000e+00
    225.000    223.008      98.88     3.4447     3.4302    34.0784     5.9633   3.139545    27.1095     0.0003    -0.5820     0.1368     0.1765    96.6367    95.6842    -0.2812     2.0182     0.1698     0.0684     0.0741     4.5610     4.5176    34.0785    1466.78  1028.1580 0.0000e+00
    226.000    223.998      98.88     3.4444     3.4298    34.0790     5.9462   3.139609    27.1100     0.0003    -0.5993     0.1369     0.1769    96.6346    95.6756    -0.2812     2.0153     0.1685     0.0684     0.0740     4.5609     4.5172    34.0790    1466.80  1028.1631 0.0000e+00
