Data/raw_excel/lovbio036b/CTD/dstn023a_36b-47c.cnv
* Sea-Bird SBE 9 Data File:
* FileName = C:\CTD Data\AGU015\Monitoring Line\stn023a.hex
* Software Version Seasave V 7.23.1
* Temperature SN = 5646
* Conductivity SN = 4127
* Number of Bytes Per Scan = 34
* Number of Voltage Words = 5
* Number of Scans Averaged by the Deck Unit = 1
* NMEA Latitude = 47 30.08 S
* NMEA Longitude = 037 18.05 E
* NMEA UTC (Time) = Apr 25 2015 12:14:20
* NMEA baud rate = 4800
** Ship: SA Agulhas II
** Cruise Marion 2015 Voy015
** Ship Station AM00373
** Grid Number VOY-015-031
** Latitude 47° 30.066' S
** Longitude 37° 18.075' E
** Depth 4114m
** Operator Nazeera / Mfundo
# nquan = 26
# nvalues = 228                         
# units = specified
# name 0 = prDM: Pressure, Digiquartz [db]
# name 1 = depSM: Depth [salt water, m]
# name 2 = altM: Altimeter [m]
# name 3 = t090C: Temperature [ITS-90, deg C]
# name 4 = potemp090C: Potential Temperature [ITS-90, deg C]
# name 5 = sal00: Salinity, Practical [PSU]
# name 6 = sbeox0ML/L: Oxygen, SBE 43 [ml/l]
# name 7 = c0S/m: Conductivity [S/m]
# name 8 = sigma-é00: Density [sigma-theta, kg/m^3]
# name 9 = turbWETbb0: Turbidity, WET Labs ECO BB [m^-1/sr]
# name 10 = turbWETntu0: Turbidity, WET Labs ECO [NTU]
# name 11 = CStarAt0: Beam Attenuation, WET Labs C-Star [1/m]
# name 12 = CStarAt1: Beam Attenuation, WET Labs C-Star, 2 [1/m]
# name 13 = CStarTr0: Beam Transmission, WET Labs C-Star [%]
# name 14 = CStarTr1: Beam Transmission, WET Labs C-Star, 2 [%]
# name 15 = flECO-AFL: Fluorescence, WET Labs ECO-AFL/FL [mg/m^3]
# name 16 = v0: Voltage 0
# name 17 = v1: Voltage 1
# name 18 = v2: Voltage 2
# name 19 = v3: Voltage 3
# name 20 = v4: Voltage 4
# name 21 = v5: Voltage 5
# name 22 = sal00: Salinity, Practical [PSU]
# name 23 = svCM: Sound Velocity [Chen-Millero, m/s]
# name 24 = density00: Density [density, kg/m^3]
# name 25 = flag: flag
# span 0 =      5.000,    232.000       
# span 1 =      4.954,    229.945       
# span 2 =       1.57,      99.10       
# span 3 =     3.3230,     5.0548       
# span 4 =     3.3121,     5.0545       
# span 5 =    33.7681,    34.0870       
# span 6 =     5.9228,     6.9363       
# span 7 =   3.114818,   3.244440       
# span 8 =    26.0275,    27.1162       
# span 9 =     0.0002,     0.0004       
# span 10 =    -0.6747,    -0.3087      
# span 11 =     0.1257,     0.1371      
# span 12 =     0.1753,     0.2649      
# span 13 =    96.6311,    96.9059      
# span 14 =    93.5925,    95.7113      
# span 15 =    -0.2823,     0.4893      
# span 16 =     2.0035,     2.3709      
# span 17 =     0.1673,     0.2094      
# span 18 =     0.0684,     0.0837      
# span 19 =     0.0736,     0.0755      
# span 20 =     4.5607,     4.5737      
# span 21 =     4.4189,     4.5188      
# span 22 =    33.7681,    34.5029      
# span 23 =    1465.11,    1469.98      
# span 24 =  1026.7155,  1028.2934      
# span 25 = 0.0000e+00, 0.0000e+00      
# interval = decibars: 1                
# start_time = Apr 25 2015 12:14:20 [NMEA time, header]
# bad_flag = -9.990e-29
*END*
      5.000      4.954       2.50     5.0548     5.0545    33.7681     6.8986   3.244240    26.6924     0.0003    -0.3554     0.1257     0.2590    96.9059    93.7303     0.3295     2.3709     0.1881     0.0806     0.0752     4.5737     4.4254    33.7681    1469.47  1026.7155 0.0000e+00
      6.000      5.952       2.43     5.0545     5.0541    33.7681     6.8977   3.244262    26.6925     0.0003    -0.4236     0.1261     0.2612    96.8964    93.6774     0.2624     2.3688     0.1835     0.0793     0.0749     4.5732     4.4229    33.7681    1469.48  1026.7203 0.0000e+00
      7.000      6.940       2.61     5.0545     5.0540    33.7681     6.8901   3.244306    26.6925     0.0003    -0.3689     0.1266     0.2613    96.8843    93.6758     0.2817     2.3668     0.1830     0.0797     0.0752     4.5726     4.4228    33.7681    1469.50  1026.7249 0.0000e+00
      8.000      7.934       2.86     5.0542     5.0536    33.7682     6.8954   3.244328    26.6926     0.0003    -0.3596     0.1267     0.2591    96.8824    93.7276     0.3205     2.3664     0.1825     0.0804     0.0752     4.5725     4.4252    33.7682    1469.51  1026.7296 0.0000e+00
      9.000      8.924      81.51     5.0543     5.0536    33.7682     6.8958   3.244384    26.6926     0.0003    -0.3388     0.1265     0.2593    96.8859    93.7241     0.3035     2.3663     0.1835     0.0801     0.0753     4.5727     4.4251    33.7682    1469.53  1026.7343 0.0000e+00
     10.000      9.915      51.55     5.0535     5.0528    33.7684     6.8928   3.244372    26.6928     0.0003    -0.4931     0.1267     0.2593    96.8828    93.7231     0.3248     2.3654     0.1819     0.0805     0.0745     4.5725     4.4250    33.7683    1469.55  1026.7391 0.0000e+00
     11.000     10.902       1.57     5.0523     5.0515    33.7684     6.8954   3.244308    26.6930     0.0003    -0.5998     0.1267     0.2594    96.8829    93.7206     0.3199     2.3655     0.1827     0.0804     0.0740     4.5725     4.4249    33.7684    1469.56  1026.7439 0.0000e+00
     12.000     11.901       2.89     5.0526     5.0517    33.7684     6.8920   3.244383    26.6930     0.0003    -0.5883     0.1269     0.2607    96.8772    93.6892     0.3269     2.3652     0.1821     0.0806     0.0741     4.5723     4.4234    33.7684    1469.57  1026.7485 0.0000e+00
     13.000     12.896       2.94     5.0526     5.0516    33.7685     6.8939   3.244433    26.6930     0.0003    -0.4726     0.1270     0.2596    96.8747    93.7160     0.3279     2.3650     0.1812     0.0806     0.0746     4.5721     4.4247    33.7684    1469.59  1026.7532 0.0000e+00
     14.000     13.881      68.07     5.0503     5.0492    33.7685     6.8833   3.244272    26.6933     0.0003    -0.5644     0.1268     0.2593    96.8806    93.7219     0.3255     2.3634     0.1819     0.0805     0.0742     4.5724     4.4250    33.7684    1469.60  1026.7581 0.0000e+00
     15.000     14.872      99.10     5.0469     5.0458    33.7688     6.8864   3.244038    26.6939     0.0003    -0.3087     0.1266     0.2596    96.8855    93.7170     0.3249     2.3629     0.1832     0.0805     0.0755     4.5726     4.4247    33.7686    1469.60  1026.7632 0.0000e+00
     16.000     15.870      98.88     5.0497     5.0485    33.7686     6.8927   3.244324    26.6935     0.0003    -0.5413     0.1266     0.2591    96.8845    93.7280     0.3238     2.3632     0.1832     0.0805     0.0743     4.5726     4.4252    33.7685    1469.63  1026.7675 0.0000e+00
     17.000     16.857      98.88     5.0495     5.0482    33.7687     6.9015   3.244356    26.6936     0.0003    -0.4827     0.1266     0.2589    96.8835    93.7319     0.3745     2.3642     0.1834     0.0815     0.0746     4.5726     4.4254    33.7686    1469.64  1026.7722 0.0000e+00
     18.000     17.842      98.88     5.0500     5.0486    33.7686     6.9066   3.244440    26.6935     0.0003    -0.5545     0.1266     0.2590    96.8846    93.7310     0.3806     2.3653     0.1833     0.0816     0.0742     4.5726     4.4254    33.7686    1469.66  1026.7768 0.0000e+00
     19.000     18.833      98.88     5.0452     5.0437    33.7692     6.9055   3.244099    26.6945     0.0003    -0.6301     0.1266     0.2595    96.8845    93.7180     0.4380     2.3652     0.1850     0.0827     0.0739     4.5726     4.4248    33.7690    1469.66  1026.7823 0.0000e+00
     20.000     19.837      98.88     5.0399     5.0384    33.7693     6.9030   3.243681    26.6952     0.0003    -0.5987     0.1267     0.2587    96.8819    93.7361     0.3877     2.3650     0.1821     0.0817     0.0740     4.5725     4.4256    33.7690    1469.65  1026.7876 0.0000e+00
     21.000     20.829      98.88     5.0427     5.0411    33.7689     6.8903   3.243949    26.6946     0.0003    -0.6389     0.1266     0.2587    96.8835    93.7373     0.4135     2.3635     0.1842     0.0823     0.0738     4.5726     4.4257    33.7688    1469.68  1026.7917 0.0000e+00
     22.000     21.818      98.88     5.0442     5.0425    33.7688     6.8798   3.244123    26.6943     0.0003    -0.6324     0.1266     0.2579    96.8840    93.7552     0.3892     2.3617     0.1819     0.0818     0.0739     4.5726     4.4265    33.7687    1469.70  1026.7961 0.0000e+00
     23.000     22.799      98.88     5.0416     5.0398    33.7689     6.8909   3.243943    26.6947     0.0003    -0.6262     0.1266     0.2570    96.8845    93.7773     0.4330     2.3612     0.1934     0.0826     0.0739     4.5726     4.4276    33.7688    1469.71  1026.8011 0.0000e+00
     24.000     23.793      98.88     5.0389     5.0371    33.7691     6.8894   3.243760    26.6952     0.0004    -0.5851     0.1266     0.2573    96.8845    93.7712     0.3736     2.3612     0.2078     0.0815     0.0741     4.5726     4.4273    33.7689    1469.71  1026.8061 0.0000e+00
     25.000     24.790      98.88     5.0334     5.0315    33.7694     6.9021   3.243344    26.6961     0.0003    -0.6053     0.1266     0.2573    96.8845    93.7699     0.3874     2.3618     0.1833     0.0817     0.0740     4.5726     4.4273    33.7691    1469.71  1026.8115 0.0000e+00
     26.000     25.786      98.88     5.0372     5.0352    33.7690     6.9037   3.243694    26.6953     0.0003    -0.5755     0.1266     0.2572    96.8834    93.7713     0.3904     2.3621     0.1832     0.0818     0.0741     4.5725     4.4273    33.7688    1469.74  1026.8156 0.0000e+00
     27.000     26.774      98.88     5.0351     5.0331    33.7693     6.9072   3.243581    26.6958     0.0003    -0.6308     0.1266     0.2569    96.8845    93.7797     0.4205     2.3627     0.1842     0.0824     0.0739     4.5726     4.4277    33.7690    1469.75  1026.8206 0.0000e+00
     28.000     27.764      98.88     5.0306     5.0285    33.7696     6.9059   3.243246    26.6965     0.0003    -0.6067     0.1266     0.2565    96.8836    93.7879     0.4452     2.3627     0.1826     0.0829     0.0740     4.5726     4.4281    33.7693    1469.75  1026.8259 0.0000e+00
     29.000     28.754      98.88     5.0232     5.0210    33.7701     6.9037   3.242676    26.6978     0.0003    -0.5256     0.1266     0.2579    96.8836    93.7561     0.4451     2.3624     0.1893     0.0829     0.0744     4.5726     4.4266    33.7696    1469.73  1026.8317 0.0000e+00
     30.000     29.747      98.88     5.0204     5.0182    33.7700     6.8965   3.242462    26.6980     0.0003    -0.4083     0.1266     0.2584    96.8845    93.7434     0.4423     2.3615     0.1826     0.0828     0.0750     4.5726     4.4260    33.7695    1469.74  1026.8366 0.0000e+00
     31.000     30.738      98.88     5.0149     5.0126    33.7701     6.8976   3.242027    26.6988     0.0003    -0.6009     0.1266     0.2649    96.8845    93.5925     0.3798     2.3613     0.1948     0.0816     0.0740     4.5726     4.4189    33.7696    1469.73  1026.8419 0.0000e+00
     32.000     31.733      98.88     5.0119     5.0095    33.7703     6.8952   3.241824    26.6993     0.0004    -0.6274     0.1266     0.2595    96.8855    93.7176     0.3903     2.3602     0.2094     0.0818     0.0739     4.5727     4.4248    33.7698    1469.74  1026.8470 0.0000e+00
     33.000     32.725      98.88     5.0072     5.0048    33.7707     6.8838   3.241487    26.7001     0.0003    -0.5797     0.1266     0.2582    96.8845    93.7482     0.3839     2.3587     0.1842     0.0817     0.0741     4.5726     4.4262    33.7701    1469.74  1026.8525 0.0000e+00
     34.000     33.716      98.88     5.0057     5.0031    33.7706     6.8831   3.241394    26.7003     0.0003    -0.6188     0.1266     0.2579    96.8845    93.7567     0.3793     2.3577     0.1826     0.0816     0.0739     4.5726     4.4266    33.7700    1469.74  1026.8573 0.0000e+00
     35.000     34.701      98.88     5.0049     5.0022    33.7706     6.8979   3.241377    26.7004     0.0003    -0.6297     0.1266     0.2566    96.8838    93.7860     0.4236     2.3580     0.1855     0.0825     0.0739     4.5726     4.4280    33.7702    1469.76  1026.8621 0.0000e+00
     36.000     35.693      98.88     5.0033     5.0006    33.7707     6.9045   3.241288    26.7006     0.0003    -0.6269     0.1267     0.2564    96.8827    93.7913     0.3829     2.3585     0.1844     0.0817     0.0739     4.5725     4.4283    33.7702    1469.77  1026.8669 0.0000e+00
     37.000     36.686      98.88     5.0034     5.0007    33.7706     6.8961   3.241346    26.7005     0.0003    -0.6003     0.1266     0.2563    96.8833    93.7936     0.4496     2.3578     0.1844     0.0830     0.0740     4.5725     4.4284    33.7702    1469.79  1026.8715 0.0000e+00
     38.000     37.677      98.88     5.0021     4.9993    33.7707     6.8878   3.241286    26.7007     0.0003    -0.5984     0.1266     0.2552    96.8845    93.8192     0.3777     2.3570     0.1855     0.0816     0.0740     4.5726     4.4296    33.7703    1469.79  1026.8764 0.0000e+00
     39.000     38.670      98.88     4.9995     4.9966    33.7706     6.8900   3.241086    26.7010     0.0003    -0.6224     0.1266     0.2541    96.8845    93.8445     0.3872     2.3568     0.1832     0.0817     0.0739     4.5726     4.4307    33.7702    1469.80  1026.8812 0.0000e+00
     40.000     39.670      98.88     4.9924     4.9894    33.7707     6.8991   3.240502    26.7019     0.0003    -0.5659     0.1266     0.2548    96.8845    93.8279     0.4007     2.3571     0.1855     0.0820     0.0742     4.5726     4.4300    33.7701    1469.79  1026.8867 0.0000e+00
     41.000     40.660      98.88     4.9920     4.9890    33.7706     6.8976   3.240520    26.7019     0.0003    -0.6421     0.1266     0.2551    96.8837    93.8220     0.4456     2.3565     0.1885     0.0829     0.0738     4.5726     4.4297    33.7701    1469.80  1026.8914 0.0000e+00
     42.000     41.642      98.88     4.9909     4.9877    33.7703     6.8897   3.240444    26.7018     0.0003    -0.5938     0.1266     0.2543    96.8839    93.8414     0.4514     2.3556     0.1883     0.0830     0.0740     4.5726     4.4306    33.7699    1469.82  1026.8959 0.0000e+00
     43.000     42.635      98.88     4.9861     4.9829    33.7703     6.8978   3.240065    26.7023     0.0003    -0.5924     0.1266     0.2538    96.8837    93.8525     0.4187     2.3554     0.1828     0.0824     0.0741     4.5726     4.4311    33.7699    1469.81  1026.9011 0.0000e+00
     44.000     43.628      98.88     4.9831     4.9798    33.7703     6.8919   3.239839    26.7026     0.0003    -0.6040     0.1266     0.2547    96.8845    93.8312     0.4139     2.3548     0.1844     0.0823     0.0740     4.5726     4.4301    33.7698    1469.82  1026.9060 0.0000e+00
     45.000     44.616      98.88     4.9810     4.9776    33.7702     6.8901   3.239696    26.7028     0.0003    -0.6327     0.1266     0.2549    96.8845    93.8263     0.4183     2.3543     0.1844     0.0823     0.0739     4.5726     4.4299    33.7698    1469.82  1026.9108 0.0000e+00
     46.000     45.610      98.88     4.9791     4.9756    33.7703     6.8948   3.239574    26.7031     0.0003    -0.5892     0.1267     0.2540    96.8833    93.8467     0.4321     2.3543     0.1843     0.0826     0.0741     4.5725     4.4308    33.7698    1469.83  1026.9157 0.0000e+00
     47.000     46.600      98.88     4.9763     4.9728    33.7705     6.9009   3.239391    26.7036     0.0003    -0.5938     0.1266     0.2535    96.8845    93.8587     0.4893     2.3545     0.1843     0.0837     0.0740     4.5726     4.4314    33.7700    1469.84  1026.9208 0.0000e+00
     48.000     47.596      98.88     4.9753     4.9717    33.7703     6.8977   3.239335    26.7036     0.0003    -0.6349     0.1269     0.2530    96.8780    93.8707     0.4423     2.3540     0.1832     0.0828     0.0738     4.5723     4.4320    33.7698    1469.85  1026.9255 0.0000e+00
     49.000     48.594      98.88     4.9750     4.9713    33.7703     6.8848   3.239356    26.7036     0.0003    -0.6413     0.1274     0.2520    96.8667    93.8945     0.4443     2.3528     0.1822     0.0829     0.0738     4.5718     4.4331    33.7699    1469.86  1026.9302 0.0000e+00
     50.000     49.579      98.88     4.9748     4.9711    33.7702     6.8891   3.239393    26.7036     0.0003    -0.5713     0.1267     0.2518    96.8825    93.9004     0.4222     2.3523     0.1824     0.0824     0.0742     4.5725     4.4334    33.7699    1469.88  1026.9349 0.0000e+00
     51.000     50.563      98.88     4.9753     4.9715    33.7702     6.8920   3.239481    26.7035     0.0003    -0.6499     0.1266     0.2525    96.8846    93.8820     0.4443     2.3520     0.1805     0.0829     0.0738     4.5726     4.4325    33.7700    1469.90  1026.9395 0.0000e+00
     52.000     51.554      98.88     4.9751     4.9712    33.7702     6.8949   3.239515    26.7035     0.0003    -0.6275     0.1266     0.2541    96.8845    93.8444     0.4435     2.3520     0.1858     0.0828     0.0739     4.5726     4.4307    33.7700    1469.91  1026.9441 0.0000e+00
     53.000     52.550      98.88     4.9736     4.9696    33.7701     6.8987   3.239417    26.7037     0.0003    -0.5935     0.1269     0.2554    96.8770    93.8153     0.4485     2.3523     0.1844     0.0829     0.0740     4.5723     4.4294    33.7699    1469.93  1026.9489 0.0000e+00
     54.000     53.546      98.88     4.9726     4.9685    33.7702     6.9026   3.239383    26.7039     0.0003    -0.6225     0.1270     0.2541    96.8739    93.8450     0.4459     2.3525     0.1844     0.0829     0.0739     4.5721     4.4308    33.7700    1469.94  1026.9537 0.0000e+00
     55.000     54.540      49.52     4.9727     4.9686    33.7702     6.9021   3.239443    26.7039     0.0003    -0.6136     0.1276     0.2524    96.8599    93.8850     0.4467     2.3525     0.1837     0.0829     0.0739     4.5715     4.4327    33.7700    1469.95  1026.9584 0.0000e+00
     56.000     55.524      95.09     4.9723     4.9681    33.7702     6.8867   3.239441    26.7038     0.0003    -0.6334     0.1275     0.2527    96.8632    93.8776     0.3879     2.3511     0.1823     0.0818     0.0738     4.5716     4.4323    33.7700    1469.97  1026.9630 0.0000e+00
     57.000     56.515      98.91     4.9712     4.9670    33.7702     6.8827   3.239403    26.7040     0.0003    -0.5843     0.1272     0.2528    96.8700    93.8767     0.4020     2.3499     0.1830     0.0820     0.0741     4.5719     4.4322    33.7700    1469.98  1026.9678 0.0000e+00
     58.000     57.503      98.88     4.9666     4.9623    33.7703     6.8808   3.239039    26.7046     0.0003    -0.5719     0.1272     0.2508    96.8705    93.9221     0.4473     2.3490     0.1833     0.0829     0.0742     4.5720     4.4344    33.7700    1469.98  1026.9730 0.0000e+00
     59.000     58.494      98.88     4.9638     4.9593    33.7704     6.8872   3.238839    26.7051     0.0003    -0.6227     0.1270     0.2522    96.8741    93.8889     0.4483     2.3490     0.1868     0.0829     0.0739     4.5721     4.4329    33.7700    1469.98  1026.9780 0.0000e+00
