Data/Raw HPLC Argo/lovbio036b/CTD/dstn023_36b-47c.cnv
* Sea-Bird SBE 9 Data File:
* FileName = C:\CTD Data\AGU015\Monitoring Line\stn023.hex
* Software Version Seasave V 7.23.1
* Temperature SN = 5646
* Conductivity SN = 4127
* Number of Bytes Per Scan = 34
* Number of Voltage Words = 5
* Number of Scans Averaged by the Deck Unit = 1
* NMEA Latitude = 47 30.06 S
* NMEA Longitude = 037 18.07 E
* NMEA UTC (Time) = Apr 25 2015 08:04:18
* NMEA baud rate = 4800
** Ship: SA Agulhas II
** Cruise Marion 2015 Voy015
** Ship Station AM00373
** Grid Number VOY-015-031
** Latitude 47° 30.066' S
** Longitude 37° 18.075' E
** Depth 4114m
** Operator Nazeera / Gavin
# nquan = 26
# nvalues = 4131                        
# units = specified
# name 0 = prDM: Pressure, Digiquartz [db]
# name 1 = depSM: Depth [salt water, m]
# name 2 = altM: Altimeter [m]
# name 3 = t090C: Temperature [ITS-90, deg C]
# name 4 = potemp090C: Potential Temperature [ITS-90, deg C]
# name 5 = sal00: Salinity, Practical [PSU]
# name 6 = sbeox0ML/L: Oxygen, SBE 43 [ml/l]
# name 7 = c0S/m: Conductivity [S/m]
# name 8 = sigma-é00: Density [sigma-theta, kg/m^3]
# name 9 = turbWETbb0: Turbidity, WET Labs ECO BB [m^-1/sr]
# name 10 = turbWETntu0: Turbidity, WET Labs ECO [NTU]
# name 11 = CStarAt0: Beam Attenuation, WET Labs C-Star [1/m]
# name 12 = CStarAt1: Beam Attenuation, WET Labs C-Star, 2 [1/m]
# name 13 = CStarTr0: Beam Transmission, WET Labs C-Star [%]
# name 14 = CStarTr1: Beam Transmission, WET Labs C-Star, 2 [%]
# name 15 = flECO-AFL: Fluorescence, WET Labs ECO-AFL/FL [mg/m^3]
# name 16 = v0: Voltage 0
# name 17 = v1: Voltage 1
# name 18 = v2: Voltage 2
# name 19 = v3: Voltage 3
# name 20 = v4: Voltage 4
# name 21 = v5: Voltage 5
# name 22 = sal00: Salinity, Practical [PSU]
# name 23 = svCM: Sound Velocity [Chen-Millero, m/s]
# name 24 = density00: Density [density, kg/m^3]
# name 25 = flag: flag
# span 0 =      1.000,   4131.000       
# span 1 =      0.983,   4057.090       
# span 2 =       1.84,      99.16       
# span 3 =     0.1927,     5.0570       
# span 4 =    -0.0889,     5.0569       
# span 5 =    33.7641,    34.7776       
# span 6 =     1.4018,    10.5658       
# span 7 =   3.051542,   3.244104       
# span 8 =    26.6900,    27.8397       
# span 9 =     0.0002,     0.0007       
# span 10 =    -0.9781,    43.1351      
# span 11 =     0.1018,     0.2477      
# span 12 =     0.1581,     0.3287      
# span 13 =    94.3468,    97.4860      
# span 14 =    93.1098,    96.1285      
# span 15 =    -0.3245,     4.8153      
# span 16 =     1.1586,     2.3743      
# span 17 =     0.1561,     0.3027      
# span 18 =     0.0675,     0.1703      
# span 19 =     0.0721,     0.2938      
# span 20 =     4.4530,     4.6010      
# span 21 =     4.3960,     4.5386      
# span 22 =    33.7630,    34.7774      
# span 23 =    1466.71,    1519.26      
# span 24 =  1026.6948,  1046.6330      
# span 25 = 0.0000e+00, 0.0000e+00      
# interval = decibars: 1                
# start_time = Apr 25 2015 08:04:18 [NMEA time, header]
# bad_flag = -9.990e-29
*END*
[from data line 614]
    615.000    608.969      98.88     2.7885     2.7498    34.3350     4.3343   3.120805    27.3766     0.0002    -0.6069     0.1524     0.1731    96.2611    95.7642    -0.2543     1.5358     0.1655     0.0689     0.0740     4.5432     4.5214    34.3345    1470.71  1030.2395 0.0000e+00
    616.000    609.957      98.88     2.7873     2.7486    34.3349     4.3214   3.120743    27.3766     0.0002    -0.5921     0.1524     0.1731    96.2618    95.7635    -0.2483     1.5342     0.1661     0.0690     0.0741     4.5432     4.5214    34.3345    1470.73  1030.2442 0.0000e+00
    617.000    610.938      98.88     2.7854     2.7466    34.3352     4.3176   3.120645    27.3770     0.0002    -0.5760     0.1524     0.1732    96.2602    95.7617    -0.2432     1.5326     0.1662     0.0691     0.0741     4.5432     4.5213    34.3348    1470.73  1030.2493 0.0000e+00
    618.000    611.927      98.88     2.7844     2.7455    34.3356     4.3130   3.120645    27.3775     0.0002    -0.6037     0.1524     0.1738    96.2617    95.7481    -0.2518     1.5312     0.1678     0.0690     0.0740     4.5432     4.5206    34.3353    1470.75  1030.2544 0.0000e+00
    619.000    612.919      98.88     2.7833     2.7444    34.3363     4.3212   3.120651    27.3781     0.0002    -0.5798     0.1524     0.1736    96.2600    95.7525    -0.2477     1.5310     0.1661     0.0691     0.0741     4.5431     4.5208    34.3360    1470.76  1030.2597 0.0000e+00
    620.000    613.908      98.88     2.7834     2.7444    34.3369     4.3205   3.120752    27.3785     0.0002    -0.6476     0.1524     0.1739    96.2612    95.7459    -0.2570     1.5305     0.1671     0.0689     0.0738     4.5432     4.5205    34.3366    1470.78  1030.2648 0.0000e+00
    621.000    614.891      98.88     2.7840     2.7449    34.3378     4.3137   3.120933    27.3793     0.0002    -0.6262     0.1527     0.1736    96.2548    95.7526    -0.2475     1.5297     0.1673     0.0691     0.0739     4.5429     4.5208    34.3376    1470.80  1030.2702 0.0000e+00
    622.000    615.880      98.88     2.7849     2.7458    34.3400     4.3126   3.121238    27.3809     0.0002    -0.6226     0.1524     0.1733    96.2602    95.7590    -0.2612     1.5290     0.1667     0.0688     0.0739     4.5432     4.5211    34.3399    1470.82  1030.2765 0.0000e+00
    623.000    616.867      98.88     2.7849     2.7457    34.3408     4.3070   3.121343    27.3816     0.0002    -0.6638     0.1524     0.1737    96.2608    95.7505    -0.2490     1.5285     0.1661     0.0690     0.0737     4.5432     4.5207    34.3406    1470.84  1030.2818 0.0000e+00
    624.000    617.859      98.88     2.7845     2.7452    34.3417     4.3085   3.121433    27.3824     0.0002    -0.5832     0.1527     0.1732    96.2547    95.7612    -0.2406     1.5280     0.1661     0.0692     0.0741     4.5429     4.5212    34.3416    1470.85  1030.2872 0.0000e+00
    625.000    618.850      98.87     2.7845     2.7452    34.3420     4.3009   3.121499    27.3826     0.0002    -0.6497     0.1528     0.1732    96.2504    95.7628    -0.2574     1.5271     0.1650     0.0689     0.0738     4.5427     4.5213    34.3419    1470.87  1030.2921 0.0000e+00
    626.000    619.849      98.88     2.7843     2.7449    34.3422     4.2931   3.121554    27.3828     0.0002    -0.6432     0.1528     0.1732    96.2504    95.7610    -0.2410     1.5262     0.1661     0.0692     0.0738     4.5427     4.5212    34.3422    1470.89  1030.2969 0.0000e+00
    627.000    620.831      98.88     2.7843     2.7448    34.3423     4.2912   3.121597    27.3828     0.0002    -0.5923     0.1528     0.1734    96.2517    95.7562    -0.2394     1.5245     0.1665     0.0692     0.0741     4.5428     4.5210    34.3422    1470.90  1030.3016 0.0000e+00
    628.000    621.804      98.88     2.7844     2.7449    34.3427     4.2860   3.121690    27.3832     0.0002    -0.6077     0.1529     0.1733    96.2503    95.7602    -0.2427     1.5227     0.1661     0.0692     0.0740     4.5427     4.5212    34.3427    1470.92  1030.3066 0.0000e+00
    629.000    622.793      98.88     2.7849     2.7453    34.3430     4.2890   3.121803    27.3834     0.0002    -0.5982     0.1530     0.1733    96.2477    95.7603    -0.2478     1.5226     0.1661     0.0691     0.0740     4.5426     4.5212    34.3430    1470.94  1030.3114 0.0000e+00
    630.000    623.787      98.88     2.7853     2.7456    34.3438     4.2942   3.121945    27.3840     0.0002    -0.6234     0.1529     0.1732    96.2485    95.7624    -0.2418     1.5225     0.1661     0.0692     0.0739     4.5426     4.5213    34.3438    1470.96  1030.3167 0.0000e+00
    631.000    624.787      98.88     2.7857     2.7459    34.3450     4.2904   3.122118    27.3849     0.0002    -0.5772     0.1530     0.1732    96.2471    95.7610    -0.2468     1.5221     0.1661     0.0691     0.0741     4.5425     4.5212    34.3450    1470.98  1030.3221 0.0000e+00
    632.000    625.772      98.88     2.7852     2.7453    34.3460     4.2859   3.122200    27.3857     0.0002    -0.6371     0.1528     0.1732    96.2519    95.7626    -0.2506     1.5216     0.1661     0.0690     0.0738     4.5428     4.5213    34.3460    1470.99  1030.3276 0.0000e+00
    633.000    626.768      98.88     2.7843     2.7444    34.3464     4.2847   3.122199    27.3861     0.0002    -0.5923     0.1530     0.1731    96.2471    95.7641    -0.2522     1.5213     0.1661     0.0690     0.0741     4.5425     4.5214    34.3463    1471.01  1030.3326 0.0000e+00
    634.000    627.757      98.87     2.7832     2.7433    34.3466     4.2830   3.122165    27.3864     0.0002    -0.5997     0.1530     0.1740    96.2470    95.7434    -0.2433     1.5208     0.1655     0.0691     0.0740     4.5425     4.5204    34.3465    1471.02  1030.3375 0.0000e+00
    635.000    628.739      98.88     2.7810     2.7410    34.3473     4.2745   3.122072    27.3872     0.0002    -0.6309     0.1533     0.1733    96.2408    95.7606    -0.2491     1.5195     0.1658     0.0690     0.0739     4.5423     4.5212    34.3472    1471.03  1030.3429 0.0000e+00
    636.000    629.721      98.88     2.7769     2.7369    34.3484     4.2665   3.121842    27.3884     0.0002    -0.6283     0.1532     0.1736    96.2411    95.7514    -0.2477     1.5176     0.1661     0.0691     0.0739     4.5423     4.5208    34.3482    1471.03  1030.3488 0.0000e+00
    637.000    630.711      98.88     2.7752     2.7350    34.3491     4.2577   3.121790    27.3892     0.0002    -0.6099     0.1533     0.1733    96.2392    95.7598    -0.2560     1.5163     0.1661     0.0689     0.0740     4.5422     4.5212    34.3489    1471.04  1030.3542 0.0000e+00
    638.000    631.702      98.88     2.7701     2.7299    34.3504     4.2619   3.121490    27.3906     0.0002    -0.5912     0.1534     0.1739    96.2384    95.7450    -0.2472     1.5155     0.1661     0.0691     0.0741     4.5421     4.5204    34.3501    1471.03  1030.3603 0.0000e+00
    639.000    632.692      98.88     2.7684     2.7282    34.3506     4.2543   3.121398    27.3910     0.0002    -0.6268     0.1534     0.1739    96.2383    95.7463    -0.2517     1.5144     0.1661     0.0690     0.0739     4.5421     4.5205    34.3503    1471.05  1030.3652 0.0000e+00
    640.000    633.678      98.88     2.7642     2.7239    34.3510     4.2549   3.121100    27.3916     0.0002    -0.6141     0.1534     0.1735    96.2374    95.7549    -0.2420     1.5136     0.1665     0.0692     0.0739     4.5421     4.5209    34.3506    1471.04  1030.3705 0.0000e+00
    641.000    634.665      98.88     2.7555     2.7153    34.3523     4.2522   3.120483    27.3934     0.0002    -0.6277     0.1533     0.1734    96.2405    95.7570    -0.2470     1.5127     0.1668     0.0691     0.0739     4.5422     4.5210    34.3517    1471.02  1030.3769 0.0000e+00
    642.000    635.657      98.87     2.7533     2.7130    34.3527     4.2493   3.120364    27.3939     0.0002    -0.6329     0.1534     0.1737    96.2374    95.7502    -0.2456     1.5118     0.1661     0.0691     0.0738     4.5421     4.5207    34.3521    1471.03  1030.3821 0.0000e+00
    643.000    636.650      98.88     2.7516     2.7112    34.3529     4.2450   3.120285    27.3943     0.0002    -0.6414     0.1534     0.1733    96.2364    95.7601    -0.2483     1.5111     0.1661     0.0690     0.0738     4.5421     4.5212    34.3524    1471.04  1030.3871 0.0000e+00
    644.000    637.635      98.88     2.7506     2.7102    34.3529     4.2388   3.120245    27.3943     0.0002    -0.6371     0.1534     0.1734    96.2366    95.7566    -0.2417     1.5098     0.1661     0.0692     0.0738     4.5421     4.5210    34.3524    1471.05  1030.3919 0.0000e+00
    645.000    638.620      98.88     2.7475     2.7070    34.3530     4.2377   3.120021    27.3947     0.0002    -0.6224     0.1534     0.1732    96.2374    95.7619    -0.2489     1.5088     0.1661     0.0690     0.0739     4.5421     4.5213    34.3525    1471.06  1030.3969 0.0000e+00
    646.000    639.606      98.88     2.7380     2.6974    34.3537     4.2360   3.119282    27.3961     0.0002    -0.6416     0.1534     0.1732    96.2384    95.7612    -0.2507     1.5078     0.1671     0.0690     0.0738     4.5421     4.5212    34.3530    1471.03  1030.4030 0.0000e+00
    647.000    640.600      98.88     2.7319     2.6913    34.3545     4.2300   3.118850    27.3973     0.0003    -0.5964     0.1534     0.1738    96.2374    95.7473    -0.2467     1.5067     0.1692     0.0691     0.0740     4.5421     4.5206    34.3537    1471.02  1030.4088 0.0000e+00
    648.000    641.592      98.88     2.7302     2.6895    34.3545     4.2259   3.118744    27.3974     0.0002    -0.5854     0.1534     0.1737    96.2364    95.7492    -0.2460     1.5060     0.1671     0.0691     0.0741     4.5421     4.5206    34.3537    1471.03  1030.4136 0.0000e+00
    649.000    642.580      98.88     2.7298     2.6891    34.3545     4.2264   3.118774    27.3975     0.0002    -0.6470     0.1534     0.1742    96.2366    95.7378    -0.2442     1.5050     0.1661     0.0691     0.0738     4.5421     4.5201    34.3539    1471.05  1030.4184 0.0000e+00
    650.000    643.565      98.88     2.7297     2.6889    34.3544     4.2261   3.118803    27.3974     0.0002    -0.6098     0.1534     0.1743    96.2374    95.7369    -0.2474     1.5042     0.1661     0.0691     0.0740     4.5421     4.5200    34.3538    1471.06  1030.4230 0.0000e+00
    651.000    644.553      98.88     2.7288     2.6880    34.3544     4.2161   3.118781    27.3975     0.0002    -0.6124     0.1534     0.1742    96.2374    95.7383    -0.2445     1.5029     0.1661     0.0691     0.0740     4.5421     4.5201    34.3540    1471.08  1030.4278 0.0000e+00
    652.000    645.540      98.88     2.7289     2.6880    34.3545     4.2197   3.118850    27.3976     0.0002    -0.5560     0.1534     0.1742    96.2382    95.7391    -0.2438     1.5022     0.1661     0.0691     0.0742     4.5421     4.5201    34.3542    1471.09  1030.4326 0.0000e+00
    653.000    646.529      98.88     2.7299     2.6889    34.3545     4.2230   3.118980    27.3975     0.0002    -0.6103     0.1535     0.1739    96.2356    95.7464    -0.2454     1.5020     0.1673     0.0691     0.0740     4.5420     4.5205    34.3542    1471.11  1030.4371 0.0000e+00
    654.000    647.517      98.88     2.7299     2.6888    34.3546     4.2223   3.119038    27.3976     0.0003    -0.6278     0.1535     0.1744    96.2353    95.7330    -0.2569     1.5016     0.1684     0.0689     0.0739     4.5420     4.5199    34.3544    1471.13  1030.4419 0.0000e+00
    655.000    648.505      98.88     2.7259     2.6848    34.3552     4.2221   3.118776    27.3984     0.0002    -0.5921     0.1536     0.1751    96.2331    95.7166    -0.2429     1.5013     0.1661     0.0692     0.0741     4.5419     4.5191    34.3549    1471.13  1030.4474 0.0000e+00
    656.000    649.497      98.88     2.7149     2.6738    34.3561     4.2169   3.117910    27.4001     0.0003    -0.6168     0.1535     0.1746    96.2361    95.7284    -0.2463     1.5007     0.1684     0.0691     0.0739     4.5420     4.5196    34.3555    1471.10  1030.4536 0.0000e+00
    657.000    650.491      98.88     2.7116     2.6705    34.3560     4.2191   3.117661    27.4003     0.0002    -0.5987     0.1535     0.1742    96.2353    95.7372    -0.2470     1.5006     0.1666     0.0691     0.0740     4.5420     4.5200    34.3554    1471.10  1030.4585 0.0000e+00
    658.000    651.479      98.88     2.7092     2.6680    34.3561     4.2129   3.117502    27.4006     0.0003    -0.5996     0.1535     0.1742    96.2355    95.7377    -0.2449     1.4996     0.1710     0.0691     0.0740     4.5420     4.5201    34.3555    1471.11  1030.4635 0.0000e+00
    659.000    652.458      98.88     2.7095     2.6682    34.3561     4.2147   3.117589    27.4006     0.0002    -0.6547     0.1535     0.1743    96.2349    95.7370    -0.2464     1.4990     0.1658     0.0691     0.0737     4.5420     4.5200    34.3557    1471.13  1030.4682 0.0000e+00
    660.000    653.447      98.88     2.7088     2.6674    34.3563     4.2139   3.117591    27.4008     0.0003    -0.5576     0.1535     0.1743    96.2356    95.7356    -0.2475     1.4986     0.1683     0.0691     0.0742     4.5420     4.5200    34.3559    1471.14  1030.4731 0.0000e+00
    661.000    654.440      98.88     2.7096     2.6682    34.3567     4.2067   3.117749    27.4011     0.0002    -0.5668     0.1534     0.1743    96.2364    95.7363    -0.2436     1.4977     0.1673     0.0691     0.0742     4.5421     4.5200    34.3564    1471.16  1030.4781 0.0000e+00
    662.000    655.429      98.88     2.7097     2.6682    34.3572     4.1994   3.117842    27.4014     0.0002    -0.6568     0.1535     0.1743    96.2346    95.7364    -0.2463     1.4968     0.1671     0.0691     0.0737     4.5420     4.5200    34.3570    1471.18  1030.4831 0.0000e+00
    663.000    656.416      98.88     2.7075     2.6660    34.3574     4.2077   3.117710    27.4018     0.0002    -0.5880     0.1536     0.1742    96.2316    95.7375    -0.2477     1.4965     0.1661     0.0691     0.0741     4.5418     4.5201    34.3571    1471.19  1030.4881 0.0000e+00
    664.000    657.404      98.88     2.7059     2.6643    34.3574     4.1995   3.117615    27.4020     0.0002    -0.6103     0.1536     0.1746    96.2320    95.7284    -0.2411     1.4958     0.1656     0.0692     0.0740     4.5419     4.5196    34.3571    1471.20  1030.4929 0.0000e+00
    665.000    658.394      98.88     2.7042     2.6626    34.3573     4.2040   3.117499    27.4020     0.0002    -0.6403     0.1536     0.1747    96.2337    95.7263    -0.2353     1.4955     0.1654     0.0693     0.0738     4.5419     4.5195    34.3570    1471.20  1030.4976 0.0000e+00
    666.000    659.382      98.88     2.7002     2.6585    34.3577     4.2012   3.117226    27.4027     0.0002    -0.6380     0.1539     0.1745    96.2262    95.7309    -0.2335     1.4949     0.1668     0.0693     0.0738     4.5416     4.5198    34.3573    1471.20  1030.5029 0.0000e+00
    667.000    660.371      98.88     2.6870     2.6453    34.3582     4.2023   3.116126    27.4042     0.0002    -0.6137     0.1537     0.1744    96.2300    95.7336    -0.2435     1.4945     0.1664     0.0691     0.0739     4.5418     4.5199    34.3575    1471.16  1030.5090 0.0000e+00
    668.000    661.354      98.87     2.6758     2.6341    34.3589     4.2051   3.115238    27.4058     0.0002    -0.6449     0.1539     0.1748    96.2256    95.7246    -0.2433     1.4942     0.1669     0.0691     0.0738     4.5416     4.5195    34.3581    1471.13  1030.5153 0.0000e+00
