Data/Raw HPLC Argo/lovbio036b/CTD/dstn023_36b-47c.cnv
* Sea-Bird SBE 9 Data File:
* FileName = C:\CTD Data\AGU015\Monitoring Line\stn023.hex
* Software Version Seasave V 7.23.1
* Temperature SN = 5646
* Conductivity SN = 4127
* Number of Bytes Per Scan = 34
* Number of Voltage Words = 5
* Number of Scans Averaged by the Deck Unit = 1
* NMEA Latitude = 47 30.06 S
* NMEA Longitude = 037 18.07 E
* NMEA UTC (Time) = Apr 25 2015 08:04:18
* NMEA baud rate = 4800
** Ship: SA Agulhas II
** Cruise Marion 2015 Voy015
** Ship Station AM00373
** Grid Number VOY-015-031
** Latitude 47° 30.066' S
** Longitude 37° 18.075' E
** Depth 4114m
** Operator Nazeera / Gavin
# nquan = 26
# nvalues = 4131                        
# units = specified
# name 0 = prDM: Pressure, Digiquartz [db]
# name 1 = depSM: Depth [salt water, m]
# name 2 = altM: Altimeter [m]
# name 3 = t090C: Temperature [ITS-90, deg C]
# name 4 = potemp090C: Potential Temperature [ITS-90, deg C]
# name 5 = sal00: Salinity, Practical [PSU]
# name 6 = sbeox0ML/L: Oxygen, SBE 43 [ml/l]
# name 7 = c0S/m: Conductivity [S/m]
# name 8 = sigma-é00: Density [sigma-theta, kg/m^3]
# name 9 = turbWETbb0: Turbidity, WET Labs ECO BB [m^-1/sr]
# name 10 = turbWETntu0: Turbidity, WET Labs ECO [NTU]
# name 11 = CStarAt0: Beam Attenuation, WET Labs C-Star [1/m]
# name 12 = CStarAt1: Beam Attenuation, WET Labs C-Star, 2 [1/m]
# name 13 = CStarTr0: Beam Transmission, WET Labs C-Star [%]
# name 14 = CStarTr1: Beam Transmission, WET Labs C-Star, 2 [%]
# name 15 = flECO-AFL: Fluorescence, WET Labs ECO-AFL/FL [mg/m^3]
# name 16 = v0: Voltage 0
# name 17 = v1: Voltage 1
# name 18 = v2: Voltage 2
# name 19 = v3: Voltage 3
# name 20 = v4: Voltage 4
# name 21 = v5: Voltage 5
# name 22 = sal00: Salinity, Practical [PSU]
# name 23 = svCM: Sound Velocity [Chen-Millero, m/s]
# name 24 = density00: Density [density, kg/m^3]
# name 25 = flag: flag
# span 0 =      1.000,   4131.000       
# span 1 =      0.983,   4057.090       
# span 2 =       1.84,      99.16       
# span 3 =     0.1927,     5.0570       
# span 4 =    -0.0889,     5.0569       
# span 5 =    33.7641,    34.7776       
# span 6 =     1.4018,    10.5658       
# span 7 =   3.051542,   3.244104       
# span 8 =    26.6900,    27.8397       
# span 9 =     0.0002,     0.0007       
# span 10 =    -0.9781,    43.1351      
# span 11 =     0.1018,     0.2477      
# span 12 =     0.1581,     0.3287      
# span 13 =    94.3468,    97.4860      
# span 14 =    93.1098,    96.1285      
# span 15 =    -0.3245,     4.8153      
# span 16 =     1.1586,     2.3743      
# span 17 =     0.1561,     0.3027      
# span 18 =     0.0675,     0.1703      
# span 19 =     0.0721,     0.2938      
# span 20 =     4.4530,     4.6010      
# span 21 =     4.3960,     4.5386      
# span 22 =    33.7630,    34.7774      
# span 23 =    1466.71,    1519.26      
# span 24 =  1026.6948,  1046.6330      
# span 25 = 0.0000e+00, 0.0000e+00      
# interval = decibars: 1                
# start_time = Apr 25 2015 08:04:18 [NMEA time, header]
# bad_flag = -9.990e-29
*END*
[from data line 4070]
   4071.000   3998.692      81.52     0.2003    -0.0887    34.6635     4.7624   3.059334    27.8393     0.0003    -0.5854     0.1729     0.2071    95.7691    94.9551    -0.2215     1.1647     0.1838     0.0696     0.0741     4.5200     4.4832    34.6635    1518.19  1046.3727 0.0000e+00
   4072.000   3999.655      83.25     0.2003    -0.0888    34.6637     4.7655   3.059383    27.8395     0.0003    -0.6103     0.1730     0.2053    95.7666    94.9976    -0.2200     1.1647     0.1835     0.0696     0.0740     4.5199     4.4852    34.6637    1518.21  1046.3772 0.0000e+00
   4073.000   4000.638      60.57     0.2004    -0.0888    34.6638     4.7688   3.059428    27.8395     0.0003    -0.6373     0.1733     0.2061    95.7602    94.9799    -0.2201     1.1648     0.1822     0.0696     0.0738     4.5196     4.4843    34.6638    1518.23  1046.3815 0.0000e+00
   4074.000   4001.615      59.78     0.2005    -0.0888    34.6637     4.7646   3.059470    27.8395     0.0003    -0.5867     0.1733     0.2069    95.7591    94.9594    -0.2221     1.1645     0.1798     0.0696     0.0741     4.5195     4.4834    34.6637    1518.24  1046.3859 0.0000e+00
   4075.000   4002.585      58.86     0.2007    -0.0887    34.6635     4.7710   3.059511    27.8393     0.0003    -0.6419     0.1734     0.2059    95.7575    94.9828    -0.2215     1.1646     0.1872     0.0696     0.0738     4.5195     4.4845    34.6636    1518.26  1046.3900 0.0000e+00
   4076.000   4003.555      57.66     0.2009    -0.0886    34.6635     4.7655   3.059554    27.8392     0.0003    -0.5793     0.1737     0.2056    95.7514    94.9915    -0.2201     1.1645     0.1805     0.0696     0.0741     4.5192     4.4849    34.6635    1518.28  1046.3943 0.0000e+00
   4077.000   4004.527      56.68     0.2009    -0.0887    34.6636     4.7622   3.059602    27.8394     0.0003    -0.5987     0.1739     0.2037    95.7463    95.0353    -0.2201     1.1642     0.1795     0.0696     0.0740     4.5189     4.4870    34.6637    1518.30  1046.3988 0.0000e+00
   4078.000   4005.498      56.02     0.2010    -0.0887    34.6637     4.7716   3.059646    27.8394     0.0003    -0.6193     0.1734     0.2044    95.7568    95.0185    -0.2201     1.1642     0.1905     0.0696     0.0739     4.5194     4.4862    34.6637    1518.32  1046.4032 0.0000e+00
   4079.000   4006.478      55.35     0.2011    -0.0888    34.6637     4.7657   3.059689    27.8394     0.0003    -0.6500     0.1735     0.2038    95.7557    95.0332    -0.2201     1.1640     0.1832     0.0696     0.0738     4.5194     4.4869    34.6637    1518.33  1046.4076 0.0000e+00
   4080.000   4007.455      54.20     0.2012    -0.0887    34.6636     4.7624   3.059725    27.8393     0.0003    -0.6081     0.1738     0.2029    95.7482    95.0531    -0.2201     1.1640     0.1843     0.0696     0.0740     4.5190     4.4878    34.6636    1518.35  1046.4118 0.0000e+00
   4081.000   4008.418      52.80     0.2014    -0.0887    34.6635     4.7641   3.059763    27.8392     0.0003    -0.6160     0.1738     0.2034    95.7471    95.0415    -0.2201     1.1638     0.1868     0.0696     0.0739     4.5190     4.4873    34.6635    1518.37  1046.4160 0.0000e+00
   4082.000   4009.389      51.96     0.2015    -0.0887    34.6636     4.7716   3.059820    27.8394     0.0004    -0.6230     0.1739     0.2026    95.7448    95.0613    -0.2243     1.1636     0.2080     0.0695     0.0739     4.5189     4.4882    34.6636    1518.39  1046.4205 0.0000e+00
   4083.000   4010.361      51.15     0.2017    -0.0886    34.6636     4.7553   3.059867    27.8393     0.0003    -0.6004     0.1738     0.2010    95.7469    95.0992    -0.2200     1.1636     0.1792     0.0696     0.0740     4.5190     4.4900    34.6636    1518.41  1046.4248 0.0000e+00
   4084.000   4011.346      50.33     0.2017    -0.0887    34.6638     4.7637   3.059923    27.8395     0.0003    -0.5709     0.1738     0.2041    95.7481    95.0269    -0.2230     1.1634     0.1860     0.0695     0.0742     4.5190     4.4866    34.6638    1518.42  1046.4293 0.0000e+00
   4085.000   4012.323      49.44     0.2017    -0.0888    34.6637     4.7648   3.059946    27.8394     0.0003    -0.5461     0.1739     0.2053    95.7458    94.9972    -0.2203     1.1635     0.1872     0.0696     0.0743     4.5189     4.4852    34.6637    1518.44  1046.4336 0.0000e+00
   4086.000   4013.285      48.32     0.2020    -0.0886    34.6635     4.7700   3.059995    27.8393     0.0003    -0.6578     0.1739     0.2049    95.7457    95.0058    -0.2264     1.1631     0.1884     0.0695     0.0737     4.5189     4.4855    34.6636    1518.46  1046.4378 0.0000e+00
   4087.000   4014.265      47.76     0.2022    -0.0885    34.6636     4.7572   3.060052    27.8394     0.0004    -0.6226     0.1739     0.2068    95.7457    94.9619    -0.2201     1.1632     0.2061     0.0696     0.0739     4.5189     4.4835    34.6637    1518.48  1046.4422 0.0000e+00
   4088.000   4015.243      46.79     0.2020    -0.0888    34.6638     4.7769   3.060090    27.8395     0.0004    -0.6347     0.1739     0.2070    95.7457    94.9585    -0.2201     1.1636     0.1984     0.0696     0.0738     4.5189     4.4833    34.6639    1518.49  1046.4467 0.0000e+00
   4089.000   4016.218      45.59     0.2020    -0.0889    34.6637     4.7593   3.060106    27.8394     0.0003    -0.6123     0.1739     0.2079    95.7457    94.9354    -0.2201     1.1630     0.1939     0.0696     0.0740     4.5189     4.4823    34.6637    1518.51  1046.4509 0.0000e+00
   4090.000   4017.176      44.16     0.2021    -0.0889    34.6636     4.7647   3.060146    27.8393     0.0003    -0.6117     0.1739     0.2084    95.7468    94.9239    -0.2201     1.1627     0.1858     0.0696     0.0740     4.5190     4.4817    34.6636    1518.53  1046.4552 0.0000e+00
   4091.000   4018.153      43.37     0.2023    -0.0888    34.6635     4.7679   3.060186    27.8392     0.0003    -0.6020     0.1739     0.2078    95.7451    94.9396    -0.2201     1.1627     0.1897     0.0696     0.0740     4.5189     4.4824    34.6635    1518.55  1046.4595 0.0000e+00
   4092.000   4019.128      42.39     0.2024    -0.0888    34.6635     4.7691   3.060230    27.8393     0.0003    -0.5880     0.1739     0.2075    95.7457    94.9453    -0.2225     1.1627     0.1875     0.0696     0.0741     4.5189     4.4827    34.6635    1518.56  1046.4638 0.0000e+00
   4093.000   4020.094      41.40     0.2025    -0.0888    34.6636     4.7669   3.060281    27.8393     0.0003    -0.6164     0.1738     0.2078    95.7469    94.9371    -0.2199     1.1626     0.1807     0.0696     0.0739     4.5190     4.4823    34.6636    1518.58  1046.4682 0.0000e+00
   4094.000   4021.065      40.63     0.2028    -0.0886    34.6636     4.7717   3.060339    27.8393     0.0003    -0.6808     0.1740     0.2056    95.7436    94.9908    -0.2225     1.1626     0.1867     0.0696     0.0736     4.5188     4.4848    34.6636    1518.60  1046.4725 0.0000e+00
   4095.000   4022.045      39.82     0.2029    -0.0886    34.6636     4.7647   3.060390    27.8394     0.0003    -0.5998     0.1740     0.2064    95.7433    94.9715    -0.2201     1.1626     0.1950     0.0696     0.0740     4.5188     4.4839    34.6637    1518.62  1046.4769 0.0000e+00
   4096.000   4023.026      38.90     0.2029    -0.0888    34.6636     4.7747   3.060414    27.8393     0.0004    -0.5703     0.1739     0.2054    95.7446    94.9946    -0.2201     1.1626     0.1990     0.0696     0.0742     4.5189     4.4851    34.6636    1518.64  1046.4812 0.0000e+00
   4097.000   4023.992      37.77     0.2031    -0.0887    34.6636     4.7681   3.060468    27.8393     0.0003    -0.5806     0.1739     0.2076    95.7458    94.9418    -0.2201     1.1623     0.1884     0.0696     0.0741     4.5189     4.4825    34.6636    1518.66  1046.4856 0.0000e+00
   4098.000   4024.965      37.03     0.2034    -0.0884    34.6637     4.7717   3.060544    27.8394     0.0003    -0.6363     0.1739     0.2090    95.7457    94.9091    -0.2201     1.1624     0.1844     0.0696     0.0738     4.5189     4.4810    34.6637    1518.67  1046.4900 0.0000e+00
   4099.000   4025.942      36.17     0.2034    -0.0886    34.6636     4.7674   3.060565    27.8393     0.0003    -0.6441     0.1739     0.2090    95.7457    94.9076    -0.2236     1.1623     0.1826     0.0695     0.0738     4.5189     4.4810    34.6636    1518.69  1046.4943 0.0000e+00
   4100.000   4026.919      35.18     0.2033    -0.0888    34.6636     4.7627   3.060586    27.8393     0.0003    -0.5736     0.1739     0.2092    95.7446    94.9031    -0.2202     1.1623     0.1814     0.0696     0.0741     4.5189     4.4808    34.6636    1518.71  1046.4986 0.0000e+00
   4101.000   4027.887      33.91     0.2033    -0.0889    34.6636     4.7731   3.060619    27.8393     0.0003    -0.6158     0.1739     0.2089    95.7456    94.9111    -0.2212     1.1623     0.1846     0.0696     0.0739     4.5189     4.4811    34.6636    1518.73  1046.5030 0.0000e+00
   4102.000   4028.851      32.89     0.2034    -0.0888    34.6635     4.7634   3.060664    27.8393     0.0003    -0.5788     0.1739     0.2091    95.7450    94.9062    -0.2201     1.1620     0.1868     0.0696     0.0741     4.5189     4.4809    34.6635    1518.74  1046.5072 0.0000e+00
   4103.000   4029.838      32.02     0.2035    -0.0889    34.6636     4.7703   3.060712    27.8394     0.0004    -0.5918     0.1739     0.2105    95.7450    94.8727    -0.2201     1.1620     0.1912     0.0696     0.0741     4.5189     4.4793    34.6636    1518.76  1046.5117 0.0000e+00
   4104.000   4030.792      30.89     0.2037    -0.0888    34.6635     4.7717   3.060755    27.8393     0.0003    -0.6253     0.1738     0.2103    95.7472    94.8782    -0.2201     1.1618     0.1890     0.0696     0.0739     4.5190     4.4796    34.6635    1518.78  1046.5159 0.0000e+00
   4105.000   4031.770      30.23     0.2038    -0.0888    34.6638     4.7621   3.060819    27.8395     0.0003    -0.6449     0.1738     0.2126    95.7480    94.8247    -0.2201     1.1616     0.1894     0.0696     0.0738     4.5190     4.4770    34.6638    1518.80  1046.5204 0.0000e+00
   4106.000   4032.751      29.41     0.2040    -0.0888    34.6638     4.7659   3.060865    27.8395     0.0003    -0.5869     0.1738     0.2118    95.7470    94.8431    -0.2201     1.1616     0.1861     0.0696     0.0741     4.5190     4.4779    34.6638    1518.82  1046.5248 0.0000e+00
   4107.000   4033.723      28.51     0.2040    -0.0888    34.6637     4.7716   3.060895    27.8394     0.0004    -0.6051     0.1738     0.2118    95.7469    94.8428    -0.2201     1.1617     0.1937     0.0696     0.0740     4.5190     4.4779    34.6636    1518.83  1046.5290 0.0000e+00
   4108.000   4034.701      27.52     0.2041    -0.0888    34.6637  -9.990e-2   3.060936    27.8394     0.0004    -0.6224     0.1739     0.2133    95.7457    94.8079    -0.2201     1.1616     0.1934     0.0696     0.0739     4.5189     4.4762    34.6637    1518.85  1046.5334 0.0000e+00
   4109.000   4035.670      26.30     0.2042    -0.0888    34.6635  -9.990e-2   3.060970    27.8393     0.0003    -0.6292     0.1739     0.2144    95.7464    94.7822    -0.2201     1.1614     0.1895     0.0696     0.0739     4.5189     4.4750    34.6636    1518.87  1046.5376 0.0000e+00
   4110.000   4036.632      25.44     0.2043    -0.0888    34.6637     4.7803   3.061035    27.8394     0.0003    -0.6053     0.1739     0.2145    95.7457    94.7787    -0.2201     1.1612     0.1907     0.0696     0.0740     4.5189     4.4749    34.6638    1518.89  1046.5421 0.0000e+00
   4111.000   4037.611      24.70     0.2046    -0.0886    34.6638     4.7427   3.061093    27.8395     0.0003    -0.5869     0.1739     0.2137    95.7457    94.7966    -0.2237     1.1604     0.1955     0.0695     0.0741     4.5189     4.4757    34.6638    1518.91  1046.5464 0.0000e+00
   4112.000   4038.585      23.87     0.2048    -0.0885    34.6636     4.7478   3.061133    27.8394     0.0003    -0.6161     0.1738     0.2145    95.7488    94.7778    -0.2200     1.1611     0.1929     0.0696     0.0739     4.5190     4.4748    34.6636    1518.92  1046.5506 0.0000e+00
   4113.000   4039.565      22.96     0.2048    -0.0887    34.6636     4.7708   3.061167    27.8394     0.0003    -0.6359     0.1738     0.2154    95.7486    94.7572    -0.2201     1.1606     0.1907     0.0696     0.0738     4.5190     4.4738    34.6637    1518.94  1046.5550 0.0000e+00
   4114.000   4040.538      21.98     0.2047    -0.0888    34.6636     4.7675   3.061196    27.8394     0.0003    -0.6232     0.1737     0.2156    95.7495    94.7529    -0.2201     1.1608     0.1947     0.0696     0.0739     4.5191     4.4736    34.6637    1518.96  1046.5594 0.0000e+00
   4115.000   4041.519      20.83     0.2048    -0.0888    34.6636     4.7579   3.061233    27.8393     0.0004    -0.6262     0.1738     0.2164    95.7489    94.7344    -0.2201     1.1605     0.2000     0.0696     0.0739     4.5190     4.4727    34.6636    1518.98  1046.5637 0.0000e+00
   4116.000   4042.467      19.80     0.2053    -0.0885    34.6637     4.7675   3.061312    27.8394     0.0004    -0.6226     0.1737     0.2160    95.7501    94.7429    -0.2201     1.1604     0.1977     0.0696     0.0739     4.5191     4.4731    34.6637    1519.00  1046.5680 0.0000e+00
   4117.000   4043.450      19.10     0.2054    -0.0885    34.6637     4.7543   3.061364    27.8394     0.0003    -0.6380     0.1732     0.2156    95.7619    94.7539    -0.2201     1.1603     0.1891     0.0696     0.0738     4.5197     4.4736    34.6638    1519.01  1046.5724 0.0000e+00
   4118.000   4044.427      18.25     0.2054    -0.0885    34.6637     4.7658   3.061401    27.8394     0.0003    -0.5992     0.1739     0.2154    95.7460    94.7571    -0.2201     1.1604     0.1857     0.0696     0.0740     4.5189     4.4738    34.6637    1519.03  1046.5767 0.0000e+00
   4119.000   4045.407      17.32     0.2054    -0.0886    34.6638     4.7685   3.061441    27.8395     0.0003    -0.5872     0.1738     0.2133    95.7487    94.8062    -0.2201     1.1602     0.1811     0.0696     0.0741     4.5190     4.4762    34.6638    1519.05  1046.5812 0.0000e+00
   4120.000   4046.384      16.22     0.2053    -0.0888    34.6636     4.7673   3.061452    27.8393     0.0003    -0.5740     0.1736     0.2144    95.7531    94.7817    -0.2222     1.1604     0.1835     0.0696     0.0741     4.5192     4.4750    34.6636    1519.06  1046.5854 0.0000e+00
   4121.000   4047.341      14.78     0.2057    -0.0886    34.6634     4.7695   3.061504    27.8392     0.0003    -0.6201     0.1737     0.2116    95.7493    94.8470    -0.2201     1.1601     0.1874     0.0696     0.0739     4.5191     4.4781    34.6635    1519.08  1046.5896 0.0000e+00
   4122.000   4048.314      13.99     0.2055    -0.0888    34.6637     4.7756   3.061543    27.8394     0.0003    -0.6311     0.1738     0.2123    95.7491    94.8317    -0.2201     1.1601     0.1877     0.0696     0.0739     4.5191     4.4774    34.6637    1519.10  1046.5941 0.0000e+00
   4123.000   4049.288      13.17     0.2057    -0.0888    34.6638     4.7701   3.061598    27.8395     0.0003    -0.6228     0.1736     0.2122    95.7526    94.8320    -0.2201     1.1601     0.1883     0.0696     0.0739     4.5192     4.4774    34.6638    1519.12  1046.5986 0.0000e+00
   4124.000   4050.266      12.23     0.2058    -0.0888    34.6637     4.7661   3.061633    27.8394     0.0003    -0.6023     0.1738     0.2126    95.7485    94.8225    -0.2201     1.1600     0.1910     0.0696     0.0740     4.5190     4.4769    34.6637    1519.14  1046.6028 0.0000e+00
   4125.000   4051.239      11.16     0.2060    -0.0887    34.6635     4.7675   3.061675    27.8393     0.0003    -0.6113     0.1735     0.2114    95.7560    94.8529    -0.2201     1.1599     0.1945     0.0696     0.0740     4.5194     4.4784    34.6635    1519.15  1046.6070 0.0000e+00
