Data/Raw HPLC Argo/lovbio036b/CTD/dstn023_36b-47c.cnv
* Sea-Bird SBE 9 Data File:
* FileName = C:\CTD Data\AGU015\Monitoring Line\stn023.hex
* Software Version Seasave V 7.23.1
* Temperature SN = 5646
* Conductivity SN = 4127
* Number of Bytes Per Scan = 34
* Number of Voltage Words = 5
* Number of Scans Averaged by the Deck Unit = 1
* NMEA Latitude = 47 30.06 S
* NMEA Longitude = 037 18.07 E
* NMEA UTC (Time) = Apr 25 2015 08:04:18
* NMEA baud rate = 4800
** Ship: SA Agulhas II
** Cruise Marion 2015 Voy015
** Ship Station AM00373
** Grid Number VOY-015-031
** Latitude 47° 30.066' S
** Longitude 37° 18.075' E
** Depth 4114m
** Operator Nazeera / Gavin
# nquan = 26
# nvalues = 4131                        
# units = specified
# name 0 = prDM: Pressure, Digiquartz [db]
# name 1 = depSM: Depth [salt water, m]
# name 2 = altM: Altimeter [m]
# name 3 = t090C: Temperature [ITS-90, deg C]
# name 4 = potemp090C: Potential Temperature [ITS-90, deg C]
# name 5 = sal00: Salinity, Practical [PSU]
# name 6 = sbeox0ML/L: Oxygen, SBE 43 [ml/l]
# name 7 = c0S/m: Conductivity [S/m]
# name 8 = sigma-é00: Density [sigma-theta, kg/m^3]
# name 9 = turbWETbb0: Turbidity, WET Labs ECO BB [m^-1/sr]
# name 10 = turbWETntu0: Turbidity, WET Labs ECO [NTU]
# name 11 = CStarAt0: Beam Attenuation, WET Labs C-Star [1/m]
# name 12 = CStarAt1: Beam Attenuation, WET Labs C-Star, 2 [1/m]
# name 13 = CStarTr0: Beam Transmission, WET Labs C-Star [%]
# name 14 = CStarTr1: Beam Transmission, WET Labs C-Star, 2 [%]
# name 15 = flECO-AFL: Fluorescence, WET Labs ECO-AFL/FL [mg/m^3]
# name 16 = v0: Voltage 0
# name 17 = v1: Voltage 1
# name 18 = v2: Voltage 2
# name 19 = v3: Voltage 3
# name 20 = v4: Voltage 4
# name 21 = v5: Voltage 5
# name 22 = sal00: Salinity, Practical [PSU]
# name 23 = svCM: Sound Velocity [Chen-Millero, m/s]
# name 24 = density00: Density [density, kg/m^3]
# name 25 = flag: flag
# span 0 =      1.000,   4131.000       
# span 1 =      0.983,   4057.090       
# span 2 =       1.84,      99.16       
# span 3 =     0.1927,     5.0570       
# span 4 =    -0.0889,     5.0569       
# span 5 =    33.7641,    34.7776       
# span 6 =     1.4018,    10.5658       
# span 7 =   3.051542,   3.244104       
# span 8 =    26.6900,    27.8397       
# span 9 =     0.0002,     0.0007       
# span 10 =    -0.9781,    43.1351      
# span 11 =     0.1018,     0.2477      
# span 12 =     0.1581,     0.3287      
# span 13 =    94.3468,    97.4860      
# span 14 =    93.1098,    96.1285      
# span 15 =    -0.3245,     4.8153      
# span 16 =     1.1586,     2.3743      
# span 17 =     0.1561,     0.3027      
# span 18 =     0.0675,     0.1703      
# span 19 =     0.0721,     0.2938      
# span 20 =     4.4530,     4.6010      
# span 21 =     4.3960,     4.5386      
# span 22 =    33.7630,    34.7774      
# span 23 =    1466.71,    1519.26      
# span 24 =  1026.6948,  1046.6330      
# span 25 = 0.0000e+00, 0.0000e+00      
# interval = decibars: 1                
# start_time = Apr 25 2015 08:04:18 [NMEA time, header]
# bad_flag = -9.990e-29
*END*
[from data line 2565]
   2566.000   2529.132      98.88     1.6089     1.4296    34.7545     4.5167   3.132895    27.8183     0.0002    -0.6107     0.1618     0.1638    96.0356    95.9867    -0.2201     1.3063     0.1636     0.0696     0.0740     4.5326     4.5319    34.7541    1498.75  1039.5880 0.0000e+00
   2567.000   2530.119      98.88     1.6082     1.4288    34.7544     4.5125   3.132873    27.8183     0.0002    -0.6327     0.1619     0.1637    96.0336    95.9894    -0.2226     1.3058     0.1638     0.0696     0.0739     4.5326     4.5320    34.7541    1498.76  1039.5926 0.0000e+00
   2568.000   2531.099      98.88     1.6082     1.4288    34.7543     4.5116   3.132907    27.8182     0.0002    -0.6232     0.1618     0.1640    96.0359    95.9827    -0.2239     1.3055     0.1640     0.0695     0.0739     4.5327     4.5317    34.7540    1498.78  1039.5969 0.0000e+00
   2569.000   2532.072      98.88     1.6080     1.4284    34.7541     4.5113   3.132916    27.8181     0.0002    -0.6499     0.1618     0.1643    96.0361    95.9760    -0.2246     1.3049     0.1625     0.0695     0.0738     4.5327     4.5313    34.7539    1498.79  1039.6014 0.0000e+00
   2570.000   2533.048      98.88     1.6074     1.4278    34.7542     4.5155   3.132910    27.8182     0.0002    -0.6664     0.1619     0.1640    96.0328    95.9830    -0.2261     1.3048     0.1636     0.0695     0.0737     4.5325     4.5317    34.7540    1498.81  1039.6060 0.0000e+00
   2571.000   2534.029      98.88     1.6067     1.4270    34.7541     4.5212   3.132878    27.8182     0.0002    -0.5956     0.1620     0.1638    96.0315    95.9869    -0.2254     1.3046     0.1638     0.0695     0.0740     4.5325     4.5319    34.7539    1498.82  1039.6105 0.0000e+00
   2572.000   2535.008      98.88     1.6058     1.4260    34.7539     4.5095   3.132823    27.8181     0.0002    -0.6163     0.1618     0.1644    96.0345    95.9739    -0.2201     1.3043     0.1648     0.0696     0.0739     4.5326     4.5312    34.7537    1498.84  1039.6149 0.0000e+00
   2573.000   2535.990      98.88     1.6042     1.4244    34.7540     4.5206   3.132724    27.8182     0.0002    -0.6491     0.1618     0.1638    96.0361    95.9867    -0.2234     1.3046     0.1630     0.0695     0.0738     4.5327     4.5319    34.7537    1498.85  1039.6196 0.0000e+00
   2574.000   2536.976      98.88     1.6026     1.4227    34.7538     4.5156   3.132617    27.8183     0.0002    -0.5971     0.1619     0.1643    96.0319    95.9757    -0.2268     1.3040     0.1629     0.0695     0.0740     4.5325     4.5313    34.7536    1498.85  1039.6242 0.0000e+00
   2575.000   2537.965      98.88     1.6025     1.4225    34.7538     4.5102   3.132645    27.8183     0.0002    -0.6215     0.1619     0.1644    96.0335    95.9723    -0.2204     1.3040     0.1636     0.0696     0.0739     4.5325     4.5312    34.7536    1498.87  1039.6287 0.0000e+00
   2576.000   2538.925      98.88     1.6026     1.4225    34.7537     4.5150   3.132685    27.8182     0.0002    -0.6055     0.1618     0.1644    96.0346    95.9733    -0.2236     1.3035     0.1646     0.0695     0.0740     4.5326     4.5312    34.7535    1498.89  1039.6331 0.0000e+00
   2577.000   2539.903      98.88     1.5957     1.4157    34.7531     4.5170   3.132070    27.8182     0.0002    -0.6230     0.1619     0.1644    96.0330    95.9737    -0.2201     1.3033     0.1661     0.0696     0.0739     4.5325     4.5312    34.7528    1498.87  1039.6379 0.0000e+00
   2578.000   2540.882      98.88     1.5889     1.4090    34.7522     4.5083   3.131425    27.8179     0.0002    -0.6228     0.1618     0.1638    96.0352    95.9871    -0.2239     1.3031     0.1639     0.0695     0.0739     4.5326     4.5319    34.7517    1498.86  1039.6425 0.0000e+00
   2579.000   2541.871      98.88     1.5826     1.4027    34.7514     4.5075   3.130843    27.8178     0.0002    -0.6306     0.1619     0.1638    96.0339    95.9883    -0.2281     1.3030     0.1637     0.0694     0.0739     4.5326     4.5320    34.7507    1498.85  1039.6471 0.0000e+00
   2580.000   2542.859      98.88     1.5783     1.3984    34.7509     4.5161   3.130458    27.8176     0.0002    -0.6713     0.1618     0.1639    96.0349    95.9864    -0.2308     1.3029     0.1636     0.0694     0.0737     4.5326     4.5319    34.7501    1498.85  1039.6517 0.0000e+00
   2581.000   2543.844      98.88     1.5779     1.3978    34.7508     4.5133   3.130456    27.8176     0.0002    -0.5950     0.1619     0.1637    96.0316    95.9893    -0.2230     1.3027     0.1628     0.0695     0.0740     4.5325     4.5320    34.7501    1498.86  1039.6562 0.0000e+00
   2582.000   2544.798      98.88     1.5814     1.4013    34.7509     4.5029   3.130841    27.8175     0.0002    -0.6172     0.1619     0.1644    96.0328    95.9724    -0.2257     1.3014     0.1644     0.0695     0.0739     4.5325     4.5312    34.7506    1498.89  1039.6605 0.0000e+00
   2583.000   2545.781      98.88     1.5778     1.3976    34.7508     4.5039   3.130554    27.8177     0.0002    -0.6293     0.1618     0.1637    96.0345    95.9904    -0.2200     1.3012     0.1625     0.0696     0.0739     4.5326     4.5321    34.7504    1498.89  1039.6654 0.0000e+00
   2584.000   2546.764      98.88     1.5761     1.3958    34.7508     4.5010   3.130435    27.8177     0.0002    -0.5979     0.1619     0.1642    96.0321    95.9778    -0.2242     1.3005     0.1630     0.0695     0.0740     4.5325     4.5314    34.7503    1498.90  1039.6700 0.0000e+00
   2585.000   2547.748      98.88     1.5755     1.3952    34.7507     4.4962   3.130418    27.8177     0.0002    -0.6378     0.1619     0.1642    96.0336    95.9776    -0.2239     1.3006     0.1637     0.0695     0.0738     4.5325     4.5314    34.7502    1498.92  1039.6745 0.0000e+00
   2586.000   2548.737      98.88     1.5745     1.3941    34.7505     4.4907   3.130358    27.8177     0.0002    -0.6379     0.1619     0.1636    96.0336    95.9918    -0.2276     1.3000     0.1636     0.0695     0.0738     4.5326     4.5321    34.7501    1498.93  1039.6791 0.0000e+00
   2587.000   2549.717      98.88     1.5707     1.3903    34.7503     4.4917   3.130046    27.8178     0.0002    -0.6400     0.1616     0.1636    96.0389    95.9933    -0.2231     1.2997     0.1636     0.0695     0.0738     4.5328     4.5322    34.7499    1498.93  1039.6838 0.0000e+00
   2588.000   2550.694      98.88     1.5691     1.3886    34.7503     4.4927   3.129944    27.8178     0.0002    -0.6436     0.1618     0.1636    96.0341    95.9926    -0.2265     1.2992     0.1655     0.0695     0.0738     4.5326     4.5322    34.7498    1498.94  1039.6885 0.0000e+00
   2589.000   2551.661      98.88     1.5685     1.3880    34.7500     4.5005   3.129916    27.8176     0.0002    -0.5922     0.1620     0.1637    96.0303    95.9900    -0.2236     1.2990     0.1623     0.0695     0.0741     4.5324     4.5321    34.7496    1498.95  1039.6929 0.0000e+00
   2590.000   2552.649      98.88     1.5608     1.3803    34.7493     4.5069   3.129216    27.8177     0.0002    -0.6366     0.1619     0.1635    96.0334    95.9939    -0.2273     1.2990     0.1633     0.0695     0.0738     4.5325     4.5322    34.7488    1498.94  1039.6978 0.0000e+00
   2591.000   2553.625      98.88     1.5548     1.3744    34.7485     4.4948   3.128663    27.8174     0.0002    -0.6191     0.1618     0.1634    96.0348    95.9963    -0.2236     1.2985     0.1625     0.0695     0.0739     4.5326     4.5324    34.7479    1498.93  1039.7024 0.0000e+00
   2592.000   2554.600      98.88     1.5532     1.3727    34.7482     4.4929   3.128540    27.8173     0.0002    -0.6368     0.1619     0.1636    96.0332    95.9931    -0.2270     1.2981     0.1628     0.0695     0.0738     4.5325     4.5322    34.7477    1498.93  1039.7069 0.0000e+00
   2593.000   2555.579      98.88     1.5518     1.3712    34.7481     4.4946   3.128444    27.8173     0.0002    -0.5585     0.1619     0.1635    96.0316    95.9958    -0.2230     1.2978     0.1641     0.0695     0.0742     4.5325     4.5323    34.7475    1498.95  1039.7115 0.0000e+00
   2594.000   2556.564      98.88     1.5511     1.3704    34.7478     4.4973   3.128412    27.8172     0.0002    -0.6219     0.1620     0.1635    96.0304    95.9956    -0.2335     1.2979     0.1673     0.0693     0.0739     4.5324     4.5323    34.7473    1498.96  1039.7159 0.0000e+00
   2595.000   2557.547      98.88     1.5505     1.3698    34.7479     4.4945   3.128407    27.8173     0.0002    -0.6158     0.1619     0.1634    96.0319    95.9970    -0.2274     1.2974     0.1647     0.0695     0.0739     4.5325     4.5324    34.7474    1498.97  1039.7205 0.0000e+00
   2596.000   2558.533      98.88     1.5488     1.3680    34.7478     4.4850   3.128284    27.8173     0.0002    -0.6542     0.1619     0.1635    96.0318    95.9943    -0.2202     1.2971     0.1636     0.0696     0.0737     4.5325     4.5323    34.7473    1498.98  1039.7251 0.0000e+00
   2597.000   2559.516      98.88     1.5467     1.3658    34.7475     4.4899   3.128120    27.8173     0.0002    -0.6045     0.1618     0.1637    96.0340    95.9890    -0.2235     1.2969     0.1632     0.0695     0.0740     4.5326     4.5320    34.7471    1498.99  1039.7297 0.0000e+00
   2598.000   2560.472      98.88     1.5496     1.3686    34.7477     4.4940   3.128444    27.8172     0.0002    -0.6495     0.1619     0.1637    96.0327    95.9908    -0.2276     1.2963     0.1632     0.0695     0.0738     4.5325     4.5321    34.7474    1499.02  1039.7340 0.0000e+00
   2599.000   2561.456      98.88     1.5448     1.3638    34.7475     4.4901   3.128040    27.8174     0.0002    -0.6046     0.1619     0.1638    96.0316    95.9883    -0.2259     1.2961     0.1614     0.0695     0.0740     4.5325     4.5320    34.7472    1499.02  1039.7390 0.0000e+00
   2600.000   2562.435      98.88     1.5442     1.3631    34.7475     4.4818   3.128026    27.8175     0.0002    -0.5724     0.1618     0.1638    96.0350    95.9879    -0.2200     1.2956     0.1638     0.0696     0.0741     4.5326     4.5319    34.7472    1499.03  1039.7435 0.0000e+00
   2601.000   2563.426      98.88     1.5435     1.3624    34.7474     4.4843   3.128000    27.8174     0.0002    -0.5620     0.1453     0.1637    96.4451    95.9905    -0.2239     1.2956     0.1637     0.0695     0.0742     4.5520     4.5321    34.7471    1499.05  1039.7480 0.0000e+00
   2602.000   2564.409      98.88     1.5414     1.3602    34.7476     4.4902   3.127867    27.8177     0.0002    -0.5959     0.1619     0.1635    96.0334    95.9941    -0.2235     1.2955     0.1637     0.0695     0.0740     4.5325     4.5323    34.7472    1499.05  1039.7529 0.0000e+00
   2603.000   2565.386      98.88     1.5397     1.3585    34.7476     4.4891   3.127766    27.8179     0.0002    -0.6053     0.1617     0.1637    96.0365    95.9909    -0.2259     1.2953     0.1637     0.0695     0.0740     4.5327     4.5321    34.7472    1499.06  1039.7576 0.0000e+00
   2604.000   2566.368      98.88     1.5378     1.3565    34.7475     4.4859   3.127631    27.8179     0.0002    -0.6705     0.1618     0.1640    96.0361    95.9828    -0.2313     1.2950     0.1626     0.0694     0.0737     4.5327     4.5317    34.7471    1499.07  1039.7623 0.0000e+00
   2605.000   2567.344      98.88     1.5376     1.3562    34.7471     4.4806   3.127619    27.8177     0.0002    -0.5989     0.1619     0.1636    96.0332    95.9927    -0.2204     1.2945     0.1627     0.0696     0.0740     4.5325     4.5322    34.7468    1499.09  1039.7665 0.0000e+00
   2606.000   2568.319      98.88     1.5375     1.3560    34.7471     4.4925   3.127650    27.8176     0.0002    -0.6167     0.1618     0.1641    96.0345    95.9811    -0.2283     1.2945     0.1643     0.0694     0.0739     4.5326     4.5316    34.7468    1499.10  1039.7710 0.0000e+00
   2607.000   2569.299      98.88     1.5372     1.3556    34.7472     4.4895   3.127675    27.8178     0.0002    -0.6269     0.1619     0.1638    96.0337    95.9879    -0.2199     1.2944     0.1630     0.0696     0.0739     4.5326     4.5319    34.7470    1499.12  1039.7756 0.0000e+00
   2608.000   2570.278      98.88     1.5368     1.3551    34.7472     4.4908   3.127676    27.8178     0.0002    -0.6131     0.1620     0.1636    96.0303    95.9931    -0.2297     1.2943     0.1624     0.0694     0.0739     4.5324     4.5322    34.7470    1499.13  1039.7801 0.0000e+00
   2609.000   2571.259      98.88     1.5365     1.3548    34.7472     4.4955   3.127699    27.8178     0.0002    -0.5947     0.1620     0.1635    96.0304    95.9950    -0.2248     1.2943     0.1624     0.0695     0.0740     4.5324     4.5323    34.7471    1499.15  1039.7847 0.0000e+00
   2610.000   2572.238      98.88     1.5362     1.3544    34.7472     4.4905   3.127715    27.8178     0.0002    -0.6397     0.1618     0.1635    96.0341    95.9951    -0.2201     1.2942     0.1636     0.0696     0.0738     4.5326     4.5323    34.7471    1499.17  1039.7892 0.0000e+00
   2611.000   2573.222      98.88     1.5360     1.3541    34.7473     4.4907   3.127735    27.8179     0.0002    -0.6281     0.1618     0.1641    96.0355    95.9800    -0.2248     1.2941     0.1636     0.0695     0.0739     4.5326     4.5315    34.7471    1499.18  1039.7938 0.0000e+00
   2612.000   2574.192      98.88     1.5355     1.3536    34.7472     4.4971   3.127734    27.8179     0.0002    -0.5815     0.1619     0.1636    96.0336    95.9918    -0.2226     1.2943     0.1636     0.0696     0.0741     4.5325     4.5321    34.7471    1499.20  1039.7983 0.0000e+00
   2613.000   2575.153      98.88     1.5355     1.3535    34.7472     4.4986   3.127771    27.8179     0.0002    -0.5963     0.1618     0.1634    96.0347    95.9972    -0.2200     1.2942     0.1636     0.0696     0.0740     4.5326     4.5324    34.7471    1499.21  1039.8027 0.0000e+00
   2614.000   2576.178      98.88     1.5343     1.3522    34.7472     4.4926   3.127704    27.8180     0.0002    -0.6357     0.1619     0.1634    96.0337    95.9970    -0.2273     1.2940     0.1625     0.0695     0.0738     4.5326     4.5324    34.7471    1499.22  1039.8073 0.0000e+00
   2615.000   2577.144      98.88     1.5335     1.3513    34.7475     4.4886   3.127690    27.8183     0.0002    -0.5638     0.1620     0.1635    96.0305    95.9957    -0.2262     1.2939     0.1630     0.0695     0.0742     4.5324     4.5323    34.7473    1499.24  1039.8121 0.0000e+00
   2616.000   2578.125      98.88     1.5328     1.3506    34.7472     4.4873   3.127649    27.8181     0.0003    -0.6066     0.1618     0.1635    96.0357    95.9948    -0.2207     1.2936     0.1884     0.0696     0.0740     4.5326     4.5323    34.7470    1499.25  1039.8164 0.0000e+00
   2617.000   2579.086      98.88     1.5333     1.3509    34.7473     4.4964   3.127739    27.8181     0.0002    -0.6273     0.1619     0.1637    96.0335    95.9908    -0.2247     1.2936     0.1592     0.0695     0.0739     4.5325     4.5321    34.7472    1499.27  1039.8210 0.0000e+00
   2618.000   2580.067      98.88     1.5302     1.3478    34.7472     4.4970   3.127492    27.8183     0.0002    -0.6066     0.1620     0.1636    96.0315    95.9925    -0.2227     1.2936     0.1624     0.0695     0.0740     4.5325     4.5322    34.7470    1499.27  1039.8257 0.0000e+00
   2619.000   2581.053      98.88     1.5283     1.3458    34.7471     4.4975   3.127358    27.8184     0.0002    -0.6228     0.1619     0.1635    96.0333    95.9956    -0.2235     1.2937     0.1651     0.0695     0.0739     4.5325     4.5323    34.7469    1499.28  1039.8304 0.0000e+00
   2620.000   2582.037      98.88     1.5268     1.3443    34.7470     4.5005   3.127257    27.8184     0.0002    -0.6364     0.1618     0.1635    96.0347    95.9956    -0.2269     1.2936     0.1650     0.0695     0.0738     4.5326     4.5323    34.7467    1499.29  1039.8349 0.0000e+00
