Data/Raw HPLC Argo/lovbio036b/CTD/dstn023_36b-47c.cnv
* Sea-Bird SBE 9 Data File:
* FileName = C:\CTD Data\AGU015\Monitoring Line\stn023.hex
* Software Version Seasave V 7.23.1
* Temperature SN = 5646
* Conductivity SN = 4127
* Number of Bytes Per Scan = 34
* Number of Voltage Words = 5
* Number of Scans Averaged by the Deck Unit = 1
* NMEA Latitude = 47 30.06 S
* NMEA Longitude = 037 18.07 E
* NMEA UTC (Time) = Apr 25 2015 08:04:18
* NMEA baud rate = 4800
** Ship: SA Agulhas II
** Cruise Marion 2015 Voy015
** Ship Station AM00373
** Grid Number VOY-015-031
** Latitude 47° 30.066' S
** Longitude 37° 18.075' E
** Depth 4114m
** Operator Nazeera / Gavin
# nquan = 26
# nvalues = 4131                        
# units = specified
# name 0 = prDM: Pressure, Digiquartz [db]
# name 1 = depSM: Depth [salt water, m]
# name 2 = altM: Altimeter [m]
# name 3 = t090C: Temperature [ITS-90, deg C]
# name 4 = potemp090C: Potential Temperature [ITS-90, deg C]
# name 5 = sal00: Salinity, Practical [PSU]
# name 6 = sbeox0ML/L: Oxygen, SBE 43 [ml/l]
# name 7 = c0S/m: Conductivity [S/m]
# name 8 = sigma-é00: Density [sigma-theta, kg/m^3]
# name 9 = turbWETbb0: Turbidity, WET Labs ECO BB [m^-1/sr]
# name 10 = turbWETntu0: Turbidity, WET Labs ECO [NTU]
# name 11 = CStarAt0: Beam Attenuation, WET Labs C-Star [1/m]
# name 12 = CStarAt1: Beam Attenuation, WET Labs C-Star, 2 [1/m]
# name 13 = CStarTr0: Beam Transmission, WET Labs C-Star [%]
# name 14 = CStarTr1: Beam Transmission, WET Labs C-Star, 2 [%]
# name 15 = flECO-AFL: Fluorescence, WET Labs ECO-AFL/FL [mg/m^3]
# name 16 = v0: Voltage 0
# name 17 = v1: Voltage 1
# name 18 = v2: Voltage 2
# name 19 = v3: Voltage 3
# name 20 = v4: Voltage 4
# name 21 = v5: Voltage 5
# name 22 = sal00: Salinity, Practical [PSU]
# name 23 = svCM: Sound Velocity [Chen-Millero, m/s]
# name 24 = density00: Density [density, kg/m^3]
# name 25 = flag: flag
# span 0 =      1.000,   4131.000       
# span 1 =      0.983,   4057.090       
# span 2 =       1.84,      99.16       
# span 3 =     0.1927,     5.0570       
# span 4 =    -0.0889,     5.0569       
# span 5 =    33.7641,    34.7776       
# span 6 =     1.4018,    10.5658       
# span 7 =   3.051542,   3.244104       
# span 8 =    26.6900,    27.8397       
# span 9 =     0.0002,     0.0007       
# span 10 =    -0.9781,    43.1351      
# span 11 =     0.1018,     0.2477      
# span 12 =     0.1581,     0.3287      
# span 13 =    94.3468,    97.4860      
# span 14 =    93.1098,    96.1285      
# span 15 =    -0.3245,     4.8153      
# span 16 =     1.1586,     2.3743      
# span 17 =     0.1561,     0.3027      
# span 18 =     0.0675,     0.1703      
# span 19 =     0.0721,     0.2938      
# span 20 =     4.4530,     4.6010      
# span 21 =     4.3960,     4.5386      
# span 22 =    33.7630,    34.7774      
# span 23 =    1466.71,    1519.26      
# span 24 =  1026.6948,  1046.6330      
# span 25 = 0.0000e+00, 0.0000e+00      
# interval = decibars: 1                
# start_time = Apr 25 2015 08:04:18 [NMEA time, header]
# bad_flag = -9.990e-29
*END*
[from data line 558]
    559.000    553.586      98.88     2.7940     2.7591    34.2925     4.5213   3.115362    27.3418     0.0002    -0.6076     0.1514     0.1730    96.2868    95.7658    -0.2506     1.5892     0.1664     0.0690     0.0740     4.5445     4.5215    34.2923    1469.76  1029.9459 0.0000e+00
    560.000    554.575      98.88     2.7944     2.7595    34.2928     4.5275   3.115468    27.3420     0.0002    -0.6110     0.1515     0.1731    96.2842    95.7650    -0.2477     1.5886     0.1668     0.0691     0.0740     4.5443     4.5214    34.2927    1469.78  1029.9508 0.0000e+00
    561.000    555.563      98.88     2.7955     2.7604    34.2934     4.5238   3.115659    27.3424     0.0002    -0.6102     0.1515     0.1731    96.2829    95.7642    -0.2560     1.5876     0.1661     0.0689     0.0740     4.5443     4.5214    34.2933    1469.80  1029.9559 0.0000e+00
    562.000    556.552      98.88     2.7962     2.7611    34.2936     4.5253   3.115784    27.3425     0.0002    -0.6183     0.1518     0.1731    96.2767    95.7642    -0.2563     1.5872     0.1661     0.0689     0.0739     4.5440     4.5214    34.2935    1469.82  1029.9606 0.0000e+00
    563.000    557.543      98.88     2.7985     2.7633    34.2948     4.5205   3.116132    27.3432     0.0002    -0.5859     0.1515     0.1731    96.2851    95.7632    -0.2554     1.5864     0.1661     0.0689     0.0741     4.5444     4.5214    34.2948    1469.85  1029.9660 0.0000e+00
    564.000    558.536      98.88     2.7990     2.7638    34.2951     4.5184   3.116249    27.3435     0.0002    -0.6014     0.1517     0.1731    96.2778    95.7633    -0.2538     1.5858     0.1669     0.0689     0.0740     4.5440     4.5214    34.2952    1469.87  1029.9709 0.0000e+00
    565.000    559.521      98.88     2.7990     2.7637    34.2951     4.5170   3.116298    27.3435     0.0002    -0.6266     0.1515     0.1732    96.2850    95.7625    -0.2615     1.5851     0.1673     0.0688     0.0739     4.5444     4.5213    34.2952    1469.89  1029.9755 0.0000e+00
    566.000    560.509      98.88     2.7990     2.7636    34.2951     4.5165   3.116334    27.3435     0.0002    -0.6391     0.1517     0.1739    96.2796    95.7459    -0.2546     1.5845     0.1673     0.0689     0.0738     4.5441     4.5205    34.2952    1469.90  1029.9801 0.0000e+00
    567.000    561.498      98.88     2.7990     2.7636    34.2951     4.5147   3.116387    27.3435     0.0002    -0.6401     0.1518     0.1785    96.2763    95.6358    -0.2528     1.5839     0.1673     0.0690     0.0738     4.5440     4.5153    34.2952    1469.92  1029.9848 0.0000e+00
    568.000    562.489      98.88     2.7991     2.7636    34.2955     4.5131   3.116468    27.3439     0.0002    -0.5839     0.1518     0.1733    96.2771    95.7598    -0.2527     1.5835     0.1669     0.0690     0.0741     4.5440     4.5212    34.2956    1469.93  1029.9897 0.0000e+00
    569.000    563.477      98.88     2.7997     2.7641    34.2972     4.5122   3.116700    27.3451     0.0002    -0.6333     0.1518     0.1732    96.2766    95.7626    -0.2516     1.5828     0.1655     0.0690     0.0738     4.5440     4.5213    34.2973    1469.96  1029.9956 0.0000e+00
    570.000    564.462      98.88     2.8004     2.7648    34.2999     4.5091   3.117031    27.3472     0.0002    -0.6183     0.1517     0.1731    96.2776    95.7633    -0.2539     1.5822     0.1656     0.0689     0.0739     4.5440     4.5214    34.2999    1469.98  1030.0023 0.0000e+00
    571.000    565.454      98.87     2.8016     2.7659    34.3025     4.5021   3.117396    27.3492     0.0002    -0.6183     0.1519     0.1732    96.2748    95.7623    -0.2563     1.5813     0.1670     0.0689     0.0739     4.5439     4.5213    34.3026    1470.01  1030.0089 0.0000e+00
    572.000    566.447      98.88     2.8034     2.7676    34.3034     4.5006   3.117664    27.3497     0.0002    -0.6095     0.1518     0.1731    96.2757    95.7642    -0.2629     1.5806     0.1664     0.0688     0.0740     4.5439     4.5214    34.3035    1470.03  1030.0141 0.0000e+00
    573.000    567.434      98.88     2.8036     2.7677    34.3035     4.4879   3.117739    27.3498     0.0002    -0.5972     0.1519     0.1744    96.2735    95.7325    -0.2536     1.5791     0.1671     0.0689     0.0740     4.5438     4.5199    34.3036    1470.05  1030.0188 0.0000e+00
    574.000    568.420      98.88     2.8077     2.7717    34.3041     4.4734   3.118198    27.3500     0.0002    -0.6196     0.1517     0.1730    96.2791    95.7658    -0.2515     1.5770     0.1666     0.0690     0.0739     4.5441     4.5215    34.3043    1470.08  1030.0236 0.0000e+00
    575.000    569.406      98.88     2.8131     2.7770    34.3051     4.4685   3.118805    27.3503     0.0002    -0.6228     0.1516     0.1733    96.2813    95.7601    -0.2530     1.5754     0.1652     0.0690     0.0739     4.5442     4.5212    34.3055    1470.12  1030.0286 0.0000e+00
    576.000    570.397      98.88     2.8161     2.7800    34.3068     4.4663   3.119254    27.3514     0.0002    -0.6385     0.1517     0.1730    96.2779    95.7664    -0.2546     1.5744     0.1661     0.0689     0.0738     4.5440     4.5215    34.3072    1470.16  1030.0342 0.0000e+00
    577.000    571.393      98.88     2.8164     2.7802    34.3074     4.4634   3.119365    27.3518     0.0002    -0.5900     0.1517     0.1731    96.2788    95.7652    -0.2496     1.5734     0.1661     0.0690     0.0741     4.5441     4.5214    34.3077    1470.17  1030.0393 0.0000e+00
    578.000    572.382      98.88     2.8148     2.7786    34.3077     4.4634   3.119289    27.3522     0.0002    -0.6123     0.1518     0.1737    96.2767    95.7497    -0.2573     1.5722     0.1661     0.0689     0.0740     4.5440     4.5207    34.3079    1470.18  1030.0442 0.0000e+00
    579.000    573.363      98.88     2.8131     2.7768    34.3077     4.4552   3.119174    27.3524     0.0002    -0.5989     0.1518     0.1741    96.2759    95.7402    -0.2537     1.5704     0.1671     0.0689     0.0740     4.5439     4.5202    34.3078    1470.19  1030.0490 0.0000e+00
    580.000    574.349      98.88     2.8120     2.7756    34.3079     4.4506   3.119133    27.3527     0.0002    -0.5788     0.1518     0.1739    96.2753    95.7449    -0.2438     1.5690     0.1666     0.0691     0.0741     4.5439     4.5204    34.3080    1470.20  1030.0538 0.0000e+00
    581.000    575.338      98.87     2.8101     2.7736    34.3080     4.4478   3.119012    27.3529     0.0002    -0.6361     0.1519     0.1731    96.2726    95.7638    -0.2567     1.5683     0.1666     0.0689     0.0738     4.5438     4.5214    34.3079    1470.21  1030.0587 0.0000e+00
    582.000    576.329      98.88     2.8095     2.7730    34.3084     4.4487   3.119046    27.3533     0.0002    -0.5773     0.1517     0.1738    96.2797    95.7477    -0.2424     1.5677     0.1671     0.0692     0.0741     4.5441     4.5206    34.3085    1470.23  1030.0638 0.0000e+00
    583.000    577.324      98.88     2.8103     2.7738    34.3089     4.4456   3.119205    27.3536     0.0002    -0.5688     0.1519     0.1765    96.2748    95.6842    -0.2540     1.5669     0.1661     0.0689     0.0742     4.5439     4.5176    34.3089    1470.25  1030.0687 0.0000e+00
    584.000    578.317      98.88     2.8105     2.7738    34.3093     4.4408   3.119291    27.3539     0.0002    -0.6322     0.1518     0.1734    96.2751    95.7577    -0.2616     1.5662     0.1670     0.0688     0.0739     4.5439     4.5211    34.3093    1470.27  1030.0736 0.0000e+00
    585.000    579.306      98.88     2.8093     2.7726    34.3097     4.4457   3.119262    27.3544     0.0002    -0.6567     0.1518     0.1740    96.2769    95.7419    -0.2615     1.5658     0.1665     0.0688     0.0737     4.5440     4.5203    34.3097    1470.28  1030.0787 0.0000e+00
    586.000    580.288      98.88     2.8083     2.7715    34.3100     4.4462   3.119237    27.3547     0.0002    -0.6077     0.1518     0.1737    96.2751    95.7497    -0.2524     1.5651     0.1661     0.0690     0.0740     4.5439     4.5207    34.3099    1470.29  1030.0836 0.0000e+00
    587.000    581.268      98.88     2.8050     2.7682    34.3107     4.4423   3.119048    27.3555     0.0003    -0.6315     0.1517     0.1738    96.2780    95.7488    -0.2566     1.5643     0.1683     0.0689     0.0739     4.5440     4.5206    34.3105    1470.29  1030.0890 0.0000e+00
    588.000    582.262      98.88     2.8062     2.7693    34.3130     4.4420   3.119391    27.3573     0.0002    -0.6172     0.1517     0.1730    96.2779    95.7657    -0.2519     1.5639     0.1680     0.0690     0.0739     4.5440     4.5215    34.3129    1470.32  1030.0954 0.0000e+00
    589.000    583.253      98.88     2.8126     2.7756    34.3154     4.4389   3.120207    27.3586     0.0002    -0.6517     0.1520     0.1724    96.2707    95.7802    -0.2725     1.5635     0.1666     0.0686     0.0738     4.5437     4.5221    34.3155    1470.37  1030.1015 0.0000e+00
    590.000    584.242      98.88     2.8167     2.7796    34.3180     4.4343   3.120830    27.3604     0.0002    -0.5990     0.1520     0.1730    96.2698    95.7656    -0.2478     1.5630     0.1667     0.0691     0.0740     4.5436     4.5215    34.3183    1470.40  1030.1079 0.0000e+00
    591.000    585.235      98.88     2.8175     2.7803    34.3196     4.4319   3.121073    27.3616     0.0003    -0.6115     0.1523     0.1731    96.2646    95.7642    -0.2533     1.5624     0.1684     0.0689     0.0740     4.5434     4.5214    34.3198    1470.43  1030.1137 0.0000e+00
    592.000    586.226      98.88     2.8178     2.7806    34.3204     4.4237   3.121212    27.3622     0.0002    -0.6225     0.1522     0.1740    96.2654    95.7420    -0.2482     1.5613     0.1673     0.0690     0.0739     4.5434     4.5203    34.3207    1470.45  1030.1189 0.0000e+00
    593.000    587.216      98.88     2.8184     2.7810    34.3208     4.4043   3.121330    27.3624     0.0002    -0.6421     0.1522     0.1730    96.2655    95.7666    -0.2505     1.5590     0.1653     0.0690     0.0738     4.5434     4.5215    34.3210    1470.46  1030.1237 0.0000e+00
    594.000    588.198      98.88     2.8196     2.7822    34.3211     4.3917   3.121512    27.3627     0.0002    -0.6108     0.1523     0.1731    96.2638    95.7637    -0.2594     1.5560     0.1661     0.0688     0.0740     4.5433     4.5214    34.3213    1470.49  1030.1286 0.0000e+00
    595.000    589.181      98.88     2.8205     2.7830    34.3219     4.3948   3.121695    27.3632     0.0002    -0.5916     0.1522     0.1731    96.2650    95.7651    -0.2483     1.5543     0.1667     0.0690     0.0741     4.5434     4.5214    34.3221    1470.51  1030.1337 0.0000e+00
    596.000    590.174      98.88     2.8203     2.7827    34.3224     4.3920   3.121754    27.3636     0.0002    -0.6027     0.1523     0.1731    96.2633    95.7642    -0.2507     1.5532     0.1673     0.0690     0.0740     4.5433     4.5214    34.3225    1470.52  1030.1387 0.0000e+00
    597.000    591.164      98.88     2.8189     2.7813    34.3228     4.3943   3.121714    27.3641     0.0002    -0.6229     0.1522     0.1730    96.2657    95.7666    -0.2478     1.5530     0.1679     0.0691     0.0739     4.5434     4.5215    34.3229    1470.53  1030.1437 0.0000e+00
    598.000    592.155      98.88     2.8183     2.7806    34.3231     4.3923   3.121715    27.3643     0.0003    -0.6336     0.1522     0.1730    96.2668    95.7654    -0.2533     1.5521     0.1681     0.0689     0.0738     4.5435     4.5215    34.3231    1470.55  1030.1486 0.0000e+00
    599.000    593.146      98.88     2.8179     2.7802    34.3230     4.3828   3.121725    27.3644     0.0002    -0.6031     0.1523     0.1732    96.2634    95.7621    -0.2482     1.5511     0.1671     0.0690     0.0740     4.5433     4.5213    34.3231    1470.56  1030.1533 0.0000e+00
    600.000    594.134      98.88     2.8167     2.7789    34.3231     4.3830   3.121660    27.3645     0.0002    -0.6600     0.1521     0.1732    96.2686    95.7615     0.2793     1.5505     0.1664     0.0796     0.0737     4.5436     4.5213    34.3230    1470.57  1030.1580 0.0000e+00
    601.000    595.122      98.88     2.8161     2.7783    34.3232     4.3792   3.121669    27.3646     0.0002    -0.6333     0.1522     0.1731    96.2655    95.7642    -0.2475     1.5494     0.1667     0.0691     0.0738     4.5434     4.5214    34.3232    1470.59  1030.1628 0.0000e+00
    602.000    596.110      98.88     2.8157     2.7778    34.3233     4.3871   3.121683    27.3648     0.0002    -0.5970     0.1522     0.1732    96.2653    95.7628    -0.2539     1.5491     0.1669     0.0689     0.0740     4.5434     4.5213    34.3233    1470.60  1030.1675 0.0000e+00
    603.000    597.096      98.88     2.8159     2.7779    34.3235     4.3857   3.121755    27.3649     0.0002    -0.6164     0.1523     0.1731    96.2640    95.7635    -0.2558     1.5486     0.1661     0.0689     0.0739     4.5433     4.5214    34.3234    1470.62  1030.1723 0.0000e+00
    604.000    598.084      98.88     2.8163     2.7782    34.3236     4.3839   3.121847    27.3650     0.0002    -0.6109     0.1522     0.1732    96.2659    95.7625    -0.2536     1.5482     0.1667     0.0689     0.0740     4.5434     4.5213    34.3236    1470.64  1030.1770 0.0000e+00
    605.000    599.070      98.88     2.8122     2.7741    34.3258     4.3778   3.121711    27.3671     0.0002    -0.6287     0.1523     0.1733    96.2644    95.7584    -0.2408     1.5474     0.1658     0.0692     0.0739     4.5434     4.5211    34.3257    1470.64  1030.1837 0.0000e+00
    606.000    600.064      98.88     2.8084     2.7703    34.3280     4.3754   3.121597    27.3692     0.0002    -0.6022     0.1522     0.1734    96.2666    95.7577    -0.2456     1.5469     0.1664     0.0691     0.0740     4.5435     4.5211    34.3278    1470.64  1030.1904 0.0000e+00
    607.000    601.055      98.88     2.8045     2.7663    34.3312     4.3784   3.121554    27.3721     0.0002    -0.6227     0.1523     0.1735    96.2633    95.7556    -0.2456     1.5467     0.1666     0.0691     0.0739     4.5433     4.5210    34.3309    1470.65  1030.1979 0.0000e+00
    608.000    602.046      98.88     2.8040     2.7657    34.3315     4.3688   3.121579    27.3724     0.0002    -0.6096     0.1523     0.1732    96.2642    95.7612    -0.2560     1.5454     0.1661     0.0689     0.0740     4.5433     4.5212    34.3312    1470.66  1030.2028 0.0000e+00
    609.000    603.032      98.88     2.8037     2.7653    34.3319     4.3522   3.121633    27.3728     0.0002    -0.6383     0.1523     0.1731    96.2640    95.7641    -0.2484     1.5435     0.1669     0.0690     0.0738     4.5433     4.5214    34.3317    1470.68  1030.2079 0.0000e+00
    610.000    604.020      98.88     2.8035     2.7651    34.3321     4.3341   3.121684    27.3729     0.0002    -0.6087     0.1523     0.1731    96.2627    95.7636    -0.2485     1.5406     0.1665     0.0690     0.0740     4.5433     4.5214    34.3319    1470.69  1030.2127 0.0000e+00
    611.000    605.004      98.88     2.8018     2.7634    34.3326     4.3332   3.121613    27.3734     0.0002    -0.6406     0.1524     0.1730    96.2611    95.7657    -0.2480     1.5386     0.1673     0.0691     0.0738     4.5432     4.5215    34.3324    1470.70  1030.2179 0.0000e+00
    612.000    605.992      98.88     2.8004     2.7619    34.3331     4.3357   3.121577    27.3740     0.0002    -0.6415     0.1524     0.1723    96.2613    95.7833    -0.2555     1.5375     0.1673     0.0689     0.0738     4.5432     4.5223    34.3329    1470.71  1030.2231 0.0000e+00
    613.000    606.980      98.88     2.7980     2.7594    34.3338     4.3380   3.121463    27.3747     0.0003    -0.6401     0.1524     0.1725    96.2621    95.7789    -0.2373     1.5371     0.1720     0.0693     0.0738     4.5432     4.5221    34.3335    1470.72  1030.2284 0.0000e+00
