Data/Raw HPLC Argo/lovbio014b/CTD/D008A101.CNV
* Sea-Bird SBE 9 Data File:
* FileName = C:\CTD_ACQUISITION\2013008HUD\ctddata\008A101.hdr
* Software Version Seasave V 7.22.2
* Temperature SN = 5081
* Conductivity SN = 3561
* Number of Bytes Per Scan = 37
* Number of Voltage Words = 4
* Number of Scans Averaged by the Deck Unit = 1
* NMEA Latitude = 58 38.38 N
* NMEA Longitude = 050 24.93 W
* NMEA UTC (Time) = May 15 2013 03:27:28
* NMEA baud rate = 9600
** Ship: Hudson
** Cruise: HUD2013008
** Chief_Scientist: Yashayaev
** Organization: BIO
** Area_of_Operation: Labrador Sea
** Station: 101
** Sounding:  3458
** Event_Comments: L3_19
# nquan = 27
# nvalues = 3573                        
# units = specified
# name 0 = scan: Scan Count
# name 1 = timeS: Time, Elapsed [seconds]
# name 2 = prDM: Pressure, Digiquartz [db]
# name 3 = t068C: Temperature [ITS-68, deg C]
# name 4 = c0S/m: Conductivity [S/m]
# name 5 = t168C: Temperature, 2 [ITS-68, deg C]
# name 6 = c1S/m: Conductivity, 2 [S/m]
# name 7 = altM: Altimeter [m]
# name 8 = flCUVA: Fluorescence, Chelsea UV Aquatracka [ug/l]
# name 9 = sbeox0V: Oxygen raw, SBE 43 [V]
# name 10 = sbeox1V: Oxygen raw, SBE 43, 2 [V]
# name 11 = par: PAR/Irradiance, Biospherical/Licor
# name 12 = ph: pH
# name 13 = upoly0: Upoly 0, Optode 4330F - O2 D-Phase
# name 14 = upoly1: Upoly 1, Optode 4330F - O2 Temp
# name 15 = latitude: Latitude [deg]
# name 16 = longitude: Longitude [deg]
# name 17 = sal00: Salinity, Practical [PSU]
# name 18 = sal11: Salinity, Practical, 2 [PSU]
# name 19 = potemp068C: Potential Temperature [ITS-68, deg C]
# name 20 = potemp168C: Potential Temperature, 2 [ITS-68, deg C]
# name 21 = sigma-é00: Density [sigma-theta, Kg/m^3]
# name 22 = sigma-é11: Density, 2 [sigma-theta, Kg/m^3]
# name 23 = sbeox0ML/L: Oxygen, SBE 43 [ml/l], WS = 2
# name 24 = sbeox1ML/L: Oxygen, SBE 43, 2 [ml/l], WS = 2
# name 25 = nbin: number of scans per bin
# name 26 = flag: flag
# span 0 =       6890,      97317       
# span 1 =    287.051,   4054.837       
# span 2 =      3.000,   3575.000       
# span 3 =     1.6738,     4.2237       
# span 4 =   3.187797,   3.293314       
# span 5 =     1.6732,     4.2233       
# span 6 =   3.188888,   3.294445       
# span 7 =       1.95,     105.31       
# span 8 =     0.0030,     0.2472       
# span 9 =     1.8174,     2.8975       
# span 10 =     1.6059,     2.5470      
# span 11 = 5.6884e+03, 5.6884e+03      
# span 12 =     -2.959,     -2.868      
# span 13 =  1.8130199,  2.1392050      
# span 14 =  0.8329580,  1.1512441      
# span 15 =   58.63878,   58.63998      
# span 16 =  -50.41738,  -50.41546      
# span 17 =    34.7975,    34.9209      
# span 18 =    34.8111,    34.9348      
# span 19 =     1.3942,     4.2149      
# span 20 =     1.3936,     4.2145      
# span 21 =    27.6273,    27.9380      
# span 22 =    27.6358,    27.9493      
# span 23 =    6.08955,    7.14756      
# span 24 =    6.04671,    7.24300      
# span 25 =          6,         91      
# span 26 = 0.0000e+00, 0.0000e+00      
# interval = decibars: 1                
# start_time = May 15 2013 03:27:28 [NMEA time, header]
# bad_flag = -9.990e-29
*END*
[from data line 2417]
      69898   2912.393   2420.000     3.1425   3.275273     3.1418   3.276370      96.87     0.0141     1.9899     1.7588 5.6884e+03     -2.906  2.0964592  1.0172579   58.63884  -50.41720    34.9192    34.9330     2.9479     2.9471    27.8255    27.8366    6.19095    6.19132         15 0.0000e+00
      69912   2912.971   2421.000     3.1406   3.275141     3.1400   3.276251      65.96     0.0149     1.9897     1.7590 5.6884e+03     -2.906  2.0964592  1.0174743   58.63882  -50.41720    34.9191    34.9330     2.9459     2.9453    27.8256    27.8367    6.18670    6.15699         13 0.0000e+00
      69925   2913.506   2422.000     3.1392   3.275049     3.1386   3.276164      88.30     0.0151     1.9895     1.7584 5.6884e+03     -2.906  2.0964592  1.0173748   58.63882  -50.41720    34.9190    34.9329     2.9445     2.9438    27.8257    27.8368    6.19210    6.15984         13 0.0000e+00
      69938   2914.048   2423.000     3.1369   3.274875     3.1363   3.275984      96.73     0.0117     1.9894     1.7586 5.6884e+03     -2.907  2.0964592  1.0171862   58.63882  -50.41722    34.9189    34.9328     2.9421     2.9414    27.8258    27.8369    6.19352    6.16989         14 0.0000e+00
      69953   2914.658   2424.000     3.1356   3.274803     3.1351   3.275915      97.10     0.0122     1.9895     1.7591 5.6884e+03     -2.907  2.0964592  1.0170981   58.63882  -50.41722    34.9189    34.9328     2.9408     2.9401    27.8260    27.8371    6.19301    6.16593         16 0.0000e+00
      69987   2916.081   2425.000     3.1360   3.274880     3.1356   3.276000      88.07     0.0118     1.9890     1.7580 5.6884e+03     -2.907  2.0965774  1.0165418   58.63882  -50.41722    34.9188    34.9327     2.9411     2.9406    27.8259    27.8370    6.18445    6.14602         30 0.0000e+00
      70069   2919.490   2426.000     3.1366   3.274958     3.1378   3.276239      69.67     0.0108     1.9882     1.7561 5.6884e+03     -2.907  2.0973206  1.0158587   58.63884  -50.41720    34.9188    34.9328     2.9415     2.9426    27.8258    27.8369    6.18829    6.16357         13 0.0000e+00
      70080   2919.973   2427.000     3.1333   3.274709     3.1332   3.275874      97.61     0.0139     1.9880     1.7576 5.6884e+03     -2.907  2.0962434  1.0171272   58.63884  -50.41720    34.9189    34.9328     2.9381     2.9380    27.8262    27.8373    6.19085    6.17545         13 0.0000e+00
      70093   2920.484   2428.000     3.1322   3.274667     3.1317   3.275788      95.66     0.0146     1.9882     1.7572 5.6884e+03     -2.907  2.0961528  1.0170940   58.63884  -50.41720    34.9191    34.9329     2.9370     2.9364    27.8264    27.8375    6.19426    6.15610         12 0.0000e+00
      70105   2921.000   2429.000     3.1320   3.274680     3.1314   3.275798      81.54     0.0119     1.9882     1.7568 5.6884e+03     -2.907  2.0963655  1.0170940   58.63884  -50.41720    34.9190    34.9329     2.9367     2.9360    27.8264    27.8376    6.18894    6.14600         13 0.0000e+00
      70118   2921.551   2430.000     3.1307   3.274585     3.1300   3.275700      92.32     0.0114     1.9877     1.7568 5.6884e+03     -2.907  2.0967135  1.0167522   58.63884  -50.41720    34.9188    34.9326     2.9353     2.9346    27.8263    27.8375    6.18069    6.15525         14 0.0000e+00
      70133   2922.183   2431.000     3.1280   3.274372     3.1275   3.275494      96.81     0.0128     1.9874     1.7566 5.6884e+03     -2.907  2.0974352  1.0159076   58.63884  -50.41720    34.9186    34.9325     2.9326     2.9320    27.8264    27.8376    6.18429    6.15734         17 0.0000e+00
      70156   2923.131   2432.000     3.1276   3.274378     3.1271   3.275493      97.02     0.0136     1.9872     1.7561 5.6884e+03     -2.907  2.0972464  1.0157171   58.63884  -50.41720    34.9186    34.9324     2.9321     2.9315    27.8265    27.8376    6.18667    6.14111         34 0.0000e+00
      70245   2926.833   2433.000     3.1296   3.274601     3.1323   3.276012      96.42     0.0085     1.9863     1.7548 5.6884e+03     -2.907  2.0972807  1.0153794   58.63885  -50.41719    34.9187    34.9326     2.9339     2.9366    27.8264    27.8373    6.19565    6.15404         24 0.0000e+00
      70259   2927.399   2434.000     3.1271   3.274423     3.1281   3.275674      96.98     0.0103     1.9864     1.7549 5.6884e+03     -2.907  2.0969534  1.0156250   58.63886  -50.41718    34.9187    34.9326     2.9314     2.9324    27.8267    27.8376    6.19308    6.14743         15 0.0000e+00
      70273   2927.995   2435.000     3.1254   3.274302     3.1250   3.275434      80.40     0.0146     1.9864     1.7546 5.6884e+03     -2.907  2.0964634  1.0158709   58.63886  -50.41718    34.9187    34.9326     2.9296     2.9291    27.8268    27.8379    6.19153    6.14804         13 0.0000e+00
      70286   2928.554   2436.000     3.1247   3.274278     3.1241   3.275390      91.90     0.0142     1.9862     1.7549 5.6884e+03     -2.907  2.0964592  1.0158731   58.63886  -50.41718    34.9186    34.9325     2.9288     2.9282    27.8268    27.8380    6.19551    6.15316         14 0.0000e+00
      70300   2929.124   2437.000     3.1242   3.274273     3.1236   3.275392      95.24     0.0115     1.9866     1.7541 5.6884e+03     -2.907  2.0964592  1.0158731   58.63886  -50.41718    34.9186    34.9325     2.9282     2.9276    27.8269    27.8380    6.19642    6.15717         14 0.0000e+00
      70315   2929.746   2438.000     3.1231   3.274206     3.1226   3.275331      95.74     0.0120     1.9861     1.7553 5.6884e+03     -2.907  2.0964592  1.0155067   58.63885  -50.41718    34.9185    34.9324     2.9271     2.9266    27.8269    27.8380    6.18896    6.15529         16 0.0000e+00
      70334   2930.524   2439.000     3.1224   3.274179     3.1220   3.275297      91.29     0.0167     1.9860     1.7542 5.6884e+03     -2.907  2.0965648  1.0151154   58.63884  -50.41718    34.9185    34.9322     2.9263     2.9258    27.8269    27.8380    6.18963    6.14512         22 0.0000e+00
      70386   2932.693   2440.000     3.1220   3.274184     3.1227   3.275389      79.82     0.0165     1.9852     1.7538 5.6884e+03     -2.907  2.0965378  1.0143625   58.63885  -50.41718    34.9185    34.9321     2.9258     2.9264    27.8270    27.8378    6.18649    6.15028         61 0.0000e+00
      70432   2934.630   2441.000     3.1210   3.274147     3.1217   3.275357      91.89     0.0155     1.9849     1.7532 5.6884e+03     -2.907  2.0965705  1.0149366   58.63886  -50.41716    34.9186    34.9323     2.9247     2.9253    27.8272    27.8381    6.18940    6.15042         22 0.0000e+00
      70452   2935.445   2442.000     3.1203   3.274117     3.1198   3.275234      96.63     0.0129     1.9846     1.7535 5.6884e+03     -2.907  2.0968006  1.0151287   58.63886  -50.41716    34.9186    34.9324     2.9239     2.9234    27.8272    27.8383    6.18876    6.15570         18 0.0000e+00
      70470   2936.191   2443.000     3.1189   3.274023     3.1184   3.275150      96.87     0.0125     1.9845     1.7532 5.6884e+03     -2.907  2.0980933  1.0154678   58.63886  -50.41716    34.9184    34.9324     2.9225     2.9219    27.8272    27.8384    6.18412    6.14214         18 0.0000e+00
      70487   2936.906   2444.000     3.1161   3.273798     3.1155   3.274912      83.19     0.0133     1.9841     1.7527 5.6884e+03     -2.907  2.0982523  1.0152301   58.63886  -50.41716    34.9182    34.9322     2.9196     2.9189    27.8273    27.8385    6.18028    6.15586         17 0.0000e+00
      70504   2937.614   2445.000     3.1138   3.273629     3.1133   3.274749      93.64     0.0123     1.9837     1.7535 5.6884e+03     -2.907  2.0981133  1.0148733   58.63886  -50.41716    34.9182    34.9320     2.9173     2.9168    27.8275    27.8386    6.18606    6.16457         17 0.0000e+00
      70521   2938.349   2446.000     3.1127   3.273566     3.1122   3.274687      96.94     0.0126     1.9837     1.7531 5.6884e+03     -2.907  2.0976832  1.0142494   58.63886  -50.41716    34.9181    34.9320     2.9161     2.9155    27.8276    27.8388    6.19073    6.13938         18 0.0000e+00
      70542   2939.197   2447.000     3.1123   3.273562     3.1116   3.274672      46.07     0.0141     1.9835     1.7522 5.6884e+03     -2.907  2.0978372  1.0141752   58.63886  -50.41716    34.9181    34.9320     2.9156     2.9148    27.8276    27.8388    6.19474    6.14325         23 0.0000e+00
      70570   2940.373   2448.000     3.1111   3.273500     3.1107   3.274622      83.54     0.0112     1.9835     1.7522 5.6884e+03     -2.907  2.0987277  1.0134583   58.63886  -50.41716    34.9181    34.9319     2.9144     2.9138    27.8277    27.8388    6.18972    6.14735         35 0.0000e+00
      70607   2941.928   2449.000     3.1094   3.273384     3.1090   3.274505      95.52     0.0112     1.9829     1.7516 5.6884e+03     -2.908  2.0986061  1.0133933   58.63886  -50.41716    34.9180    34.9319     2.9126     2.9121    27.8278    27.8389    6.18673    6.14935         34 0.0000e+00
      70635   2943.079   2450.000     3.1094   3.273422     3.1088   3.274533      81.88     0.0119     1.9829     1.7516 5.6884e+03     -2.908  2.0988553  1.0134321   58.63886  -50.41716    34.9181    34.9319     2.9124     2.9118    27.8279    27.8390    6.18904    6.14937         23 0.0000e+00
      70656   2943.954   2451.000     3.1090   3.273419     3.1084   3.274531      97.29     0.0138     1.9826     1.7513 5.6884e+03     -2.908  2.0985289  1.0134311   58.63886  -50.41716    34.9180    34.9318     2.9119     2.9113    27.8279    27.8389    6.18456    6.14821         20 0.0000e+00
      70676   2944.784   2452.000     3.1078   3.273349     3.1073   3.274463      96.74     0.0117     1.9822     1.7514 5.6884e+03     -2.908  2.0988977  1.0134311   58.63886  -50.41715    34.9180    34.9318     2.9106     2.9101    27.8279    27.8390    6.18413    6.14750         21 0.0000e+00
      70697   2945.658   2453.000     3.1069   3.273300     3.1064   3.274424      88.97     0.0137     1.9819     1.7505 5.6884e+03     -2.908  2.0986707  1.0128552   58.63886  -50.41714    34.9178    34.9317     2.9097     2.9092    27.8279    27.8390    6.18338    6.13362         21 0.0000e+00
      70719   2946.598   2454.000     3.1066   3.273304     3.1060   3.274422      91.37     0.0125     1.9814     1.7504 5.6884e+03     -2.908  2.0986974  1.0125175   58.63887  -50.41714    34.9178    34.9317     2.9093     2.9087    27.8279    27.8391    6.17949    6.14873         24 0.0000e+00
      70744   2947.610   2455.000     3.1052   3.273202     3.1047   3.274327      95.59     0.0113     1.9810     1.7501 5.6884e+03     -2.908  2.0986092  1.0124069   58.63888  -50.41714    34.9176    34.9315     2.9078     2.9072    27.8279    27.8391    6.18394    6.13795         25 0.0000e+00
      70771   2948.755   2456.000     3.1009   3.272849     3.1005   3.273971      85.84     0.0064     1.9808     1.7496 5.6884e+03     -2.908  2.0985358  1.0122128   58.63888  -50.41714    34.9174    34.9312     2.9035     2.9031    27.8281    27.8392    6.18892    6.14935         30 0.0000e+00
      70801   2950.014   2457.000     3.0996   3.272757     3.0991   3.273880      72.04     0.0060     1.9806     1.7500 5.6884e+03     -2.908  2.1004806  1.0122100   58.63888  -50.41714    34.9172    34.9311     2.9021     2.9016    27.8281    27.8393    6.18526    6.15834         29 0.0000e+00
      70828   2951.131   2458.000     3.0975   3.272602     3.0970   3.273729      97.04     0.0081     1.9802     1.7499 5.6884e+03     -2.908  2.1009479  1.0122100   58.63888  -50.41714    34.9171    34.9310     2.9000     2.8995    27.8282    27.8394    6.18590    6.14624         24 0.0000e+00
      70850   2952.042   2459.000     3.0958   3.272488     3.0953   3.273609      80.55     0.0145     1.9801     1.7492 5.6884e+03     -2.908  2.1001217  1.0122100   58.63888  -50.41713    34.9171    34.9310     2.8982     2.8977    27.8284    27.8395    6.19233    6.14164         21 0.0000e+00
      70871   2952.915   2460.000     3.0951   3.272469     3.0945   3.273576      96.47     0.0127     1.9801     1.7493 5.6884e+03     -2.908  2.1000681  1.0122100   58.63888  -50.41712    34.9171    34.9309     2.8974     2.8968    27.8285    27.8396    6.19034    6.15190         22 0.0000e+00
      70896   2953.976   2461.000     3.0948   3.272472     3.0943   3.273587      96.98     0.0102     1.9798     1.7493 5.6884e+03     -2.908  2.0981553  1.0113209   58.63888  -50.41712    34.9170    34.9309     2.8971     2.8965    27.8284    27.8395    6.18405    6.15189         31 0.0000e+00
      70938   2955.696   2462.000     3.0948   3.272510     3.0943   3.273622      88.72     0.0129     1.9793     1.7487 5.6884e+03     -2.908  2.0984464  1.0109689   58.63888  -50.41712    34.9170    34.9308     2.8969     2.8964    27.8284    27.8395    6.18842    6.13669         43 0.0000e+00
      70968   2956.970   2463.000     3.0941   3.272489     3.0936   3.273610      97.19     0.0126     1.9791     1.7479 5.6884e+03     -2.908  2.0994244  1.0109891   58.63888  -50.41712    34.9170    34.9309     2.8962     2.8956    27.8285    27.8397    6.18463    6.14407         22 0.0000e+00
      70987   2957.736   2464.000     3.0924   3.272382     3.0919   3.273504      48.30     0.0172     1.9789     1.7480 5.6884e+03     -2.908  2.0999746  1.0109891   58.63888  -50.41712    34.9171    34.9310     2.8944     2.8939    27.8287    27.8398    6.18854    6.14947         16 0.0000e+00
      71003   2958.414   2465.000     3.0910   3.272295     3.0906   3.273424      56.62     0.0162     1.9789     1.7480 5.6884e+03     -2.908  2.1001263  1.0109891   58.63888  -50.41712    34.9170    34.9309     2.8929     2.8925    27.8288    27.8399    6.19224    6.14259         16 0.0000e+00
      71019   2959.096   2466.000     3.0892   3.272170     3.0888   3.273292      97.76     0.0125     1.9789     1.7477 5.6884e+03     -2.908  2.1001222  1.0109891   58.63888  -50.41712    34.9170    34.9308     2.8911     2.8906    27.8290    27.8401    6.18618    6.15766         17 0.0000e+00
      71038   2959.864   2467.000     3.0879   3.272090     3.0874   3.273208      96.01     0.0117     1.9784     1.7481 5.6884e+03     -2.908  2.1001222  1.0109891   58.63888  -50.41712    34.9169    34.9308     2.8897     2.8891    27.8290    27.8402    6.18437    6.15840         21 0.0000e+00
      71063   2960.927   2468.000     3.0872   3.272063     3.0867   3.273181      86.78     0.0125     1.9781     1.7484 5.6884e+03     -2.908  2.1001222  1.0109545   58.63888  -50.41712    34.9169    34.9307     2.8889     2.8884    27.8291    27.8402    6.18128    6.16499         33 0.0000e+00
      71107   2962.754   2469.000     3.0860   3.271997     3.0860   3.273154      97.53     0.0122     1.9775     1.7477 5.6884e+03     -2.908  2.1014109  1.0098498   58.63889  -50.41712    34.9169    34.9308     2.8876     2.8875    27.8292    27.8403    6.18541    6.14705         45 0.0000e+00
      71139   2964.098   2470.000     3.0853   3.271985     3.0847   3.273093      81.47     0.0113     1.9771     1.7481 5.6884e+03     -2.908  2.1001968  1.0101290   58.63890  -50.41710    34.9171    34.9309     2.8868     2.8861    27.8294    27.8405    6.19115    6.13794         24 0.0000e+00
      71160   2964.949   2471.000     3.0851   3.272016     3.0846   3.273127      96.85     0.0132     1.9772     1.7469 5.6884e+03     -2.908  2.1001232  1.0105349   58.63890  -50.41710    34.9171    34.9309     2.8866     2.8860    27.8295    27.8406    6.19252    6.13953         19 0.0000e+00
