Data/Raw HPLC Argo/lovbio014b/CTD/D008A101.CNV
* Sea-Bird SBE 9 Data File:
* FileName = C:\CTD_ACQUISITION\2013008HUD\ctddata\008A101.hdr
* Software Version Seasave V 7.22.2
* Temperature SN = 5081
* Conductivity SN = 3561
* Number of Bytes Per Scan = 37
* Number of Voltage Words = 4
* Number of Scans Averaged by the Deck Unit = 1
* NMEA Latitude = 58 38.38 N
* NMEA Longitude = 050 24.93 W
* NMEA UTC (Time) = May 15 2013 03:27:28
* NMEA baud rate = 9600
** Ship: Hudson
** Cruise: HUD2013008
** Chief_Scientist: Yashayaev
** Organization: BIO
** Area_of_Operation: Labrador Sea
** Station: 101
** Sounding:  3458
** Event_Comments: L3_19
# nquan = 27
# nvalues = 3573                        
# units = specified
# name 0 = scan: Scan Count
# name 1 = timeS: Time, Elapsed [seconds]
# name 2 = prDM: Pressure, Digiquartz [db]
# name 3 = t068C: Temperature [ITS-68, deg C]
# name 4 = c0S/m: Conductivity [S/m]
# name 5 = t168C: Temperature, 2 [ITS-68, deg C]
# name 6 = c1S/m: Conductivity, 2 [S/m]
# name 7 = altM: Altimeter [m]
# name 8 = flCUVA: Fluorescence, Chelsea UV Aquatracka [ug/l]
# name 9 = sbeox0V: Oxygen raw, SBE 43 [V]
# name 10 = sbeox1V: Oxygen raw, SBE 43, 2 [V]
# name 11 = par: PAR/Irradiance, Biospherical/Licor
# name 12 = ph: pH
# name 13 = upoly0: Upoly 0, Optode 4330F - O2 D-Phase
# name 14 = upoly1: Upoly 1, Optode 4330F - O2 Temp
# name 15 = latitude: Latitude [deg]
# name 16 = longitude: Longitude [deg]
# name 17 = sal00: Salinity, Practical [PSU]
# name 18 = sal11: Salinity, Practical, 2 [PSU]
# name 19 = potemp068C: Potential Temperature [ITS-68, deg C]
# name 20 = potemp168C: Potential Temperature, 2 [ITS-68, deg C]
# name 21 = sigma-é00: Density [sigma-theta, Kg/m^3]
# name 22 = sigma-é11: Density, 2 [sigma-theta, Kg/m^3]
# name 23 = sbeox0ML/L: Oxygen, SBE 43 [ml/l], WS = 2
# name 24 = sbeox1ML/L: Oxygen, SBE 43, 2 [ml/l], WS = 2
# name 25 = nbin: number of scans per bin
# name 26 = flag: flag
# span 0 =       6890,      97317       
# span 1 =    287.051,   4054.837       
# span 2 =      3.000,   3575.000       
# span 3 =     1.6738,     4.2237       
# span 4 =   3.187797,   3.293314       
# span 5 =     1.6732,     4.2233       
# span 6 =   3.188888,   3.294445       
# span 7 =       1.95,     105.31       
# span 8 =     0.0030,     0.2472       
# span 9 =     1.8174,     2.8975       
# span 10 =     1.6059,     2.5470      
# span 11 = 5.6884e+03, 5.6884e+03      
# span 12 =     -2.959,     -2.868      
# span 13 =  1.8130199,  2.1392050      
# span 14 =  0.8329580,  1.1512441      
# span 15 =   58.63878,   58.63998      
# span 16 =  -50.41738,  -50.41546      
# span 17 =    34.7975,    34.9209      
# span 18 =    34.8111,    34.9348      
# span 19 =     1.3942,     4.2149      
# span 20 =     1.3936,     4.2145      
# span 21 =    27.6273,    27.9380      
# span 22 =    27.6358,    27.9493      
# span 23 =    6.08955,    7.14756      
# span 24 =    6.04671,    7.24300      
# span 25 =          6,         91      
# span 26 = 0.0000e+00, 0.0000e+00      
# interval = decibars: 1                
# start_time = May 15 2013 03:27:28 [NMEA time, header]
# bad_flag = -9.990e-29
*END*
[from data line 3115]
      86441   3601.651   3118.000     2.5181   3.246093     2.5175   3.247199      97.10     0.0113     1.8565     1.6409 5.6884e+03     -2.929  2.1355309  0.9397165   58.63914  -50.41694    34.9111    34.9251     2.2658     2.2651    27.8789    27.8901    6.28393    6.20992         16 0.0000e+00
      86456   3602.282   3119.000     2.5175   3.246065     2.5167   3.247160      73.40     0.0151     1.8566     1.6409 5.6884e+03     -2.929  2.1355312  0.9401795   58.63914  -50.41694    34.9111    34.9250     2.2650     2.2769    27.8789    27.8901    6.27716    6.21808         14 0.0000e+00
      86470   3602.885   3120.000     2.5168   3.246042     2.5160   3.247145      18.33     0.0166     1.8562     1.6408 5.6884e+03     -2.929  2.1355312  0.9401709   58.63914  -50.41694    34.9111    34.9252     2.2642     2.2632    27.8790    27.8903    6.27431    6.22303         15 0.0000e+00
      86485   3603.508   3121.000     2.5164   3.246040     2.5156   3.247144      95.87     0.0161     1.8562     1.6410 5.6884e+03     -2.929  2.1362047  0.9398715   58.63914  -50.41694    34.9111    34.9251     2.2637     2.2629    27.8790    27.8903    6.27865    6.22249         16 0.0000e+00
      86502   3604.216   3122.000     2.5152   3.245975     2.5144   3.247078      96.99     0.0141     1.8560     1.6409 5.6884e+03     -2.929  2.1375852  0.9389924   58.63914  -50.41694    34.9111    34.9251     2.2624     2.2617    27.8791    27.8904    6.27956    6.21770         19 0.0000e+00
      86527   3605.254   3123.000     2.5133   3.245827     2.5127   3.246947      91.27     0.0152     1.8558     1.6410 5.6884e+03     -2.929  2.1367683  0.9386560   58.63914  -50.41694    34.9109    34.9249     2.2605     2.2599    27.8791    27.8904    6.27927    6.22268         34 0.0000e+00
      86574   3607.226   3124.000     2.5104   3.245595     2.5098   3.246702      97.06     0.0140     1.8558     1.6406 5.6884e+03     -2.929  2.1356511  0.9379142   58.63914  -50.41697    34.9106    34.9246     2.2576     2.2569    27.8791    27.8904    6.29517    6.20958         45 0.0000e+00
      86602   3608.361   3125.000     2.5099   3.245599     2.5093   3.246710      97.12     0.0175     1.8561     1.6405 5.6884e+03     -2.929  2.1361821  0.9389042   58.63914  -50.41696    34.9108    34.9248     2.2570     2.2563    27.8793    27.8906    6.28436    6.21834         19 0.0000e+00
      86618   3609.042   3126.000     2.5092   3.245576     2.5086   3.246690      97.07     0.0139     1.8559     1.6401 5.6884e+03     -2.929  2.1364267  0.9389500   58.63914  -50.41696    34.9108    34.9249     2.2562     2.2555    27.8794    27.8907    6.27607    6.21499         15 0.0000e+00
      86633   3609.653   3127.000     2.5064   3.245369     2.5057   3.246477      97.10     0.0135     1.8556     1.6398 5.6884e+03     -2.929  2.1369321  0.9388617   58.63914  -50.41696    34.9107    34.9249     2.2533     2.2526    27.8795    27.8909    6.27537    6.22348         14 0.0000e+00
      86648   3610.273   3128.000     2.5043   3.245209     2.5037   3.246320      97.10     0.0139     1.8551     1.6405 5.6884e+03     -2.929  2.1374412  0.9389503   58.63914  -50.41696    34.9106    34.9247     2.2512     2.2505    27.8797    27.8910    6.27659    6.22598         16 0.0000e+00
      86665   3610.991   3129.000     2.5037   3.245181     2.5030   3.246289      97.10     0.0134     1.8552     1.6401 5.6884e+03     -2.929  2.1375415  0.9388913   58.63914  -50.41696    34.9105    34.9246     2.2505     2.2497    27.8797    27.8910    6.27652    6.21891         20 0.0000e+00
      86707   3612.742   3130.000     2.5033   3.245177     2.5032   3.246331      94.63     0.0158     1.8545     1.6399 5.6884e+03     -2.929  2.1366251  0.9376091   58.63914  -50.41696    34.9105    34.9244     2.2500     2.2499    27.8797    27.8908    6.27794    6.22231         54 0.0000e+00
      86764   3615.116   3131.000     2.5028   3.245187     2.5042   3.246469      97.20     0.0153     1.8543     1.6403 5.6884e+03     -2.929  2.1375413  0.9371352   58.63916  -50.41696    34.9106    34.9245     2.2495     2.2507    27.8798    27.8909    6.29672    6.22364         21 0.0000e+00
      86780   3615.802   3132.000     2.5008   3.245023     2.5002   3.246136      96.75     0.0133     1.8547     1.6396 5.6884e+03     -2.929  2.1368244  0.9376544   58.63916  -50.41696    34.9103    34.9243     2.2474     2.2467    27.8797    27.8910    6.29846    6.22971         15 0.0000e+00
      86795   3616.400   3133.000     2.4981   3.244797     2.4977   3.245929      95.93     0.0122     1.8547     1.6404 5.6884e+03     -2.930  2.1359611  0.9377295   58.63916  -50.41696    34.9101    34.9241     2.2446     2.2442    27.8798    27.8910    6.29224    6.24609         14 0.0000e+00
      86808   3616.961   3134.000     2.4957   3.244621     2.4952   3.245736      96.31     0.0126     1.8546     1.6403 5.6884e+03     -2.930  2.1363788  0.9377289   58.63914  -50.41698    34.9100    34.9240     2.2422     2.2416    27.8799    27.8912    6.29219    6.22389         13 0.0000e+00
      86821   3617.521   3135.000     2.4942   3.244511     2.4934   3.245611      97.05     0.0105     1.8549     1.6402 5.6884e+03     -2.930  2.1364033  0.9375546   58.63914  -50.41698    34.9099    34.9239     2.2406     2.2398    27.8800    27.8912    6.28377    6.22241         14 0.0000e+00
      86835   3618.103   3136.000     2.4921   3.244352     2.4913   3.245448      97.10     0.0109     1.8541     1.6399 5.6884e+03     -2.930  2.1377964  0.9365097   58.63914  -50.41696    34.9097    34.9236     2.2384     2.2376    27.8800    27.8912    6.28180    6.22093         14 0.0000e+00
      86852   3618.782   3137.000     2.4894   3.244139     2.4888   3.245248      97.11     0.0106     1.8544     1.6399 5.6884e+03     -2.930  2.1377172  0.9365079   58.63914  -50.41697    34.9096    34.9236     2.2357     2.2350    27.8801    27.8914    6.28863    6.22363         19 0.0000e+00
      86891   3620.437   3138.000     2.4889   3.244130     2.4899   3.245383      97.07     0.0114     1.8541     1.6397 5.6884e+03     -2.930  2.1372318  0.9356900   58.63914  -50.41698    34.9095    34.9235     2.2351     2.2361    27.8801    27.8912    6.29190    6.23304         40 0.0000e+00
      86961   3623.318   3139.000     2.4884   3.244118     2.4915   3.245579      96.61     0.0162     1.8539     1.6395 5.6884e+03     -2.930  2.1378646  0.9352661   58.63914  -50.41698    34.9096    34.9237     2.2343     2.2375    27.8803    27.8913    6.29246    6.22897         17 0.0000e+00
      86973   3623.833   3140.000     2.4869   3.244043     2.4865   3.245165      95.69     0.0131     1.8540     1.6394 5.6884e+03     -2.930  2.1359096  0.9361861   58.63915  -50.41697    34.9097    34.9236     2.2330     2.2325    27.8804    27.8916    6.29708    6.23408         14 0.0000e+00
      86986   3624.386   3141.000     2.4851   3.243908     2.4846   3.245023      79.30     0.0129     1.8540     1.6396 5.6884e+03     -2.930  2.1355226  0.9365148   58.63916  -50.41696    34.9095    34.9235     2.2311     2.2305    27.8805    27.8917    6.29572    6.22783         13 0.0000e+00
      86999   3624.936   3142.000     2.4832   3.243779     2.4826   3.244882      94.58     0.0126     1.8539     1.6394 5.6884e+03     -2.930  2.1355312  0.9365079   58.63914  -50.41698    34.9095    34.9234     2.2291     2.2285    27.8806    27.8918    6.29232    6.22964         14 0.0000e+00
      87014   3625.523   3143.000     2.4831   3.243811     2.4825   3.244910      96.50     0.0118     1.8539     1.6392 5.6884e+03     -2.930  2.1359258  0.9361132   58.63914  -50.41698    34.9096    34.9235     2.2289     2.2282    27.8807    27.8919    6.29122    6.23795         15 0.0000e+00
      87030   3626.227   3144.000     2.4826   3.243805     2.4819   3.244905      97.09     0.0098     1.8536     1.6395 5.6884e+03     -2.930  2.1367252  0.9352518   58.63914  -50.41698    34.9096    34.9236     2.2283     2.2276    27.8808    27.8920    6.28686    6.23704         19 0.0000e+00
      87054   3627.225   3145.000     2.4812   3.243708     2.4806   3.244825      97.02     0.0106     1.8533     1.6392 5.6884e+03     -2.930  2.1371624  0.9350391   58.63914  -50.41698    34.9095    34.9236     2.2268     2.2262    27.8808    27.8921    6.29117    6.23065         29 0.0000e+00
      87087   3628.563   3146.000     2.4794   3.243582     2.4788   3.244692      96.50     0.0144     1.8531     1.6391 5.6884e+03     -2.930  2.1376855  0.9340499   58.63914  -50.41698    34.9095    34.9234     2.2250     2.2244    27.8809    27.8921    6.29025    6.23232         33 0.0000e+00
      87116   3629.789   3147.000     2.4782   3.243506     2.4776   3.244615      95.14     0.0162     1.8528     1.6391 5.6884e+03     -2.930  2.1367860  0.9340659   58.63914  -50.41698    34.9094    34.9233     2.2237     2.2231    27.8809    27.8921    6.29203    6.24418         26 0.0000e+00
      87142   3630.861   3148.000     2.4765   3.243400     2.4761   3.244526      82.18     0.0149     1.8527     1.6390 5.6884e+03     -2.930  2.1359484  0.9340659   58.63914  -50.41698    34.9094    34.9234     2.2220     2.2215    27.8811    27.8924    6.29433    6.22001         26 0.0000e+00
      87168   3631.948   3149.000     2.4723   3.243042     2.4719   3.244173      95.83     0.0141     1.8525     1.6387 5.6884e+03     -2.930  2.1371391  0.9340659   58.63914  -50.41699    34.9091    34.9231     2.2177     2.2173    27.8812    27.8924    6.30154    6.24896         26 0.0000e+00
      87192   3632.961   3150.000     2.4683   3.242725     2.4678   3.243844      95.72     0.0108     1.8528     1.6389 5.6884e+03     -2.931  2.1379931  0.9340659   58.63914  -50.41700    34.9091    34.9231     2.2137     2.2132    27.8815    27.8928    6.30788    6.23642         22 0.0000e+00
      87212   3633.797   3151.000     2.4668   3.242629     2.4660   3.243721      96.44     0.0092     1.8529     1.6386 5.6884e+03     -2.931  2.1366153  0.9337426   58.63914  -50.41700    34.9090    34.9231     2.2122     2.2206    27.8816    27.8929    6.29803    6.24169         19 0.0000e+00
      87230   3634.526   3152.000     2.4665   3.242641     2.4657   3.243720      97.12     0.0105     1.8525     1.6390 5.6884e+03     -2.931  2.1359074  0.9339146   58.63914  -50.41700    34.9091    34.9229     2.2117     2.2108    27.8817    27.8929    6.29990    6.25345         16 0.0000e+00
      87246   3635.213   3153.000     2.4654   3.242566     2.4647   3.243674      96.97     0.0117     1.8529     1.6391 5.6884e+03     -2.931  2.1362517  0.9340670   58.63914  -50.41700    34.9089    34.9229     2.2106     2.2099    27.8816    27.8929    6.30140    6.24454         17 0.0000e+00
      87263   3635.920   3154.000     2.4640   3.242479     2.4633   3.243588      96.51     0.0101     1.8524     1.6391 5.6884e+03     -2.931  2.1372705  0.9330059   58.63914  -50.41700    34.9088    34.9229     2.2092     2.2084    27.8817    27.8931    6.28558    6.23401         18 0.0000e+00
      87283   3636.748   3155.000     2.4628   3.242400     2.4620   3.243500      80.16     0.0123     1.8520     1.6383 5.6884e+03     -2.931  2.1377370  0.9328519   58.63914  -50.41699    34.9088    34.9228     2.2078     2.2070    27.8818    27.8931    6.28903    6.22904         23 0.0000e+00
      87334   3638.856   3156.000     2.4611   3.242278     2.4607   3.243406      97.49     0.0132     1.8516     1.6378 5.6884e+03     -2.931  2.1385217  0.9321599   58.63914  -50.41700    34.9087    34.9227     2.2061     2.2056    27.8818    27.8931    6.29868    6.22870         44 0.0000e+00
      87393   3641.353   3157.000     2.4596   3.242200     2.4591   3.243308      97.10     0.0120     1.8516     1.6374 5.6884e+03     -2.931  2.1379511  0.9319000   58.63914  -50.41700    34.9088    34.9227     2.2045     2.2039    27.8821    27.8933    6.30727    6.25011         17 0.0000e+00
      87407   3641.897   3158.000     2.4574   3.242039     2.4568   3.243140      96.91     0.0113     1.8518     1.6377 5.6884e+03     -2.931  2.1377981  0.9328474   58.63914  -50.41700    34.9088    34.9227     2.2023     2.2016    27.8822    27.8934    6.30865    6.23940         14 0.0000e+00
      87419   3642.434   3159.000     2.4546   3.241829     2.4540   3.242930      96.83     0.0138     1.8517     1.6372 5.6884e+03     -2.931  2.1377697  0.9328449   58.63914  -50.41700    34.9088    34.9227     2.1994     2.1987    27.8825    27.8937    6.30644    6.22451         12 0.0000e+00
      87432   3642.952   3160.000     2.4533   3.241748     2.4526   3.242850      69.18     0.0150     1.8517     1.6371 5.6884e+03     -2.931  2.1379707  0.9328449   58.63914  -50.41700    34.9088    34.9227     2.1980     2.1973    27.8826    27.8938    6.30878    6.23143         13 0.0000e+00
      87445   3643.489   3161.000     2.4513   3.241608     2.4507   3.242717      90.57     0.0137     1.8517     1.6372 5.6884e+03     -2.931  2.1376047  0.9326608   58.63914  -50.41700    34.9087    34.9226     2.1960     2.1954    27.8827    27.8939    6.31062    6.23421         13 0.0000e+00
      87459   3644.088   3162.000     2.4483   3.241359     2.4476   3.242467      96.96     0.0113     1.8518     1.6366 5.6884e+03     -2.931  2.1375175  0.9317256   58.63914  -50.41700    34.9084    34.9225     2.1930     2.1922    27.8827    27.8940    6.31089    6.23564         16 0.0000e+00
      87478   3644.859   3163.000     2.4459   3.241172     2.4452   3.242279      95.91     0.0117     1.8518     1.6369 5.6884e+03     -2.931  2.1375284  0.9317863   58.63914  -50.41700    34.9083    34.9224     2.1905     2.1897    27.8828    27.8941    6.30947    6.24761         22 0.0000e+00
      87519   3646.569   3164.000     2.4445   3.241081     2.4438   3.242188      96.49     0.0126     1.8515     1.6368 5.6884e+03     -2.931  2.1377263  0.9305834   58.63914  -50.41702    34.9082    34.9222     2.1890     2.1883    27.8829    27.8942    6.30709    6.24298         61 0.0000e+00
      87567   3648.575   3165.000     2.4431   3.241000     2.4425   3.242107      90.84     0.0168     1.8515     1.6366 5.6884e+03     -2.931  2.1378021  0.9303957   58.63914  -50.41702    34.9083    34.9223     2.1876     2.1869    27.8831    27.8943    6.31847    6.25078         28 0.0000e+00
      87588   3649.471   3166.000     2.4411   3.240856     2.4405   3.241971      78.83     0.0146     1.8515     1.6369 5.6884e+03     -2.932  2.1381707  0.9304029   58.63914  -50.41702    34.9082    34.9222     2.1855     2.1849    27.8831    27.8944    6.31296    6.25519         19 0.0000e+00
      87606   3650.216   3167.000     2.4397   3.240767     2.4393   3.241900      95.05     0.0129     1.8515     1.6370 5.6884e+03     -2.932  2.1392050  0.9304029   58.63914  -50.41702    34.9082    34.9222     2.1840     2.1836    27.8833    27.8945    6.31748    6.24325         17 0.0000e+00
      87623   3650.898   3168.000     2.4380   3.240650     2.4375   3.241773      94.87     0.0156     1.8517     1.6366 5.6884e+03     -2.932  2.1391943  0.9304029   58.63914  -50.41702    34.9081    34.9222     2.1823     2.1928    27.8834    27.8947    6.31707    6.24356         16 0.0000e+00
      87638   3651.557   3169.000     2.4373   3.240614     2.4366   3.241732      94.87     0.0134     1.8515     1.6367 5.6884e+03     -2.932  2.1382105  0.9300246   58.63914  -50.41702    34.9080    34.9221     2.1815     2.1808    27.8833    27.8947    6.31805    6.25226         16 0.0000e+00
