Data/Raw HPLC Argo/lovbio014b/CTD/D008A101.CNV
* Sea-Bird SBE 9 Data File:
* FileName = C:\CTD_ACQUISITION\2013008HUD\ctddata\008A101.hdr
* Software Version Seasave V 7.22.2
* Temperature SN = 5081
* Conductivity SN = 3561
* Number of Bytes Per Scan = 37
* Number of Voltage Words = 4
* Number of Scans Averaged by the Deck Unit = 1
* NMEA Latitude = 58 38.38 N
* NMEA Longitude = 050 24.93 W
* NMEA UTC (Time) = May 15 2013 03:27:28
* NMEA baud rate = 9600
** Ship: Hudson
** Cruise: HUD2013008
** Chief_Scientist: Yashayaev
** Organization: BIO
** Area_of_Operation: Labrador Sea
** Station: 101
** Sounding:  3458
** Event_Comments: L3_19
# nquan = 27
# nvalues = 3573                        
# units = specified
# name 0 = scan: Scan Count
# name 1 = timeS: Time, Elapsed [seconds]
# name 2 = prDM: Pressure, Digiquartz [db]
# name 3 = t068C: Temperature [ITS-68, deg C]
# name 4 = c0S/m: Conductivity [S/m]
# name 5 = t168C: Temperature, 2 [ITS-68, deg C]
# name 6 = c1S/m: Conductivity, 2 [S/m]
# name 7 = altM: Altimeter [m]
# name 8 = flCUVA: Fluorescence, Chelsea UV Aquatracka [ug/l]
# name 9 = sbeox0V: Oxygen raw, SBE 43 [V]
# name 10 = sbeox1V: Oxygen raw, SBE 43, 2 [V]
# name 11 = par: PAR/Irradiance, Biospherical/Licor
# name 12 = ph: pH
# name 13 = upoly0: Upoly 0, Optode 4330F - O2 D-Phase
# name 14 = upoly1: Upoly 1, Optode 4330F - O2 Temp
# name 15 = latitude: Latitude [deg]
# name 16 = longitude: Longitude [deg]
# name 17 = sal00: Salinity, Practical [PSU]
# name 18 = sal11: Salinity, Practical, 2 [PSU]
# name 19 = potemp068C: Potential Temperature [ITS-68, deg C]
# name 20 = potemp168C: Potential Temperature, 2 [ITS-68, deg C]
# name 21 = sigma-é00: Density [sigma-theta, Kg/m^3]
# name 22 = sigma-é11: Density, 2 [sigma-theta, Kg/m^3]
# name 23 = sbeox0ML/L: Oxygen, SBE 43 [ml/l], WS = 2
# name 24 = sbeox1ML/L: Oxygen, SBE 43, 2 [ml/l], WS = 2
# name 25 = nbin: number of scans per bin
# name 26 = flag: flag
# span 0 =       6890,      97317       
# span 1 =    287.051,   4054.837       
# span 2 =      3.000,   3575.000       
# span 3 =     1.6738,     4.2237       
# span 4 =   3.187797,   3.293314       
# span 5 =     1.6732,     4.2233       
# span 6 =   3.188888,   3.294445       
# span 7 =       1.95,     105.31       
# span 8 =     0.0030,     0.2472       
# span 9 =     1.8174,     2.8975       
# span 10 =     1.6059,     2.5470      
# span 11 = 5.6884e+03, 5.6884e+03      
# span 12 =     -2.959,     -2.868      
# span 13 =  1.8130199,  2.1392050      
# span 14 =  0.8329580,  1.1512441      
# span 15 =   58.63878,   58.63998      
# span 16 =  -50.41738,  -50.41546      
# span 17 =    34.7975,    34.9209      
# span 18 =    34.8111,    34.9348      
# span 19 =     1.3942,     4.2149      
# span 20 =     1.3936,     4.2145      
# span 21 =    27.6273,    27.9380      
# span 22 =    27.6358,    27.9493      
# span 23 =    6.08955,    7.14756      
# span 24 =    6.04671,    7.24300      
# span 25 =          6,         91      
# span 26 = 0.0000e+00, 0.0000e+00      
# interval = decibars: 1                
# start_time = May 15 2013 03:27:28 [NMEA time, header]
# bad_flag = -9.990e-29
*END*
[from data line 752]
      29068   1211.141    755.000     3.5186   3.233391     3.5185   3.234528      74.32     0.0115     2.5137     2.2120 5.6884e+03     -2.893  1.9375559  1.0635844   58.63959  -50.41589    34.8452    34.8589     3.4652     3.4651    27.7173    27.7282    6.66584    6.73667         29 0.0000e+00
      29122   1213.363    756.000     3.5184   3.233431     3.5182   3.234562      95.21     0.0153     2.5113     2.2102 5.6884e+03     -2.893  1.9373763  1.0637574   58.63958  -50.41588    34.8453    34.8591     3.4650     3.4647    27.7174    27.7285    6.67706    6.75591         14 0.0000e+00
      29134   1213.860    757.000     3.5182   3.233456     3.5179   3.234571      85.85     0.0124     2.5117     2.2091 5.6884e+03     -2.893  1.9377327  1.0646206   58.63959  -50.41588    34.8453    34.8590     3.4647     3.4644    27.7175    27.7284    6.67680    6.70008         12 0.0000e+00
      29145   1214.336    758.000     3.5181   3.233490     3.5178   3.234604      85.17     0.0105     2.5117     2.2090 5.6884e+03     -2.893  1.9377289  1.0647136   58.63960  -50.41588    34.8453    34.8589     3.4645     3.4643    27.7175    27.7284    6.67546    6.68276         11 0.0000e+00
      29156   1214.784    759.000     3.5179   3.233523     3.5177   3.234638      97.16     0.0091     2.5113     2.2091 5.6884e+03     -2.893  1.9377289  1.0647131   58.63960  -50.41588    34.8453    34.8589     3.4643     3.4641    27.7175    27.7284    6.67120    6.68039         11 0.0000e+00
      29167   1215.234    760.000     3.5180   3.233571     3.5178   3.234694      97.23     0.0062     2.5113     2.2078 5.6884e+03     -2.893  1.9377289  1.0647131   58.63960  -50.41588    34.8453    34.8590     3.4643     3.4641    27.7175    27.7284    6.67342    6.67643         11 0.0000e+00
      29178   1215.701    761.000     3.5180   3.233606     3.5178   3.234734      97.13     0.0095     2.5111     2.2072 5.6884e+03     -2.893  1.9386030  1.0640576   58.63960  -50.41589    34.8452    34.8589     3.4642     3.4640    27.7174    27.7284    6.67546    6.69027         11 0.0000e+00
      29191   1216.243    762.000     3.5180   3.233651     3.5177   3.234763      97.33     0.0124     2.5111     2.2082 5.6884e+03     -2.893  1.9394271  1.0634996   58.63960  -50.41590    34.8452    34.8588     3.4641     3.4639    27.7175    27.7283    6.68022    6.70852         15 0.0000e+00
      29234   1218.037    763.000     3.5183   3.233717     3.5182   3.234837      80.07     0.0124     2.5112     2.2089 5.6884e+03     -2.893  1.9396129  1.0634921   58.63958  -50.41590    34.8451    34.8587     3.4644     3.4642    27.7174    27.7282    6.68196    6.71153         24 0.0000e+00
      29299   1220.759    764.000     3.5181   3.233750     3.5182   3.234899      51.05     0.0141     2.5111     2.2107 5.6884e+03     -2.893  1.9398243  1.0634921   58.63956  -50.41590    34.8453    34.8589     3.4641     3.4642    27.7175    27.7284    6.68119    6.71540         14 0.0000e+00
      29313   1221.326    765.000     3.5172   3.233707     3.5173   3.234854      97.70     0.0144     2.5111     2.2110 5.6884e+03     -2.893  1.9395546  1.0635812   58.63956  -50.41590    34.8452    34.8587     3.4631     3.4632    27.7175    27.7283    6.68226    6.71619         14 0.0000e+00
      29326   1221.885    766.000     3.5170   3.233722     3.5167   3.234844      96.55     0.0126     2.5111     2.2108 5.6884e+03     -2.893  1.9395126  1.0638729   58.63956  -50.41589    34.8451    34.8588     3.4628     3.4625    27.7175    27.7284    6.68318    6.71023         13 0.0000e+00
      29340   1222.443    767.000     3.5167   3.233728     3.5164   3.234869      96.50     0.0121     2.5111     2.2110 5.6884e+03     -2.893  1.9394728  1.0637525   58.63956  -50.41588    34.8449    34.8588     3.4625     3.4622    27.7174    27.7285    6.68412    6.70774         14 0.0000e+00
      29354   1223.031    768.000     3.5165   3.233762     3.5162   3.234883      79.85     0.0134     2.5111     2.2108 5.6884e+03     -2.893  1.9395188  1.0640562   58.63956  -50.41586    34.8450    34.8587     3.4621     3.4619    27.7175    27.7284    6.68524    6.69532         15 0.0000e+00
      29370   1223.693    769.000     3.5164   3.233804     3.5161   3.234917      94.65     0.0126     2.5111     2.2095 5.6884e+03     -2.893  1.9395945  1.0637158   58.63956  -50.41586    34.8450    34.8587     3.4620     3.4617    27.7175    27.7284    6.68650    6.68519         17 0.0000e+00
      29390   1224.557    770.000     3.5166   3.233856     3.5162   3.234966      96.54     0.0133     2.5112     2.2083 5.6884e+03     -2.893  1.9393008  1.0634984   58.63956  -50.41586    34.8450    34.8587     3.4621     3.4617    27.7175    27.7285    6.68662    6.68699         25 0.0000e+00
      29421   1225.815    771.000     3.5158   3.233823     3.5159   3.234963      88.50     0.0182     2.5111     2.2068 5.6884e+03     -2.893  1.9384738  1.0634921   58.63956  -50.41587    34.8449    34.8585     3.4613     3.4613    27.7175    27.7283    6.68697    6.68682         35 0.0000e+00
      29461   1227.516    772.000     3.5154   3.233819     3.5154   3.234961      79.12     0.0156     2.5110     2.2065 5.6884e+03     -2.893  1.9385587  1.0634921   58.63955  -50.41588    34.8447    34.8584     3.4608     3.4608    27.7174    27.7283    6.68519    6.69760         47 0.0000e+00
      29502   1229.211    773.000     3.5138   3.233711     3.5140   3.234871      67.83     0.0151     2.5106     2.2064 5.6884e+03     -2.893  1.9395926  1.0635364   58.63954  -50.41588    34.8446    34.8583     3.4592     3.4593    27.7175    27.7283    6.69006    6.70367         29 0.0000e+00
      29525   1230.182    774.000     3.5132   3.233702     3.5133   3.234844      98.11     0.0135     2.5108     2.2067 5.6884e+03     -2.893  1.9376642  1.0643126   58.63954  -50.41586    34.8446    34.8582     3.4584     3.4609    27.7175    27.7284    6.68981    6.69804         20 0.0000e+00
      29543   1230.918    775.000     3.5123   3.233657     3.5119   3.234752      95.29     0.0127     2.5107     2.2061 5.6884e+03     -2.893  1.9377289  1.0644261   58.63954  -50.41586    34.8445    34.8580     3.4575     3.4571    27.7175    27.7284    6.68456    6.71038         17 0.0000e+00
      29559   1231.566    776.000     3.5116   3.233634     3.5113   3.234743      84.06     0.0128     2.5105     2.2073 5.6884e+03     -2.893  1.9383423  1.0641011   58.63954  -50.41586    34.8444    34.8581     3.4567     3.4564    27.7176    27.7285    6.67917    6.71528         14 0.0000e+00
      29573   1232.176    777.000     3.5112   3.233631     3.5109   3.234745      77.98     0.0134     2.5098     2.2074 5.6884e+03     -2.893  1.9397037  1.0634824   58.63954  -50.41586    34.8443    34.8580     3.4563     3.4559    27.7175    27.7285    6.67771    6.69263         15 0.0000e+00
      29588   1232.795    778.000     3.5108   3.233638     3.5106   3.234767      96.67     0.0119     2.5094     2.2056 5.6884e+03     -2.893  1.9396007  1.0634921   58.63954  -50.41586    34.8443    34.8580     3.4558     3.4555    27.7175    27.7285    6.68093    6.67965         15 0.0000e+00
      29604   1233.476    779.000     3.5098   3.233569     3.5097   3.234711      96.68     0.0114     2.5091     2.2055 5.6884e+03     -2.893  1.9397631  1.0634246   58.63954  -50.41586    34.8441    34.8578     3.4547     3.4545    27.7175    27.7285    6.68315    6.69852         18 0.0000e+00
      29626   1234.368    780.000     3.5094   3.233572     3.5094   3.234715      93.75     0.0120     2.5088     2.2055 5.6884e+03     -2.893  1.9397211  1.0631886   58.63954  -50.41586    34.8440    34.8577     3.4542     3.4541    27.7174    27.7284    6.68537    6.69971         27 0.0000e+00
      29665   1236.011    781.000     3.5095   3.233626     3.5093   3.234749      92.83     0.0161     2.5084     2.2052 5.6884e+03     -2.893  1.9410623  1.0625643   58.63954  -50.41586    34.8440    34.8576     3.4543     3.4541    27.7174    27.7283    6.68501    6.70305         48 0.0000e+00
      29705   1237.673    782.000     3.5096   3.233678     3.5094   3.234806      89.25     0.0145     2.5083     2.2050 5.6884e+03     -2.893  1.9408348  1.0628297   58.63953  -50.41585    34.8440    34.8577     3.4542     3.4540    27.7175    27.7284    6.68785    6.69798         31 0.0000e+00
      29732   1238.788    783.000     3.5096   3.233733     3.5094   3.234853      79.51     0.0080     2.5080     2.2046 5.6884e+03     -2.893  1.9393798  1.0635147   58.63952  -50.41584    34.8441    34.8578     3.4542     3.4539    27.7175    27.7285    6.68395    6.69742         23 0.0000e+00
      29752   1239.636    784.000     3.5096   3.233777     3.5094   3.234902      72.99     0.0100     2.5076     2.2040 5.6884e+03     -2.893  1.9401803  1.0634921   58.63952  -50.41584    34.8441    34.8578     3.4541     3.4539    27.7176    27.7285    6.68168    6.69317         19 0.0000e+00
      29769   1240.346    785.000     3.5095   3.233811     3.5092   3.234937      96.82     0.0142     2.5073     2.2043 5.6884e+03     -2.893  1.9406235  1.0634921   58.63952  -50.41584    34.8441    34.8579     3.4539     3.4565    27.7176    27.7286    6.68076    6.68749         16 0.0000e+00
      29785   1240.992    786.000     3.5085   3.233752     3.5087   3.234921      79.30     0.0163     2.5070     2.2025 5.6884e+03     -2.893  1.9409002  1.0634921   58.63952  -50.41582    34.8439    34.8577     3.4529     3.4531    27.7175    27.7285    6.68180    6.67328         15 0.0000e+00
      29800   1241.638    787.000     3.5084   3.233781     3.5082   3.234918      93.68     0.0123     2.5067     2.2020 5.6884e+03     -2.893  1.9405570  1.0632660   58.63952  -50.41582    34.8439    34.8577     3.4527     3.4524    27.7175    27.7286    6.68275    6.68083         16 0.0000e+00
      29818   1242.359    788.000     3.5084   3.233825     3.5082   3.234949      97.30     0.0135     2.5064     2.2015 5.6884e+03     -2.893  1.9401795  1.0630472   58.63952  -50.41582    34.8438    34.8576     3.4526     3.4524    27.7175    27.7285    6.68418    6.68892         19 0.0000e+00
      29852   1243.786    789.000     3.5067   3.233690     3.5064   3.234800      91.56     0.0111     2.5058     2.2012 5.6884e+03     -2.893  1.9402928  1.0626006   58.63951  -50.41582    34.8436    34.8572     3.4508     3.4505    27.7175    27.7283    6.67974    6.69266         55 0.0000e+00
      29898   1245.720    790.000     3.5055   3.233619     3.5056   3.234770      96.59     0.0154     2.5051     2.2010 5.6884e+03     -2.893  1.9403067  1.0626847   58.63950  -50.41582    34.8435    34.8572     3.4495     3.4496    27.7175    27.7284    6.68405    6.69517         27 0.0000e+00
      29920   1246.624    791.000     3.5047   3.233586     3.5049   3.234751      59.04     0.0139     2.5050     2.2013 5.6884e+03     -2.893  1.9399190  1.0635085   58.63950  -50.41582    34.8434    34.8571     3.4487     3.4489    27.7175    27.7284    6.68370    6.68977         20 0.0000e+00
      29940   1247.449    792.000     3.5035   3.233516     3.5035   3.234653      52.19     0.0151     2.5047     2.2002 5.6884e+03     -2.893  1.9398030  1.0632446   58.63950  -50.41582    34.8432    34.8569     3.4475     3.4474    27.7175    27.7284    6.68214    6.68513         20 0.0000e+00
      29959   1248.257    793.000     3.5030   3.233504     3.5027   3.234623      96.84     0.0124     2.5045     2.2002 5.6884e+03     -2.893  1.9401741  1.0623922   58.63950  -50.41582    34.8432    34.8568     3.4468     3.4466    27.7175    27.7284    6.68545    6.68300         19 0.0000e+00
      29978   1249.035    794.000     3.5030   3.233547     3.5028   3.234679      96.92     0.0170     2.5044     2.1993 5.6884e+03     -2.893  1.9401709  1.0623379   58.63950  -50.41582    34.8432    34.8569     3.4467     3.4465    27.7175    27.7285    6.68734    6.67621         18 0.0000e+00
      29995   1249.748    795.000     3.5035   3.233654     3.5033   3.234771      86.43     0.0173     2.5046     2.1987 5.6884e+03     -2.893  1.9398128  1.0622714   58.63950  -50.41582    34.8433    34.8570     3.4472     3.4469    27.7176    27.7285    6.68399    6.68365         17 0.0000e+00
      30011   1250.418    796.000     3.5041   3.233748     3.5038   3.234877      84.74     0.0159     2.5041     2.1985 5.6884e+03     -2.893  1.9396821  1.0622711   58.63950  -50.41582    34.8433    34.8571     3.4477     3.4474    27.7176    27.7286    6.68313    6.68899         15 0.0000e+00
      30027   1251.093    797.000     3.5052   3.233906     3.5050   3.235034      96.58     0.0150     2.5041     2.1982 5.6884e+03     -2.893  1.9397408  1.0622711   58.63950  -50.41584    34.8436    34.8573     3.4487     3.4485    27.7176    27.7286    6.68471    6.72713         17 0.0000e+00
      30046   1251.889    798.000     3.5059   3.234022     3.5058   3.235162      96.78     0.0123     2.5036     2.2026 5.6884e+03     -2.893  1.9401051  1.0622711   58.63950  -50.41584    34.8436    34.8574     3.4494     3.4492    27.7176    27.7286    6.67951    6.73381         23 0.0000e+00
      30092   1253.780    799.000     3.5062   3.234095     3.5062   3.235227      90.78     0.0150     2.5029     2.1961 5.6884e+03     -2.893  1.9402566  1.0622711   58.63949  -50.41584    34.8436    34.8572     3.4496     3.4496    27.7176    27.7284    6.68513    6.64494         62 0.0000e+00
      30134   1255.549    800.000     3.5065   3.234169     3.5063   3.235290      91.70     0.0144     2.5030     2.1981 5.6884e+03     -2.893  1.9405907  1.0625882   58.63948  -50.41582    34.8438    34.8573     3.4497     3.4496    27.7177    27.7285    6.68009    6.74029         24 0.0000e+00
      30154   1256.369    801.000     3.5062   3.234189     3.5059   3.235291      74.53     0.0130     2.5022     2.1985 5.6884e+03     -2.893  1.9420271  1.0634389   58.63948  -50.41584    34.8437    34.8573     3.4494     3.4491    27.7177    27.7285    6.67563    6.68016         18 0.0000e+00
      30170   1257.036    802.000     3.5055   3.234168     3.5055   3.235313      96.64     0.0128     2.5018     2.1982 5.6884e+03     -2.893  1.9418813  1.0634108   58.63948  -50.41582    34.8437    34.8574     3.4486     3.4486    27.7178    27.7287    6.67504    6.66633         15 0.0000e+00
      30184   1257.619    803.000     3.5056   3.234210     3.5054   3.235344      92.39     0.0122     2.5013     2.1964 5.6884e+03     -2.893  1.9418617  1.0630262   58.63948  -50.41582    34.8437    34.8574     3.4486     3.4484    27.7177    27.7287    6.67381    6.67901         13 0.0000e+00
      30197   1258.180    804.000     3.5067   3.234379     3.5066   3.235516      75.25     0.0124     2.5011     2.1962 5.6884e+03     -2.893  1.9419144  1.0622811   58.63948  -50.41582    34.8439    34.8576     3.4497     3.4496    27.7178    27.7288    6.67558    6.76474         14 0.0000e+00
      30212   1258.802    805.000     3.5071   3.234455     3.5070   3.235584      96.20     0.0121     2.5007     2.2015 5.6884e+03     -2.893  1.9418957  1.0622711   58.63947  -50.41581    34.8438    34.8575     3.4500     3.4499    27.7177    27.7286    6.67280    6.76084         17 0.0000e+00
      30262   1260.863    806.000     3.5068   3.234448     3.5065   3.235564      83.07     0.0131     2.5000     2.2011 5.6884e+03     -2.893  1.9417915  1.0622711   58.63946  -50.41579    34.8436    34.8573     3.4496     3.4493    27.7176    27.7285    6.67832    6.63660         24 0.0000e+00
      30318   1263.198    807.000     3.5054   3.234364     3.5063   3.235592      72.70     0.0090     2.5004     2.1976 5.6884e+03     -2.893  1.9417989  1.0622711   58.63944  -50.41578    34.8436    34.8573     3.4481     3.4490    27.7177    27.7286    6.68380    6.68162         12 0.0000e+00
