Data/Raw HPLC Argo/lovbio014b/CTD/D008A101.CNV
* Sea-Bird SBE 9 Data File:
* FileName = C:\CTD_ACQUISITION\2013008HUD\ctddata\008A101.hdr
* Software Version Seasave V 7.22.2
* Temperature SN = 5081
* Conductivity SN = 3561
* Number of Bytes Per Scan = 37
* Number of Voltage Words = 4
* Number of Scans Averaged by the Deck Unit = 1
* NMEA Latitude = 58 38.38 N
* NMEA Longitude = 050 24.93 W
* NMEA UTC (Time) = May 15 2013 03:27:28
* NMEA baud rate = 9600
** Ship: Hudson
** Cruise: HUD2013008
** Chief_Scientist: Yashayaev
** Organization: BIO
** Area_of_Operation: Labrador Sea
** Station: 101
** Sounding:  3458
** Event_Comments: L3_19
# nquan = 27
# nvalues = 3573                        
# units = specified
# name 0 = scan: Scan Count
# name 1 = timeS: Time, Elapsed [seconds]
# name 2 = prDM: Pressure, Digiquartz [db]
# name 3 = t068C: Temperature [ITS-68, deg C]
# name 4 = c0S/m: Conductivity [S/m]
# name 5 = t168C: Temperature, 2 [ITS-68, deg C]
# name 6 = c1S/m: Conductivity, 2 [S/m]
# name 7 = altM: Altimeter [m]
# name 8 = flCUVA: Fluorescence, Chelsea UV Aquatracka [ug/l]
# name 9 = sbeox0V: Oxygen raw, SBE 43 [V]
# name 10 = sbeox1V: Oxygen raw, SBE 43, 2 [V]
# name 11 = par: PAR/Irradiance, Biospherical/Licor
# name 12 = ph: pH
# name 13 = upoly0: Upoly 0, Optode 4330F - O2 D-Phase
# name 14 = upoly1: Upoly 1, Optode 4330F - O2 Temp
# name 15 = latitude: Latitude [deg]
# name 16 = longitude: Longitude [deg]
# name 17 = sal00: Salinity, Practical [PSU]
# name 18 = sal11: Salinity, Practical, 2 [PSU]
# name 19 = potemp068C: Potential Temperature [ITS-68, deg C]
# name 20 = potemp168C: Potential Temperature, 2 [ITS-68, deg C]
# name 21 = sigma-é00: Density [sigma-theta, Kg/m^3]
# name 22 = sigma-é11: Density, 2 [sigma-theta, Kg/m^3]
# name 23 = sbeox0ML/L: Oxygen, SBE 43 [ml/l], WS = 2
# name 24 = sbeox1ML/L: Oxygen, SBE 43, 2 [ml/l], WS = 2
# name 25 = nbin: number of scans per bin
# name 26 = flag: flag
# span 0 =       6890,      97317       
# span 1 =    287.051,   4054.837       
# span 2 =      3.000,   3575.000       
# span 3 =     1.6738,     4.2237       
# span 4 =   3.187797,   3.293314       
# span 5 =     1.6732,     4.2233       
# span 6 =   3.188888,   3.294445       
# span 7 =       1.95,     105.31       
# span 8 =     0.0030,     0.2472       
# span 9 =     1.8174,     2.8975       
# span 10 =     1.6059,     2.5470      
# span 11 = 5.6884e+03, 5.6884e+03      
# span 12 =     -2.959,     -2.868      
# span 13 =  1.8130199,  2.1392050      
# span 14 =  0.8329580,  1.1512441      
# span 15 =   58.63878,   58.63998      
# span 16 =  -50.41738,  -50.41546      
# span 17 =    34.7975,    34.9209      
# span 18 =    34.8111,    34.9348      
# span 19 =     1.3942,     4.2149      
# span 20 =     1.3936,     4.2145      
# span 21 =    27.6273,    27.9380      
# span 22 =    27.6358,    27.9493      
# span 23 =    6.08955,    7.14756      
# span 24 =    6.04671,    7.24300      
# span 25 =          6,         91      
# span 26 = 0.0000e+00, 0.0000e+00      
# interval = decibars: 1                
# start_time = May 15 2013 03:27:28 [NMEA time, header]
# bad_flag = -9.990e-29
*END*
[from data line 2256]
      65765   2740.161   2259.000     3.2422   3.277488     3.2419   3.278605      96.45     0.0136     2.0186     1.7823 5.6884e+03     -2.903  2.0903552  1.0300003   58.63912  -50.41684    34.9157    34.9293     3.0616     3.0612    27.8122    27.8231    6.16202    6.12156         21 0.0000e+00
      65786   2741.050   2260.000     3.2411   3.277428     3.2407   3.278537      75.49     0.0148     2.0186     1.7821 5.6884e+03     -2.903  2.0903542  1.0299158   58.63912  -50.41684    34.9157    34.9293     3.0603     3.0599    27.8123    27.8232    6.16015    6.12808         22 0.0000e+00
      65813   2742.174   2261.000     3.2400   3.277371     3.2397   3.278483      95.71     0.0119     2.0181     1.7820 5.6884e+03     -2.903  2.0894930  1.0298607   58.63912  -50.41682    34.9156    34.9292     3.0592     3.0588    27.8124    27.8232    6.15936    6.13048         33 0.0000e+00
      65851   2743.760   2262.000     3.2390   3.277318     3.2387   3.278437      96.61     0.0120     2.0181     1.7821 5.6884e+03     -2.903  2.0905166  1.0295494   58.63912  -50.41683    34.9156    34.9293     3.0581     3.0577    27.8124    27.8234    6.16967    6.13393         37 0.0000e+00
      65879   2744.907   2263.000     3.2387   3.277332     3.2383   3.278450      97.04     0.0175     2.0181     1.7821 5.6884e+03     -2.903  2.0916047  1.0295358   58.63912  -50.41684    34.9156    34.9294     3.0577     3.0573    27.8125    27.8235    6.16342    6.12471         21 0.0000e+00
      65897   2745.681   2264.000     3.2383   3.277341     3.2379   3.278458      97.03     0.0145     2.0179     1.7818 5.6884e+03     -2.903  2.0909166  1.0295192   58.63912  -50.41684    34.9156    34.9293     3.0573     3.0568    27.8125    27.8235    6.16092    6.12928         17 0.0000e+00
      65914   2746.378   2265.000     3.2379   3.277341     3.2375   3.278466      95.86     0.0144     2.0176     1.7819 5.6884e+03     -2.903  2.0903518  1.0296637   58.63912  -50.41684    34.9156    34.9294     3.0568     3.0563    27.8126    27.8236    6.15975    6.12703         17 0.0000e+00
      65931   2747.104   2266.000     3.2371   3.277310     3.2368   3.278440      73.80     0.0139     2.0174     1.7815 5.6884e+03     -2.903  2.0903542  1.0296888   58.63912  -50.41684    34.9156    34.9294     3.0559     3.0556    27.8127    27.8237    6.16538    6.11811         19 0.0000e+00
      65964   2748.440   2267.000     3.2366   3.277301     3.2362   3.278411      92.16     0.0129     2.0173     1.7811 5.6884e+03     -2.903  2.0913942  1.0291803   58.63912  -50.41683    34.9156    34.9292     3.0553     3.0548    27.8127    27.8236    6.16633    6.12373         46 0.0000e+00
      66027   2751.095   2268.000     3.2358   3.277279     3.2359   3.278431      96.96     0.0078     2.0169     1.7803 5.6884e+03     -2.903  2.0915751  1.0283990   58.63911  -50.41684    34.9157    34.9293     3.0544     3.0544    27.8128    27.8237    6.16539    6.12377         25 0.0000e+00
      66042   2751.715   2269.000     3.2353   3.277274     3.2349   3.278388      96.43     0.0094     2.0167     1.7801 5.6884e+03     -2.903  2.0909235  1.0289487   58.63910  -50.41684    34.9157    34.9294     3.0538     3.0533    27.8130    27.8239    6.16247    6.12249         17 0.0000e+00
      66058   2752.360   2270.000     3.2350   3.277287     3.2345   3.278395      96.83     0.0140     2.0168     1.7803 5.6884e+03     -2.903  2.0903673  1.0296141   58.63910  -50.41684    34.9157    34.9294     3.0534     3.0529    27.8130    27.8239    6.16170    6.12587         15 0.0000e+00
      66073   2752.993   2271.000     3.2347   3.277301     3.2343   3.278417      85.90     0.0135     2.0163     1.7798 5.6884e+03     -2.903  2.0903542  1.0296296   58.63910  -50.41684    34.9157    34.9294     3.0531     3.0526    27.8130    27.8240    6.15998    6.12329         15 0.0000e+00
      66089   2753.681   2272.000     3.2344   3.277314     3.2340   3.278425      79.03     0.0112     2.0163     1.7799 5.6884e+03     -2.903  2.0910263  1.0289711   58.63910  -50.41683    34.9157    34.9293     3.0527     3.0522    27.8130    27.8239    6.15931    6.12726         18 0.0000e+00
      66109   2754.502   2273.000     3.2344   3.277346     3.2340   3.278464      96.24     0.0105     2.0159     1.7798 5.6884e+03     -2.903  2.0915627  1.0283744   58.63910  -50.41682    34.9156    34.9294     3.0525     3.0521    27.8130    27.8240    6.16276    6.12347         22 0.0000e+00
      66135   2755.602   2274.000     3.2344   3.277389     3.2340   3.278496      95.31     0.0126     2.0156     1.7793 5.6884e+03     -2.903  2.0915751  1.0282046   58.63910  -50.41683    34.9157    34.9293     3.0524     3.0560    27.8131    27.8239    6.15782    6.12817         31 0.0000e+00
      66168   2756.968   2275.000     3.2340   3.277392     3.2336   3.278506      95.11     0.0126     2.0151     1.7798 5.6884e+03     -2.903  2.0915751  1.0280803   58.63910  -50.41684    34.9157    34.9293     3.0519     3.0514    27.8131    27.8240    6.16128    6.12919         32 0.0000e+00
      66196   2758.120   2276.000     3.2334   3.277382     3.2331   3.278504      95.82     0.0140     2.0149     1.7794 5.6884e+03     -2.903  2.0912659  1.0280831   58.63908  -50.41684    34.9157    34.9294     3.0513     3.0509    27.8131    27.8241    6.15617    6.13124         24 0.0000e+00
      66219   2759.086   2277.000     3.2324   3.277337     3.2320   3.278448      87.15     0.0145     2.0145     1.7795 5.6884e+03     -2.903  2.0913098  1.0280831   58.63908  -50.41684    34.9158    34.9294     3.0502     3.0497    27.8133    27.8243    6.15132    6.12854         23 0.0000e+00
      66242   2760.033   2278.000     3.2317   3.277317     3.2313   3.278427      84.35     0.0154     2.0136     1.7793 5.6884e+03     -2.903  2.0915203  1.0280831   58.63908  -50.41684    34.9158    34.9294     3.0494     3.0489    27.8134    27.8243    6.14900    6.12551         23 0.0000e+00
      66267   2761.097   2279.000     3.2311   3.277306     3.2307   3.278415      96.68     0.0157     2.0133     1.7789 5.6884e+03     -2.903  2.0915747  1.0281696   58.63908  -50.41684    34.9158    34.9294     3.0487     3.0483    27.8134    27.8244    6.15729    6.13195         28 0.0000e+00
      66298   2762.373   2280.000     3.2301   3.277247     3.2298   3.278381      97.09     0.0174     2.0133     1.7794 5.6884e+03     -2.903  2.0915751  1.0280818   58.63908  -50.41684    34.9158    34.9294     3.0476     3.0514    27.8135    27.8245    6.16564    6.13656         32 0.0000e+00
      66326   2763.535   2281.000     3.2294   3.277229     3.2291   3.278360      96.22     0.0192     2.0134     1.7793 5.6884e+03     -2.903  2.0915751  1.0280831   58.63908  -50.41684    34.9157    34.9295     3.0469     3.0464    27.8136    27.8246    6.16926    6.13140         24 0.0000e+00
      66347   2764.421   2282.000     3.2294   3.277268     3.2290   3.278392      96.32     0.0192     2.0135     1.7791 5.6884e+03     -2.903  2.0915105  1.0280831   58.63908  -50.41684    34.9158    34.9296     3.0467     3.0463    27.8137    27.8247    6.16644    6.13582         19 0.0000e+00
      66366   2765.201   2283.000     3.2294   3.277305     3.2289   3.278419      91.68     0.0129     2.0137     1.7793 5.6884e+03     -2.903  2.0915747  1.0280831   58.63906  -50.41684    34.9157    34.9294     3.0466     3.0462    27.8136    27.8246    6.16129    6.13306         19 0.0000e+00
      66385   2765.984   2284.000     3.2288   3.277281     3.2284   3.278400      75.36     0.0111     2.0130     1.7789 5.6884e+03     -2.903  2.0915751  1.0280831   58.63906  -50.41684    34.9157    34.9294     3.0459     3.0455    27.8136    27.8246    6.15708    6.12777         19 0.0000e+00
      66407   2766.901   2285.000     3.2278   3.277237     3.2274   3.278349      96.23     0.0113     2.0130     1.7787 5.6884e+03     -2.903  2.0915751  1.0280831   58.63906  -50.41684    34.9156    34.9293     3.0449     3.0444    27.8137    27.8246    6.16074    6.12688         26 0.0000e+00
      66454   2768.870   2286.000     3.2271   3.277212     3.2267   3.278319      96.80     0.0109     2.0127     1.7779 5.6884e+03     -2.903  2.0915751  1.0278405   58.63906  -50.41684    34.9157    34.9292     3.0441     3.0436    27.8138    27.8247    6.16546    6.12490         66 0.0000e+00
      66499   2770.764   2287.000     3.2266   3.277215     3.2262   3.278332      97.06     0.0102     2.0127     1.7778 5.6884e+03     -2.903  2.0915751  1.0280931   58.63906  -50.41684    34.9158    34.9294     3.0435     3.0431    27.8139    27.8249    6.16715    6.13605         22 0.0000e+00
      66517   2771.498   2288.000     3.2265   3.277245     3.2259   3.278355      90.78     0.0122     2.0125     1.7780 5.6884e+03     -2.903  2.0915751  1.0280831   58.63906  -50.41684    34.9157    34.9295     3.0433     3.0427    27.8139    27.8250    6.16826    6.12808         16 0.0000e+00
      66533   2772.147   2289.000     3.2262   3.277255     3.2258   3.278371      67.40     0.0109     2.0128     1.7776 5.6884e+03     -2.903  2.0915751  1.0280831   58.63904  -50.41684    34.9157    34.9294     3.0429     3.0424    27.8139    27.8249    6.17176    6.11885         15 0.0000e+00
      66547   2772.768   2290.000     3.2255   3.277226     3.2251   3.278352      97.01     0.0108     2.0128     1.7771 5.6884e+03     -2.903  2.0915751  1.0280831   58.63904  -50.41684    34.9156    34.9294     3.0421     3.0417    27.8139    27.8250    6.16918    6.13027         15 0.0000e+00
      66563   2773.403   2291.000     3.2247   3.277190     3.2242   3.278312      96.59     0.0076     2.0126     1.7770 5.6884e+03     -2.903  2.0915751  1.0280060   58.63904  -50.41684    34.9156    34.9294     3.0413     3.0407    27.8140    27.8251    6.16714    6.13992         16 0.0000e+00
      66580   2774.118   2292.000     3.2235   3.277135     3.2231   3.278259      96.65     0.0063     2.0125     1.7777 5.6884e+03     -2.903  2.0909388  1.0268731   58.63904  -50.41684    34.9157    34.9294     3.0400     3.0396    27.8142    27.8252    6.17073    6.13567         19 0.0000e+00
      66602   2775.057   2293.000     3.2216   3.277000     3.2212   3.278123      96.66     0.0106     2.0125     1.7774 5.6884e+03     -2.904  2.0910461  1.0268620   58.63904  -50.41684    34.9156    34.9294     3.0380     3.0376    27.8143    27.8254    6.16368    6.13745         28 0.0000e+00
      66647   2776.905   2294.000     3.2210   3.276981     3.2206   3.278095      93.25     0.0165     2.0118     1.7769 5.6884e+03     -2.904  2.0915718  1.0268620   58.63903  -50.41684    34.9156    34.9292     3.0373     3.0369    27.8144    27.8253    6.16344    6.12212         59 0.0000e+00
      66695   2778.900   2295.000     3.2202   3.276959     3.2197   3.278065      85.73     0.0172     2.0115     1.7760 5.6884e+03     -2.904  2.0916550  1.0268620   58.63902  -50.41686    34.9156    34.9293     3.0365     3.0359    27.8145    27.8254    6.17139    6.12496         32 0.0000e+00
      66719   2779.926   2296.000     3.2193   3.276913     3.2188   3.278039      96.04     0.0144     2.0116     1.7756 5.6884e+03     -2.904  2.0916331  1.0272139   58.63902  -50.41686    34.9156    34.9295     3.0354     3.0349    27.8146    27.8257    6.17220    6.12139         21 0.0000e+00
      66738   2780.694   2297.000     3.2187   3.276915     3.2182   3.278029      96.74     0.0108     2.0115     1.7755 5.6884e+03     -2.904  2.0915747  1.0273979   58.63902  -50.41686    34.9158    34.9295     3.0348     3.0343    27.8147    27.8258    6.17233    6.14924         16 0.0000e+00
      66753   2781.327   2298.000     3.2181   3.276888     3.2175   3.278011      97.10     0.0121     2.0116     1.7765 5.6884e+03     -2.904  2.0915751  1.0276735   58.63902  -50.41686    34.9157    34.9296     3.0341     3.0335    27.8147    27.8259    6.17477    6.14848         15 0.0000e+00
      66767   2781.913   2299.000     3.2176   3.276877     3.2171   3.278010      96.94     0.0148     2.0116     1.7761 5.6884e+03     -2.904  2.0917618  1.0268673   58.63902  -50.41686    34.9156    34.9295     3.0335     3.0330    27.8147    27.8259    6.17555    6.13641         13 0.0000e+00
      66781   2782.497   2300.000     3.2166   3.276834     3.2162   3.277957      96.86     0.0147     2.0117     1.7766 5.6884e+03     -2.904  2.0918190  1.0268620   58.63902  -50.41686    34.9157    34.9294     3.0324     3.0320    27.8149    27.8259    6.17049    6.13630         15 0.0000e+00
      66796   2783.134   2301.000     3.2154   3.276767     3.2148   3.277868      97.10     0.0125     2.0113     1.7760 5.6884e+03     -2.904  2.0921037  1.0268620   58.63900  -50.41686    34.9157    34.9294     3.0311     3.0305    27.8150    27.8260    6.16205    6.14234         16 0.0000e+00
      66822   2784.228   2302.000     3.2150   3.276767     3.2145   3.277873      82.63     0.0161     2.0109     1.7763 5.6884e+03     -2.904  2.0932798  1.0259302   58.63900  -50.41686    34.9155    34.9293     3.0307     3.0301    27.8149    27.8260    6.16394    6.13751         35 0.0000e+00
      66915   2788.082   2303.000     3.2172   3.277004     3.2163   3.278076      97.47     0.0136     2.0105     1.7745 5.6884e+03     -2.904  2.0918088  1.0267494   58.63898  -50.41688    34.9156    34.9294     3.0327     3.0317    27.8148    27.8259    6.17444    6.13247         17 0.0000e+00
      66928   2788.610   2304.000     3.2136   3.276729     3.2130   3.277837      96.48     0.0101     2.0106     1.7756 5.6884e+03     -2.904  2.0924525  1.0268633   58.63898  -50.41688    34.9157    34.9295     3.0291     3.0284    27.8152    27.8263    6.17324    6.15359         14 0.0000e+00
      66941   2789.154   2305.000     3.2127   3.276693     3.2122   3.277815      96.76     0.0116     2.0105     1.7762 5.6884e+03     -2.904  2.0919747  1.0268620   58.63898  -50.41688    34.9158    34.9296     3.0281     3.0275    27.8154    27.8265    6.17325    6.14465         12 0.0000e+00
      66953   2789.676   2306.000     3.2123   3.276692     3.2119   3.277820      96.90     0.0122     2.0105     1.7750 5.6884e+03     -2.904  2.0920458  1.0266709   58.63898  -50.41688    34.9156    34.9295     3.0277     3.0272    27.8153    27.8264    6.17316    6.12962         13 0.0000e+00
      66966   2790.195   2307.000     3.2119   3.276696     3.2115   3.277820      96.74     0.0142     2.0103     1.7753 5.6884e+03     -2.904  2.0915871  1.0268573   58.63898  -50.41688    34.9156    34.9294     3.0272     3.0267    27.8153    27.8264    6.17109    6.13719         13 0.0000e+00
      66979   2790.740   2308.000     3.2112   3.276664     3.2108   3.277786      96.76     0.0137     2.0103     1.7755 5.6884e+03     -2.904  2.0915751  1.0267699   58.63897  -50.41688    34.9156    34.9294     3.0263     3.0258    27.8154    27.8264    6.16505    6.14305         13 0.0000e+00
      66994   2791.368   2309.000     3.2107   3.276663     3.2102   3.277774      96.89     0.0120     2.0098     1.7753 5.6884e+03     -2.904  2.0915751  1.0267190   58.63896  -50.41688    34.9156    34.9294     3.0258     3.0252    27.8154    27.8265    6.16105    6.13637         17 0.0000e+00
      67033   2793.003   2310.000     3.2110   3.276722     3.2105   3.277832      55.50     0.0108     2.0094     1.7750 5.6884e+03     -2.904  2.0921485  1.0253205   58.63896  -50.41689    34.9155    34.9293     3.0259     3.0254    27.8154    27.8264    6.17034    6.13408         34 0.0000e+00
