Data/Raw HPLC Argo/lovbio026c/CTD/a0265.cnv
* Sea-Bird SBE 9 Data File:
* FileName = C:\Seasoft\a201306\a0265.hex
* Software Version Seasave V 7.21a
* Temperature SN = 1428
* Conductivity SN = 1162
* Number of Bytes Per Scan = 35
* Number of Voltage Words = 4
* Number of Scans Averaged by the Deck Unit = 4
* NMEA Latitude = 62 44.96 N
* NMEA Longitude = 032 03.41 W
* NMEA UTC (Time) = Jun 17 2013 07:26:09
* NMEA baud rate = 4800
** Stn: 265
** Lat: 62 44.95 N
** Lon: 32 03.41 V
** Depth: 2520
** Name:
** Title: Karfi 14
# nquan = 8
# nvalues = 1011                        
# units = specified
# name 0 = prDM: Pressure, Digiquartz [db]
# name 1 = t090C: Temperature [ITS-90, deg C]
# name 2 = sal00: Salinity, Practical [PSU]
# name 3 = potemp090C: Potential Temperature [ITS-90, deg C]
# name 4 = sigma-é00: Density [sigma-theta, Kg/m^3]
# name 5 = flSP: Fluorescence, Seapoint
# name 6 = scan: Scan Count
# name 7 = flag: flag
# span 0 =      4.000,   1014.000       
# span 1 =     4.0824,     7.7390       
# span 2 =    34.9143,    35.0134       
# span 3 =     4.0044,     7.7376       
# span 4 =    27.2872,    27.7180       
# span 5 = 9.1740e-03, 6.5215e+00       
# span 6 =         97,       6222       
# span 7 = 0.0000e+00, 0.0000e+00       
# interval = decibars: 1                
# start_time = Jun 17 2013 07:26:21 [System UTC, first data scan.]
# bad_flag = -9.990e-29
*END*
[from data line 360]
    364.000     5.2219    34.9718     5.1923    27.6303 1.2210e-02       2247 0.0000e+00
    365.000     5.2219    34.9718     5.1923    27.6303 1.2210e-02       2252 0.0000e+00
    366.000     5.2217    34.9718     5.1920    27.6303 1.2210e-02       2258 0.0000e+00
    367.000     5.2218    34.9721     5.1920    27.6306 1.2210e-02       2265 0.0000e+00
    368.000     5.2186    34.9726     5.1887    27.6314 1.2210e-02       2272 0.0000e+00
    369.000     5.2166    34.9723     5.1867    27.6314 1.2210e-02       2278 0.0000e+00
    370.000     5.2147    34.9724     5.1847    27.6317 1.2210e-02       2283 0.0000e+00
    371.000     5.2113    34.9724     5.1812    27.6321 1.2210e-02       2289 0.0000e+00
    372.000     5.2079    34.9722     5.1777    27.6324 1.2210e-02       2295 0.0000e+00
    373.000     5.2048    34.9718     5.1745    27.6324 1.2210e-02       2301 0.0000e+00
    374.000     5.2029    34.9719     5.1725    27.6327 1.2210e-02       2307 0.0000e+00
    375.000     5.2010    34.9715     5.1706    27.6326 1.2210e-02       2313 0.0000e+00
    376.000     5.1979    34.9715     5.1674    27.6330 1.2210e-02       2318 0.0000e+00
    377.000     5.1967    34.9712     5.1661    27.6329 1.2210e-02       2324 0.0000e+00
    378.000     5.1958    34.9713     5.1651    27.6331 1.2210e-02       2330 0.0000e+00
    379.000     5.1926    34.9709     5.1619    27.6331 1.2210e-02       2337 0.0000e+00
    380.000     5.1883    34.9711     5.1575    27.6339 1.2210e-02       2344 0.0000e+00
    381.000     5.1874    34.9711     5.1565    27.6340 1.2210e-02       2350 0.0000e+00
    382.000     5.1872    34.9712     5.1563    27.6341 1.2210e-02       2355 0.0000e+00
    383.000     5.1881    34.9714     5.1571    27.6342 1.2210e-02       2360 0.0000e+00
    384.000     5.1889    34.9717     5.1578    27.6343 1.2210e-02       2365 0.0000e+00
    385.000     5.1880    34.9713     5.1568    27.6341 1.3913e-02       2371 0.0000e+00
    386.000     5.1872    34.9711     5.1559    27.6341 1.2196e-02       2378 0.0000e+00
    387.000     5.1867    34.9712     5.1553    27.6342 1.2210e-02       2384 0.0000e+00
    388.000     5.1857    34.9711     5.1543    27.6342 1.2210e-02       2390 0.0000e+00
    389.000     5.1861    34.9713     5.1546    27.6343 1.2210e-02       2396 0.0000e+00
    390.000     5.1873    34.9715     5.1557    27.6344 1.2210e-02       2402 0.0000e+00
    391.000     5.1882    34.9718     5.1565    27.6346 1.2210e-02       2408 0.0000e+00
    392.000     5.1886    34.9718     5.1568    27.6345 1.2210e-02       2414 0.0000e+00
    393.000     5.1883    34.9719     5.1564    27.6347 1.2210e-02       2420 0.0000e+00
    394.000     5.1879    34.9719     5.1560    27.6347 1.2210e-02       2426 0.0000e+00
    395.000     5.1848    34.9718     5.1528    27.6350 1.2210e-02       2432 0.0000e+00
    396.000     5.1846    34.9718     5.1525    27.6350 1.2210e-02       2438 0.0000e+00
    397.000     5.1842    34.9718     5.1520    27.6351 1.2210e-02       2443 0.0000e+00
    398.000     5.1827    34.9720     5.1504    27.6354 1.2210e-02       2449 0.0000e+00
    399.000     5.1808    34.9719     5.1485    27.6356 1.2210e-02       2455 0.0000e+00
    400.000     5.1779    34.9715     5.1455    27.6356 1.2210e-02       2460 0.0000e+00
    401.000     5.1774    34.9716     5.1449    27.6358 1.2210e-02       2466 0.0000e+00
    402.000     5.1766    34.9715     5.1441    27.6358 1.2210e-02       2473 0.0000e+00
    403.000     5.1761    34.9715     5.1434    27.6358 1.2210e-02       2480 0.0000e+00
    404.000     5.1757    34.9714     5.1430    27.6358 1.2210e-02       2487 0.0000e+00
    405.000     5.1753    34.9715     5.1425    27.6360 1.2210e-02       2493 0.0000e+00
    406.000     5.1739    34.9717     5.1410    27.6364 1.2210e-02       2497 0.0000e+00
    407.000     5.1732    34.9715     5.1402    27.6362 1.2210e-02       2502 0.0000e+00
    408.000     5.1703    34.9716     5.1372    27.6367 1.2210e-02       2507 0.0000e+00
    409.000     5.1688    34.9716     5.1357    27.6369 1.2210e-02       2512 0.0000e+00
    410.000     5.1681    34.9720     5.1349    27.6373 1.2210e-02       2521 0.0000e+00
    411.000     5.1670    34.9721     5.1337    27.6375 1.2210e-02       2529 0.0000e+00
    412.000     5.1668    34.9723     5.1334    27.6377 1.2210e-02       2535 0.0000e+00
    413.000     5.1665    34.9725     5.1330    27.6379 1.2210e-02       2540 0.0000e+00
    414.000     5.1665    34.9726     5.1330    27.6380 1.2210e-02       2544 0.0000e+00
    415.000     5.1665    34.9726     5.1328    27.6380 1.2210e-02       2549 0.0000e+00
    416.000     5.1666    34.9726     5.1329    27.6380 1.2210e-02       2554 0.0000e+00
    417.000     5.1668    34.9726     5.1330    27.6380 1.2210e-02       2561 0.0000e+00
    418.000     5.1669    34.9728     5.1330    27.6381 1.2210e-02       2568 0.0000e+00
    419.000     5.1645    34.9733     5.1305    27.6388 1.2210e-02       2574 0.0000e+00
    420.000     5.1599    34.9736     5.1259    27.6396 1.2210e-02       2580 0.0000e+00
    421.000     5.1587    34.9736     5.1245    27.6398 1.2210e-02       2586 0.0000e+00
    422.000     5.1570    34.9734     5.1228    27.6398 1.2210e-02       2592 0.0000e+00
    423.000     5.1547    34.9733     5.1204    27.6400 1.2210e-02       2599 0.0000e+00
    424.000     5.1549    34.9735     5.1205    27.6401 1.2210e-02       2606 0.0000e+00
    425.000     5.1551    34.9738     5.1206    27.6404 1.2210e-02       2612 0.0000e+00
    426.000     5.1542    34.9738     5.1196    27.6405 1.2210e-02       2617 0.0000e+00
    427.000     5.1540    34.9738     5.1194    27.6405 1.2210e-02       2622 0.0000e+00
    428.000     5.1525    34.9737     5.1178    27.6407 1.2210e-02       2627 0.0000e+00
    429.000     5.1504    34.9733     5.1156    27.6406 1.2210e-02       2632 0.0000e+00
    430.000     5.1488    34.9734     5.1139    27.6409 1.2210e-02       2637 0.0000e+00
    431.000     5.1473    34.9733     5.1123    27.6409 1.2210e-02       2643 0.0000e+00
    432.000     5.1438    34.9731     5.1088    27.6412 1.2210e-02       2650 0.0000e+00
    433.000     5.1403    34.9728     5.1052    27.6414 1.2210e-02       2657 0.0000e+00
    434.000     5.1395    34.9728     5.1044    27.6416 1.2210e-02       2664 0.0000e+00
    435.000     5.1379    34.9728     5.1027    27.6417 1.2210e-02       2671 0.0000e+00
    436.000     5.1389    34.9733     5.1036    27.6421 1.2210e-02       2677 0.0000e+00
    437.000     5.1396    34.9737     5.1041    27.6422 1.2210e-02       2682 0.0000e+00
    438.000     5.1391    34.9739     5.1036    27.6425 1.2210e-02       2688 0.0000e+00
    439.000     5.1377    34.9737     5.1022    27.6425 1.2210e-02       2693 0.0000e+00
    440.000     5.1360    34.9739     5.1003    27.6429 1.2210e-02       2699 0.0000e+00
    441.000     5.1360    34.9740     5.1003    27.6429 1.2210e-02       2705 0.0000e+00
    442.000     5.1337    34.9743     5.0978    27.6435 1.4199e-02       2710 0.0000e+00
    443.000     5.1326    34.9741     5.0967    27.6434 1.2257e-02       2716 0.0000e+00
    444.000     5.1275    34.9730     5.0915    27.6432 1.2210e-02       2723 0.0000e+00
    445.000     5.1229    34.9728     5.0868    27.6436 1.2210e-02       2729 0.0000e+00
    446.000     5.1225    34.9737     5.0864    27.6444 1.4247e-02       2736 0.0000e+00
    447.000     5.1216    34.9741     5.0854    27.6448 1.2284e-02       2741 0.0000e+00
    448.000     5.1215    34.9743     5.0852    27.6450 1.2210e-02       2747 0.0000e+00
    449.000     5.1208    34.9745     5.0844    27.6452 1.2210e-02       2752 0.0000e+00
    450.000     5.1172    34.9738     5.0808    27.6451 1.8328e-02       2758 0.0000e+00
    451.000     5.1174    34.9739     5.0808    27.6451 1.2394e-02       2763 0.0000e+00
    452.000     5.1162    34.9737     5.0796    27.6452 1.2210e-02       2770 0.0000e+00
    453.000     5.1126    34.9732     5.0759    27.6452 1.2210e-02       2777 0.0000e+00
    454.000     5.1096    34.9731     5.0728    27.6455 1.2210e-02       2783 0.0000e+00
    455.000     5.1075    34.9733     5.0707    27.6459 1.2210e-02       2790 0.0000e+00
    456.000     5.1074    34.9731     5.0704    27.6457 1.2210e-02       2796 0.0000e+00
    457.000     5.1069    34.9734     5.0699    27.6460 1.2210e-02       2801 0.0000e+00
    458.000     5.1087    34.9741     5.0715    27.6464 1.2210e-02       2806 0.0000e+00
    459.000     5.1067    34.9738     5.0695    27.6464 1.2210e-02       2811 0.0000e+00
    460.000     5.1043    34.9735     5.0671    27.6464 1.2210e-02       2817 0.0000e+00
    461.000     5.1014    34.9728     5.0641    27.6463 1.2210e-02       2824 0.0000e+00
    462.000     5.0902    34.9718     5.0528    27.6468 1.2210e-02       2831 0.0000e+00
    463.000     5.0871    34.9721     5.0496    27.6474 1.2210e-02       2837 0.0000e+00
    464.000     5.0860    34.9721     5.0485    27.6476 1.2210e-02       2841 0.0000e+00
    465.000     5.0847    34.9721     5.0471    27.6477 1.2210e-02       2846 0.0000e+00
    466.000     5.0828    34.9717     5.0451    27.6476 1.2210e-02       2851 0.0000e+00
    467.000     5.0816    34.9717     5.0439    27.6477 1.2210e-02       2858 0.0000e+00
    468.000     5.0788    34.9717     5.0410    27.6481 1.2210e-02       2865 0.0000e+00
    469.000     5.0742    34.9713     5.0363    27.6483 1.2210e-02       2871 0.0000e+00
    470.000     5.0705    34.9713     5.0325    27.6487 1.2210e-02       2878 0.0000e+00
    471.000     5.0668    34.9712     5.0287    27.6491 1.2210e-02       2884 0.0000e+00
    472.000     5.0632    34.9710     5.0250    27.6494 1.2210e-02       2890 0.0000e+00
    473.000     5.0617    34.9709     5.0236    27.6495 1.2210e-02       2896 0.0000e+00
    474.000     5.0550    34.9707     5.0168    27.6501 1.2210e-02       2901 0.0000e+00
    475.000     5.0471    34.9704     5.0088    27.6508 1.2210e-02       2906 0.0000e+00
    476.000     5.0440    34.9705     5.0057    27.6512 1.2210e-02       2911 0.0000e+00
    477.000     5.0418    34.9701     5.0034    27.6512 1.2210e-02       2916 0.0000e+00
    478.000     5.0399    34.9704     5.0014    27.6517 1.2210e-02       2923 0.0000e+00
    479.000     5.0391    34.9703     5.0005    27.6517 1.2210e-02       2930 0.0000e+00
    480.000     5.0381    34.9701     4.9994    27.6516 1.2210e-02       2937 0.0000e+00
    481.000     5.0354    34.9701     4.9967    27.6520 1.2210e-02       2943 0.0000e+00
    482.000     5.0337    34.9703     4.9949    27.6524 1.2210e-02       2948 0.0000e+00
    483.000     5.0334    34.9702     4.9945    27.6523 1.2210e-02       2953 0.0000e+00
    484.000     5.0314    34.9701     4.9924    27.6525 1.2210e-02       2958 0.0000e+00
    485.000     5.0280    34.9698     4.9889    27.6527 1.2210e-02       2963 0.0000e+00
    486.000     5.0239    34.9697     4.9848    27.6530 1.2210e-02       2970 0.0000e+00
    487.000     5.0170    34.9690     4.9778    27.6533 1.2210e-02       2978 0.0000e+00
    488.000     5.0134    34.9688     4.9741    27.6537 1.2210e-02       2984 0.0000e+00
    489.000     5.0113    34.9690     4.9720    27.6540 1.2210e-02       2990 0.0000e+00
    490.000     5.0100    34.9690     4.9706    27.6542 1.2210e-02       2996 0.0000e+00
    491.000     5.0069    34.9689     4.9675    27.6545 1.2210e-02       3002 0.0000e+00
    492.000     5.0052    34.9689     4.9656    27.6547 1.2210e-02       3008 0.0000e+00
    493.000     5.0015    34.9686     4.9618    27.6549 1.2210e-02       3013 0.0000e+00
    494.000     4.9971    34.9686     4.9574    27.6554 1.2210e-02       3018 0.0000e+00
    495.000     4.9933    34.9689     4.9535    27.6560 1.2210e-02       3023 0.0000e+00
    496.000     4.9875    34.9685     4.9476    27.6565 1.2210e-02       3029 0.0000e+00
    497.000     4.9817    34.9683     4.9418    27.6570 1.2210e-02       3036 0.0000e+00
    498.000     4.9782    34.9682     4.9382    27.6573 1.2210e-02       3043 0.0000e+00
    499.000     4.9785    34.9680     4.9384    27.6571 1.2210e-02       3050 0.0000e+00
    500.000     4.9764    34.9681     4.9363    27.6574 1.2210e-02       3055 0.0000e+00
    501.000     4.9737    34.9681     4.9334    27.6578 1.2210e-02       3061 0.0000e+00
    502.000     4.9713    34.9683     4.9310    27.6582 1.4525e-02       3066 0.0000e+00
    503.000     4.9691    34.9682     4.9288    27.6584 1.2289e-02       3071 0.0000e+00
    504.000     4.9675    34.9682     4.9271    27.6586 1.2210e-02       3078 0.0000e+00
    505.000     4.9658    34.9679     4.9253    27.6585 1.2210e-02       3084 0.0000e+00
    506.000     4.9626    34.9676     4.9220    27.6587 1.2210e-02       3091 0.0000e+00
    507.000     4.9595    34.9676     4.9188    27.6591 1.2210e-02       3097 0.0000e+00
    508.000     4.9570    34.9676     4.9163    27.6593 1.2210e-02       3102 0.0000e+00
    509.000     4.9540    34.9669     4.9133    27.6591 1.2210e-02       3108 0.0000e+00
    510.000     4.9472    34.9664     4.9063    27.6595 1.2210e-02       3114 0.0000e+00
    511.000     4.9404    34.9664     4.8994    27.6603 1.6223e-02       3119 0.0000e+00
    512.000     4.9370    34.9658     4.8961    27.6603 1.2140e-02       3125 0.0000e+00
    513.000     4.9317    34.9661     4.8906    27.6611 1.2210e-02       3131 0.0000e+00
    514.000     4.9282    34.9660     4.8871    27.6614 1.2210e-02       3137 0.0000e+00
    515.000     4.9237    34.9660     4.8825    27.6619 1.2210e-02       3143 0.0000e+00
    516.000     4.9231    34.9667     4.8819    27.6626 1.2210e-02       3150 0.0000e+00
    517.000     4.9285    34.9682     4.8872    27.6632 1.2210e-02       3157 0.0000e+00
    518.000     4.9326    34.9692     4.8912    27.6635 1.4121e-02       3163 0.0000e+00
    519.000     4.9328    34.9696     4.8913    27.6638 1.2332e-02       3169 0.0000e+00
    520.000     4.9297    34.9691     4.8881    27.6638 1.4544e-02       3174 0.0000e+00
    521.000     4.9273    34.9693     4.8856    27.6643 1.2150e-02       3179 0.0000e+00
    522.000     4.9323    34.9706     4.8905    27.6647 1.2210e-02       3183 0.0000e+00
    523.000     4.9276    34.9689     4.8858    27.6639 1.2210e-02       3189 0.0000e+00
    524.000     4.9161    34.9678     4.8742    27.6644 1.2210e-02       3196 0.0000e+00
    525.000     4.9109    34.9675     4.8689    27.6648 1.2210e-02       3203 0.0000e+00
    526.000     4.9083    34.9675     4.8663    27.6650 1.2210e-02       3210 0.0000e+00
    527.000     4.9050    34.9666     4.8628    27.6647 1.2210e-02       3216 0.0000e+00
    528.000     4.8988    34.9659     4.8566    27.6649 1.2210e-02       3222 0.0000e+00
    529.000     4.8939    34.9657     4.8516    27.6653 1.2210e-02       3229 0.0000e+00
    530.000     4.8921    34.9661     4.8498    27.6659 1.2210e-02       3235 0.0000e+00
    531.000     4.8918    34.9663     4.8494    27.6660 1.2210e-02       3239 0.0000e+00
    532.000     4.8912    34.9660     4.8487    27.6659 1.2210e-02       3244 0.0000e+00
    533.000     4.8902    34.9662     4.8476    27.6662 1.2210e-02       3248 0.0000e+00
    534.000     4.8890    34.9663     4.8464    27.6663 1.2210e-02       3255 0.0000e+00
    535.000     4.8892    34.9665     4.8465    27.6665 1.2210e-02       3263 0.0000e+00
    536.000     4.8894    34.9665     4.8466    27.6665 1.2210e-02       3271 0.0000e+00
    537.000     4.8900    34.9669     4.8471    27.6668 1.2210e-02       3278 0.0000e+00
    538.000     4.8906    34.9670     4.8476    27.6668 1.2210e-02       3283 0.0000e+00
    539.000     4.8903    34.9672     4.8472    27.6670 1.2210e-02       3288 0.0000e+00
    540.000     4.8894    34.9672     4.8463    27.6671 1.2210e-02       3292 0.0000e+00
    541.000     4.8915    34.9679     4.8483    27.6674 1.2210e-02       3297 0.0000e+00
    542.000     4.8922    34.9678     4.8488    27.6673 1.2210e-02       3302 0.0000e+00
