Data/Raw HPLC Argo/lovbio026c/CTD/a0265.cnv
* Sea-Bird SBE 9 Data File:
* FileName = C:\Seasoft\a201306\a0265.hex
* Software Version Seasave V 7.21a
* Temperature SN = 1428
* Conductivity SN = 1162
* Number of Bytes Per Scan = 35
* Number of Voltage Words = 4
* Number of Scans Averaged by the Deck Unit = 4
* NMEA Latitude = 62 44.96 N
* NMEA Longitude = 032 03.41 W
* NMEA UTC (Time) = Jun 17 2013 07:26:09
* NMEA baud rate = 4800
** Stn: 265
** Lat: 62 44.95 N
** Lon: 32 03.41 V
** Depth: 2520
** Name:
** Title: Karfi 14
# nquan = 8
# nvalues = 1011                        
# units = specified
# name 0 = prDM: Pressure, Digiquartz [db]
# name 1 = t090C: Temperature [ITS-90, deg C]
# name 2 = sal00: Salinity, Practical [PSU]
# name 3 = potemp090C: Potential Temperature [ITS-90, deg C]
# name 4 = sigma-é00: Density [sigma-theta, Kg/m^3]
# name 5 = flSP: Fluorescence, Seapoint
# name 6 = scan: Scan Count
# name 7 = flag: flag
# span 0 =      4.000,   1014.000       
# span 1 =     4.0824,     7.7390       
# span 2 =    34.9143,    35.0134       
# span 3 =     4.0044,     7.7376       
# span 4 =    27.2872,    27.7180       
# span 5 = 9.1740e-03, 6.5215e+00       
# span 6 =         97,       6222       
# span 7 = 0.0000e+00, 0.0000e+00       
# interval = decibars: 1                
# start_time = Jun 17 2013 07:26:21 [System UTC, first data scan.]
# bad_flag = -9.990e-29
*END*
[from data line 540]
    544.000     4.8935    34.9683     4.8500    27.6676 1.2210e-02       3316 0.0000e+00
    545.000     4.8929    34.9683     4.8493    27.6676 1.2210e-02       3324 0.0000e+00
    546.000     4.8884    34.9677     4.8448    27.6677 1.2210e-02       3330 0.0000e+00
    547.000     4.8833    34.9677     4.8396    27.6683 1.2210e-02       3336 0.0000e+00
    548.000     4.8767    34.9661     4.8330    27.6678 1.2210e-02       3341 0.0000e+00
    549.000     4.8736    34.9664     4.8297    27.6684 1.2210e-02       3346 0.0000e+00
    550.000     4.8680    34.9653     4.8241    27.6681 1.2210e-02       3351 0.0000e+00
    551.000     4.8729    34.9677     4.8289    27.6695 1.2210e-02       3357 0.0000e+00
    552.000     4.8733    34.9682     4.8293    27.6699 1.2210e-02       3363 0.0000e+00
    553.000     4.8898    34.9726     4.8455    27.6715 1.2210e-02       3369 0.0000e+00
    554.000     4.8876    34.9708     4.8433    27.6703 1.2210e-02       3375 0.0000e+00
    555.000     4.8971    34.9733     4.8527    27.6712 1.2210e-02       3382 0.0000e+00
    556.000     4.8994    34.9734     4.8549    27.6710 1.2210e-02       3388 0.0000e+00
    557.000     4.9051    34.9744     4.8605    27.6712 1.2210e-02       3393 0.0000e+00
    558.000     4.9058    34.9749     4.8611    27.6716 1.2210e-02       3399 0.0000e+00
    559.000     4.9066    34.9748     4.8618    27.6713 1.2210e-02       3405 0.0000e+00
    560.000     4.9073    34.9750     4.8624    27.6714 1.2210e-02       3412 0.0000e+00
    561.000     4.9072    34.9750     4.8622    27.6715 1.2210e-02       3418 0.0000e+00
    562.000     4.9014    34.9742     4.8563    27.6715 1.2210e-02       3424 0.0000e+00
    563.000     4.8964    34.9736     4.8513    27.6716 1.2210e-02       3428 0.0000e+00
    564.000     4.8895    34.9732     4.8443    27.6721 1.2210e-02       3433 0.0000e+00
    565.000     4.8827    34.9718     4.8375    27.6718 1.2210e-02       3439 0.0000e+00
    566.000     4.8763    34.9723     4.8311    27.6729 1.2210e-02       3446 0.0000e+00
    567.000     4.8784    34.9727     4.8330    27.6730 1.2210e-02       3454 0.0000e+00
    568.000     4.8802    34.9734     4.8347    27.6734 1.2210e-02       3460 0.0000e+00
    569.000     4.8829    34.9742     4.8373    27.6737 1.2210e-02       3466 0.0000e+00
    570.000     4.8821    34.9746     4.8364    27.6741 1.2210e-02       3471 0.0000e+00
    571.000     4.8789    34.9744     4.8332    27.6743 1.2210e-02       3476 0.0000e+00
    572.000     4.8768    34.9745     4.8311    27.6746 1.2210e-02       3481 0.0000e+00
    573.000     4.8771    34.9748     4.8312    27.6749 1.2210e-02       3487 0.0000e+00
    574.000     4.8765    34.9751     4.8306    27.6752 1.2210e-02       3494 0.0000e+00
    575.000     4.8758    34.9753     4.8298    27.6754 1.2210e-02       3501 0.0000e+00
    576.000     4.8750    34.9754     4.8289    27.6756 1.2210e-02       3507 0.0000e+00
    577.000     4.8734    34.9754     4.8272    27.6758 1.2210e-02       3513 0.0000e+00
    578.000     4.8722    34.9755     4.8259    27.6760 1.2210e-02       3518 0.0000e+00
    579.000     4.8737    34.9763     4.8273    27.6765 1.2210e-02       3524 0.0000e+00
    580.000     4.8669    34.9749     4.8205    27.6762 1.2210e-02       3530 0.0000e+00
    581.000     4.8607    34.9747     4.8143    27.6767 1.2210e-02       3536 0.0000e+00
    582.000     4.8610    34.9747     4.8145    27.6767 1.2210e-02       3543 0.0000e+00
    583.000     4.8605    34.9750     4.8138    27.6771 1.2210e-02       3549 0.0000e+00
    584.000     4.8609    34.9755     4.8142    27.6774 1.2210e-02       3555 0.0000e+00
    585.000     4.8616    34.9757     4.8148    27.6775 1.2210e-02       3561 0.0000e+00
    586.000     4.8628    34.9762     4.8159    27.6778 1.2210e-02       3566 0.0000e+00
    587.000     4.8632    34.9761     4.8163    27.6776 1.2210e-02       3572 0.0000e+00
    588.000     4.8621    34.9758     4.8151    27.6775 1.2210e-02       3579 0.0000e+00
    589.000     4.8588    34.9758     4.8117    27.6779 1.2210e-02       3585 0.0000e+00
    590.000     4.8583    34.9758     4.8111    27.6779 1.2210e-02       3591 0.0000e+00
    591.000     4.8580    34.9757     4.8107    27.6780 1.2210e-02       3598 0.0000e+00
    592.000     4.8575    34.9759     4.8101    27.6782 1.2210e-02       3605 0.0000e+00
    593.000     4.8588    34.9764     4.8113    27.6784 1.2210e-02       3611 0.0000e+00
    594.000     4.8606    34.9771     4.8130    27.6788 1.2210e-02       3617 0.0000e+00
    595.000     4.8649    34.9778     4.8172    27.6789 1.2210e-02       3622 0.0000e+00
    596.000     4.8664    34.9782     4.8186    27.6790 1.2210e-02       3628 0.0000e+00
    597.000     4.8666    34.9782     4.8188    27.6790 1.2210e-02       3634 0.0000e+00
    598.000     4.8663    34.9781     4.8183    27.6790 1.2210e-02       3640 0.0000e+00
    599.000     4.8646    34.9779     4.8166    27.6790 1.2210e-02       3646 0.0000e+00
    600.000     4.8623    34.9779     4.8142    27.6792 1.2210e-02       3651 0.0000e+00
    601.000     4.8590    34.9778     4.8109    27.6796 1.2210e-02       3657 0.0000e+00
    602.000     4.8595    34.9779     4.8113    27.6796 1.2210e-02       3664 0.0000e+00
    603.000     4.8580    34.9774     4.8097    27.6794 1.2210e-02       3673 0.0000e+00
    604.000     4.8543    34.9770     4.8059    27.6796 1.2210e-02       3681 0.0000e+00
    605.000     4.8513    34.9769     4.8028    27.6798 1.2210e-02       3686 0.0000e+00
    606.000     4.8512    34.9770     4.8027    27.6799 1.2210e-02       3691 0.0000e+00
    607.000     4.8517    34.9771     4.8031    27.6799 1.2210e-02       3695 0.0000e+00
    608.000     4.8492    34.9769     4.8006    27.6801 1.2210e-02       3700 0.0000e+00
    609.000     4.8483    34.9768     4.7995    27.6801 1.4115e-02       3705 0.0000e+00
    610.000     4.8465    34.9768     4.7976    27.6803 1.2162e-02       3713 0.0000e+00
    611.000     4.8545    34.9787     4.8055    27.6809 1.2210e-02       3721 0.0000e+00
    612.000     4.8611    34.9803     4.8120    27.6814 1.2210e-02       3727 0.0000e+00
    613.000     4.8628    34.9806     4.8136    27.6815 1.2210e-02       3733 0.0000e+00
    614.000     4.8613    34.9804     4.8120    27.6816 1.2210e-02       3739 0.0000e+00
    615.000     4.8651    34.9811     4.8158    27.6817 1.2210e-02       3745 0.0000e+00
    616.000     4.8625    34.9804     4.8130    27.6814 1.2210e-02       3751 0.0000e+00
    617.000     4.8572    34.9801     4.8077    27.6817 1.2210e-02       3757 0.0000e+00
    618.000     4.8548    34.9799     4.8052    27.6819 1.2210e-02       3762 0.0000e+00
    619.000     4.8553    34.9800     4.8057    27.6819 1.2210e-02       3768 0.0000e+00
    620.000     4.8528    34.9798     4.8031    27.6821 1.2210e-02       3775 0.0000e+00
    621.000     4.8493    34.9793     4.7995    27.6821 1.2210e-02       3783 0.0000e+00
    622.000     4.8469    34.9791     4.7971    27.6822 1.2210e-02       3789 0.0000e+00
    623.000     4.8470    34.9796     4.7970    27.6826 1.2210e-02       3794 0.0000e+00
    624.000     4.8451    34.9794     4.7950    27.6827 1.2210e-02       3799 0.0000e+00
    625.000     4.8432    34.9794     4.7931    27.6828 1.2210e-02       3804 0.0000e+00
    626.000     4.8430    34.9792     4.7929    27.6828 1.2210e-02       3810 0.0000e+00
    627.000     4.8399    34.9790     4.7897    27.6829 1.2210e-02       3817 0.0000e+00
    628.000     4.8370    34.9786     4.7867    27.6830 1.2210e-02       3824 0.0000e+00
    629.000     4.8343    34.9783     4.7839    27.6831 1.2210e-02       3832 0.0000e+00
    630.000     4.8332    34.9778     4.7827    27.6829 1.2210e-02       3838 0.0000e+00
    631.000     4.8316    34.9780     4.7810    27.6832 1.2210e-02       3844 0.0000e+00
    632.000     4.8307    34.9780     4.7801    27.6832 1.2210e-02       3849 0.0000e+00
    633.000     4.8302    34.9780     4.7795    27.6834 1.2210e-02       3854 0.0000e+00
    634.000     4.8291    34.9778     4.7783    27.6833 1.2210e-02       3859 0.0000e+00
    635.000     4.8260    34.9774     4.7752    27.6834 1.2210e-02       3865 0.0000e+00
    636.000     4.8242    34.9772     4.7732    27.6834 1.2210e-02       3871 0.0000e+00
    637.000     4.8169    34.9765     4.7659    27.6837 1.2210e-02       3879 0.0000e+00
    638.000     4.8147    34.9762     4.7636    27.6837 1.2210e-02       3886 0.0000e+00
    639.000     4.8141    34.9761     4.7629    27.6837 1.2210e-02       3892 0.0000e+00
    640.000     4.8130    34.9762     4.7618    27.6839 1.2210e-02       3898 0.0000e+00
    641.000     4.8122    34.9760     4.7609    27.6839 1.2210e-02       3904 0.0000e+00
    642.000     4.8114    34.9759     4.7600    27.6839 1.2210e-02       3910 0.0000e+00
    643.000     4.8111    34.9758     4.7596    27.6839 1.2210e-02       3917 0.0000e+00
    644.000     4.8052    34.9747     4.7537    27.6836 1.2210e-02       3922 0.0000e+00
    645.000     4.7979    34.9741     4.7464    27.6840 1.2210e-02       3928 0.0000e+00
    646.000     4.7921    34.9735     4.7405    27.6842 1.2210e-02       3933 0.0000e+00
    647.000     4.7886    34.9729     4.7369    27.6841 1.2210e-02       3939 0.0000e+00
    648.000     4.7878    34.9730     4.7360    27.6843 1.2210e-02       3945 0.0000e+00
    649.000     4.7855    34.9727     4.7337    27.6843 1.2210e-02       3953 0.0000e+00
    650.000     4.7804    34.9716     4.7285    27.6841 1.2210e-02       3959 0.0000e+00
    651.000     4.7658    34.9701     4.7139    27.6845 1.2210e-02       3965 0.0000e+00
    652.000     4.7553    34.9692     4.7034    27.6850 1.2210e-02       3970 0.0000e+00
    653.000     4.7418    34.9670     4.6898    27.6848 1.2210e-02       3976 0.0000e+00
    654.000     4.7317    34.9669     4.6797    27.6859 1.5264e-02       3984 0.0000e+00
    655.000     4.7272    34.9654     4.6752    27.6851 1.2220e-02       3991 0.0000e+00
    656.000     4.7239    34.9647     4.6717    27.6850 1.2210e-02       3997 0.0000e+00
    657.000     4.7191    34.9649     4.6670    27.6857 1.2210e-02       4001 0.0000e+00
    658.000     4.7152    34.9645     4.6630    27.6858 1.2210e-02       4005 0.0000e+00
    659.000     4.7125    34.9642     4.6602    27.6859 1.2210e-02       4010 0.0000e+00
    660.000     4.7123    34.9637     4.6599    27.6855 1.2210e-02       4017 0.0000e+00
    661.000     4.7102    34.9640     4.6577    27.6860 1.2210e-02       4026 0.0000e+00
    662.000     4.7099    34.9637     4.6573    27.6858 1.2210e-02       4033 0.0000e+00
    663.000     4.7082    34.9635     4.6555    27.6859 1.2210e-02       4039 0.0000e+00
    664.000     4.7061    34.9635     4.6533    27.6861 1.4414e-02       4044 0.0000e+00
    665.000     4.7041    34.9632     4.6513    27.6862 1.2423e-02       4049 0.0000e+00
    666.000     4.7021    34.9627     4.6493    27.6860 1.2210e-02       4054 0.0000e+00
    667.000     4.6996    34.9624     4.6467    27.6860 1.2210e-02       4061 0.0000e+00
    668.000     4.6970    34.9618     4.6440    27.6859 1.2210e-02       4069 0.0000e+00
    669.000     4.6901    34.9614     4.6371    27.6863 1.2210e-02       4075 0.0000e+00
    670.000     4.6896    34.9618     4.6365    27.6866 1.2210e-02       4081 0.0000e+00
    671.000     4.6852    34.9612     4.6320    27.6867 1.2210e-02       4086 0.0000e+00
    672.000     4.6816    34.9606     4.6284    27.6866 1.2210e-02       4091 0.0000e+00
    673.000     4.6766    34.9602     4.6232    27.6869 1.2210e-02       4097 0.0000e+00
    674.000     4.6743    34.9602     4.6209    27.6872 1.2210e-02       4105 0.0000e+00
    675.000     4.6691    34.9591     4.6157    27.6868 1.2210e-02       4112 0.0000e+00
    676.000     4.6659    34.9587     4.6124    27.6869 1.2210e-02       4118 0.0000e+00
    677.000     4.6618    34.9586     4.6082    27.6873 1.2210e-02       4123 0.0000e+00
    678.000     4.6546    34.9578     4.6010    27.6875 1.2210e-02       4128 0.0000e+00
    679.000     4.6501    34.9576     4.5964    27.6878 1.2210e-02       4135 0.0000e+00
    680.000     4.6461    34.9572     4.5924    27.6879 1.2210e-02       4143 0.0000e+00
    681.000     4.6411    34.9558     4.5873    27.6875 1.2210e-02       4150 0.0000e+00
    682.000     4.6353    34.9559     4.5815    27.6881 1.2210e-02       4156 0.0000e+00
    683.000     4.6328    34.9556     4.5789    27.6882 1.2210e-02       4161 0.0000e+00
    684.000     4.6286    34.9550     4.5746    27.6882 1.2210e-02       4166 0.0000e+00
    685.000     4.6180    34.9539     4.5640    27.6886 1.2210e-02       4171 0.0000e+00
    686.000     4.6056    34.9531     4.5516    27.6893 1.2210e-02       4177 0.0000e+00
    687.000     4.6037    34.9526     4.5496    27.6891 1.2210e-02       4184 0.0000e+00
    688.000     4.6011    34.9523     4.5469    27.6892 1.2210e-02       4191 0.0000e+00
    689.000     4.5952    34.9517     4.5410    27.6893 1.2210e-02       4198 0.0000e+00
    690.000     4.5912    34.9524     4.5369    27.6903 1.2210e-02       4204 0.0000e+00
    691.000     4.5894    34.9523     4.5351    27.6905 1.2210e-02       4210 0.0000e+00
    692.000     4.5860    34.9519     4.5316    27.6906 1.2210e-02       4216 0.0000e+00
    693.000     4.5828    34.9519     4.5283    27.6909 1.2210e-02       4221 0.0000e+00
    694.000     4.5814    34.9516     4.5268    27.6908 1.2210e-02       4226 0.0000e+00
    695.000     4.5782    34.9508     4.5236    27.6905 1.2210e-02       4232 0.0000e+00
    696.000     4.5764    34.9508     4.5218    27.6908 1.2210e-02       4239 0.0000e+00
    697.000     4.5725    34.9502     4.5177    27.6907 1.2210e-02       4246 0.0000e+00
    698.000     4.5685    34.9499     4.5137    27.6910 1.2210e-02       4253 0.0000e+00
    699.000     4.5641    34.9492     4.5093    27.6909 1.2210e-02       4259 0.0000e+00
    700.000     4.5588    34.9493     4.5039    27.6916 1.2210e-02       4265 0.0000e+00
    701.000     4.5572    34.9494     4.5022    27.6919 1.2210e-02       4271 0.0000e+00
    702.000     4.5557    34.9490     4.5006    27.6917 1.2210e-02       4277 0.0000e+00
    703.000     4.5537    34.9489     4.4985    27.6918 1.2210e-02       4283 0.0000e+00
    704.000     4.5521    34.9492     4.4968    27.6923 1.2210e-02       4289 0.0000e+00
    705.000     4.5512    34.9492     4.4958    27.6923 1.2210e-02       4294 0.0000e+00
    706.000     4.5489    34.9486     4.4935    27.6922 1.2210e-02       4299 0.0000e+00
    707.000     4.5450    34.9485     4.4896    27.6925 1.2210e-02       4306 0.0000e+00
    708.000     4.5434    34.9486     4.4879    27.6928 1.2210e-02       4314 0.0000e+00
    709.000     4.5420    34.9484     4.4864    27.6927 1.2210e-02       4321 0.0000e+00
    710.000     4.5402    34.9479     4.4846    27.6926 1.2210e-02       4327 0.0000e+00
    711.000     4.5365    34.9480     4.4808    27.6931 1.2210e-02       4333 0.0000e+00
    712.000     4.5357    34.9482     4.4799    27.6933 1.2210e-02       4337 0.0000e+00
    713.000     4.5352    34.9480     4.4794    27.6932 1.2210e-02       4342 0.0000e+00
    714.000     4.5321    34.9476     4.4761    27.6932 1.2210e-02       4349 0.0000e+00
    715.000     4.5233    34.9472     4.4673    27.6940 1.2210e-02       4356 0.0000e+00
    716.000     4.5186    34.9467     4.4625    27.6940 1.2210e-02       4364 0.0000e+00
    717.000     4.5176    34.9469     4.4615    27.6944 1.2210e-02       4370 0.0000e+00
    718.000     4.5175    34.9468     4.4613    27.6943 1.2210e-02       4375 0.0000e+00
    719.000     4.5151    34.9466     4.4588    27.6944 1.2210e-02       4380 0.0000e+00
    720.000     4.5138    34.9464     4.4574    27.6944 1.2210e-02       4386 0.0000e+00
    721.000     4.5134    34.9465     4.4570    27.6945 1.2210e-02       4392 0.0000e+00
    722.000     4.5127    34.9463     4.4562    27.6944 1.2210e-02       4398 0.0000e+00
