Data/Raw HPLC Argo/lovbio026c/CTD/a0265.cnv
* Sea-Bird SBE 9 Data File:
* FileName = C:\Seasoft\a201306\a0265.hex
* Software Version Seasave V 7.21a
* Temperature SN = 1428
* Conductivity SN = 1162
* Number of Bytes Per Scan = 35
* Number of Voltage Words = 4
* Number of Scans Averaged by the Deck Unit = 4
* NMEA Latitude = 62 44.96 N
* NMEA Longitude = 032 03.41 W
* NMEA UTC (Time) = Jun 17 2013 07:26:09
* NMEA baud rate = 4800
** Stn: 265
** Lat: 62 44.95 N
** Lon: 32 03.41 V
** Depth: 2520
** Name:
** Title: Karfi 14
# nquan = 8
# nvalues = 1011                        
# units = specified
# name 0 = prDM: Pressure, Digiquartz [db]
# name 1 = t090C: Temperature [ITS-90, deg C]
# name 2 = sal00: Salinity, Practical [PSU]
# name 3 = potemp090C: Potential Temperature [ITS-90, deg C]
# name 4 = sigma-é00: Density [sigma-theta, Kg/m^3]
# name 5 = flSP: Fluorescence, Seapoint
# name 6 = scan: Scan Count
# name 7 = flag: flag
# span 0 =      4.000,   1014.000       
# span 1 =     4.0824,     7.7390       
# span 2 =    34.9143,    35.0134       
# span 3 =     4.0044,     7.7376       
# span 4 =    27.2872,    27.7180       
# span 5 = 9.1740e-03, 6.5215e+00       
# span 6 =         97,       6222       
# span 7 = 0.0000e+00, 0.0000e+00       
# interval = decibars: 1                
# start_time = Jun 17 2013 07:26:21 [System UTC, first data scan.]
# bad_flag = -9.990e-29
*END*
      4.000     7.7358    34.9667     7.7355    27.2872 5.4548e+00         97 0.0000e+00
      5.000     7.7355    34.9671     7.7350    27.2875 5.2555e+00        179 0.0000e+00
      6.000     7.7343    34.9671     7.7338    27.2877 4.3367e+00        181 0.0000e+00
      7.000     7.7332    34.9673     7.7326    27.2880 5.3407e+00        186 0.0000e+00
      8.000     7.7358    34.9673     7.7350    27.2876 5.3422e+00        191 0.0000e+00
      9.000     7.7367    34.9673     7.7358    27.2876 5.2176e+00        197 0.0000e+00
     10.000     7.7375    34.9676     7.7365    27.2876 5.0033e+00        203 0.0000e+00
     11.000     7.7375    34.9674     7.7364    27.2876 5.4939e+00        209 0.0000e+00
     12.000     7.7377    34.9675     7.7365    27.2876 4.5228e+00        213 0.0000e+00
     13.000     7.7384    34.9671     7.7371    27.2872 5.6139e+00        218 0.0000e+00
     14.000     7.7387    34.9671     7.7374    27.2872 5.2761e+00        223 0.0000e+00
     15.000     7.7390    34.9672     7.7376    27.2872 5.0665e+00        231 0.0000e+00
     16.000     7.7379    34.9674     7.7363    27.2876 6.1458e+00        237 0.0000e+00
     17.000     7.7375    34.9675     7.7358    27.2877 4.7114e+00        242 0.0000e+00
     18.000     7.7378    34.9675     7.7361    27.2877 5.9703e+00        247 0.0000e+00
     19.000     7.7368    34.9676     7.7350    27.2879 5.2755e+00        251 0.0000e+00
     20.000     7.7324    34.9671     7.7304    27.2881 4.8724e+00        256 0.0000e+00
     21.000     7.7019    34.9682     7.6999    27.2935 6.5215e+00        263 0.0000e+00
     22.000     7.6391    34.9643     7.6370    27.2998 5.9717e+00        270 0.0000e+00
     23.000     7.5678    34.9607     7.5655    27.3073 5.5770e+00        276 0.0000e+00
     24.000     7.4785    34.9685     7.4763    27.3264 5.5716e+00        281 0.0000e+00
     25.000     7.4487    34.9715     7.4463    27.3331 6.0656e+00        287 0.0000e+00
     26.000     7.4323    34.9714     7.4299    27.3354 4.6729e+00        292 0.0000e+00
     27.000     7.4085    34.9719     7.4059    27.3392 3.8005e+00        298 0.0000e+00
     28.000     7.3444    34.9749     7.3417    27.3508 3.4756e+00        303 0.0000e+00
     29.000     7.3011    34.9770     7.2983    27.3586 4.8616e+00        309 0.0000e+00
     30.000     7.2731    34.9787     7.2702    27.3640 3.4374e+00        314 0.0000e+00
     31.000     7.2518    34.9793     7.2489    27.3675 3.4223e+00        320 0.0000e+00
     32.000     7.2336    34.9790     7.2306    27.3699 3.3544e+00        326 0.0000e+00
     33.000     7.2011    34.9799     7.1980    27.3752 3.0313e+00        332 0.0000e+00
     34.000     7.1904    34.9801     7.1872    27.3769 2.6950e+00        338 0.0000e+00
     35.000     7.1634    34.9818     7.1601    27.3820 2.6514e+00        344 0.0000e+00
     36.000     7.1332    34.9848     7.1298    27.3887 2.4370e+00        349 0.0000e+00
     37.000     7.1141    34.9851     7.1106    27.3916 2.4168e+00        355 0.0000e+00
     38.000     7.0367    34.9893     7.0332    27.4058 4.0204e+00        360 0.0000e+00
     39.000     6.9567    34.9930     6.9531    27.4199 1.4109e+00        366 0.0000e+00
     40.000     6.9227    34.9929     6.9191    27.4245 1.5161e+00        371 0.0000e+00
     41.000     6.8860    34.9950     6.8822    27.4313 1.2824e+00        377 0.0000e+00
     42.000     6.8219    35.0001     6.8181    27.4441 1.1055e+00        383 0.0000e+00
     43.000     6.7843    35.0013     6.7804    27.4503 1.0230e+00        388 0.0000e+00
     44.000     6.7472    35.0028     6.7432    27.4565 8.7493e-01        394 0.0000e+00
     45.000     6.7106    35.0045     6.7065    27.4629 1.0468e+00        399 0.0000e+00
     46.000     6.6999    35.0050     6.6957    27.4647 7.1290e-01        404 0.0000e+00
     47.000     6.6811    35.0028     6.6768    27.4655 7.0787e-01        409 0.0000e+00
     48.000     6.6380    35.0046     6.6336    27.4728 6.4843e-01        414 0.0000e+00
     49.000     6.6260    35.0057     6.6216    27.4753 6.2148e-01        420 0.0000e+00
     50.000     6.6061    35.0053     6.6016    27.4777 5.4021e-01        428 0.0000e+00
     51.000     6.5931    35.0047     6.5886    27.4790 5.1224e-01        434 0.0000e+00
     52.000     6.5761    35.0051     6.5715    27.4817 5.4160e-01        440 0.0000e+00
     53.000     6.5399    35.0091     6.5352    27.4897 4.0862e-01        445 0.0000e+00
     54.000     6.5142    35.0087     6.5094    27.4928 3.7534e-01        449 0.0000e+00
     55.000     6.4952    35.0095     6.4903    27.4960 3.6232e-01        454 0.0000e+00
     56.000     6.4926    35.0090     6.4876    27.4960 3.3553e-01        460 0.0000e+00
     57.000     6.4886    35.0090     6.4835    27.4965 3.2762e-01        466 0.0000e+00
     58.000     6.4778    35.0091     6.4726    27.4981 2.9126e-01        473 0.0000e+00
     59.000     6.4715    35.0087     6.4663    27.4985 2.7903e-01        479 0.0000e+00
     60.000     6.4604    35.0091     6.4551    27.5004 2.9206e-01        485 0.0000e+00
     61.000     6.4475    35.0104     6.4421    27.5031 2.9304e-01        489 0.0000e+00
     62.000     6.4390    35.0121     6.4335    27.5056 2.6633e-01        494 0.0000e+00
     63.000     6.4364    35.0118     6.4308    27.5057 2.2311e-01        498 0.0000e+00
     64.000     6.4283    35.0122     6.4226    27.5072 2.4190e-01        504 0.0000e+00
     65.000     6.4199    35.0117     6.4142    27.5079 2.1303e-01        512 0.0000e+00
     66.000     6.4037    35.0118     6.3979    27.5101 2.0149e-01        519 0.0000e+00
     67.000     6.3975    35.0119     6.3917    27.5111 2.4001e-01        525 0.0000e+00
     68.000     6.3933    35.0130     6.3873    27.5125 1.8482e-01        530 0.0000e+00
     69.000     6.3926    35.0131     6.3865    27.5126 1.9527e-01        534 0.0000e+00
     70.000     6.3872    35.0130     6.3810    27.5133 1.7431e-01        538 0.0000e+00
     71.000     6.3784    35.0133     6.3722    27.5147 1.8534e-01        544 0.0000e+00
     72.000     6.3777    35.0134     6.3713    27.5150 1.7400e-01        550 0.0000e+00
     73.000     6.3776    35.0131     6.3712    27.5147 1.6862e-01        557 0.0000e+00
     74.000     6.3771    35.0131     6.3706    27.5148 1.5464e-01        563 0.0000e+00
     75.000     6.3755    35.0129     6.3688    27.5148 1.5871e-01        567 0.0000e+00
     76.000     6.3749    35.0132     6.3682    27.5152 1.8696e-01        572 0.0000e+00
     77.000     6.3744    35.0129     6.3676    27.5150 1.8520e-01        577 0.0000e+00
     78.000     6.3707    35.0128     6.3638    27.5154 1.6403e-01        583 0.0000e+00
     79.000     6.3544    35.0122     6.3474    27.5171 1.7087e-01        590 0.0000e+00
     80.000     6.3432    35.0115     6.3362    27.5180 1.6474e-01        597 0.0000e+00
     81.000     6.3269    35.0094     6.3198    27.5186 1.6063e-01        603 0.0000e+00
     82.000     6.3146    35.0094     6.3074    27.5202 1.5611e-01        608 0.0000e+00
     83.000     6.3133    35.0100     6.3060    27.5209 1.6662e-01        613 0.0000e+00
     84.000     6.3105    35.0096     6.3032    27.5210 1.7290e-01        619 0.0000e+00
     85.000     6.2965    35.0090     6.2891    27.5223 1.6192e-01        624 0.0000e+00
     86.000     6.2880    35.0091     6.2805    27.5235 1.7258e-01        629 0.0000e+00
     87.000     6.2840    35.0092     6.2764    27.5242 1.7338e-01        634 0.0000e+00
     88.000     6.2796    35.0086     6.2719    27.5243 1.6161e-01        639 0.0000e+00
     89.000     6.2743    35.0091     6.2665    27.5254 1.5402e-01        646 0.0000e+00
     90.000     6.2707    35.0091     6.2629    27.5258 1.4471e-01        653 0.0000e+00
     91.000     6.2620    35.0083     6.2540    27.5264 1.4301e-01        660 0.0000e+00
     92.000     6.2562    35.0080     6.2482    27.5268 1.3200e-01        666 0.0000e+00
     93.000     6.2483    35.0076     6.2401    27.5276 1.4355e-01        671 0.0000e+00
     94.000     6.2354    35.0078     6.2272    27.5295 1.3454e-01        675 0.0000e+00
     95.000     6.2296    35.0080     6.2213    27.5304 1.2934e-01        680 0.0000e+00
     96.000     6.2254    35.0077     6.2171    27.5307 1.3404e-01        685 0.0000e+00
     97.000     6.2120    35.0066     6.2035    27.5316 1.3236e-01        691 0.0000e+00
     98.000     6.2002    35.0064     6.1917    27.5330 1.3016e-01        698 0.0000e+00
     99.000     6.1952    35.0057     6.1867    27.5331 1.2594e-01        704 0.0000e+00
    100.000     6.1808    35.0044     6.1721    27.5340 1.1595e-01        710 0.0000e+00
    101.000     6.1566    35.0046     6.1479    27.5373 1.2903e-01        715 0.0000e+00
    102.000     6.1343    35.0051     6.1255    27.5406 1.0958e-01        720 0.0000e+00
    103.000     6.1214    35.0040     6.1126    27.5414 1.0989e-01        726 0.0000e+00
    104.000     6.1148    35.0040     6.1058    27.5423 1.0493e-01        732 0.0000e+00
    105.000     6.1046    35.0032     6.0956    27.5429 1.0126e-01        739 0.0000e+00
    106.000     6.0884    35.0019     6.0793    27.5440 8.9990e-02        745 0.0000e+00
    107.000     6.0784    35.0014     6.0692    27.5450 8.5610e-02        751 0.0000e+00
    108.000     6.0709    35.0022     6.0616    27.5465 8.5470e-02        756 0.0000e+00
    109.000     6.0639    35.0022     6.0545    27.5475 8.0748e-02        761 0.0000e+00
    110.000     6.0535    35.0018     6.0441    27.5485 8.5506e-02        766 0.0000e+00
    111.000     6.0464    35.0018     6.0369    27.5495 7.9444e-02        771 0.0000e+00
    112.000     6.0394    35.0021     6.0298    27.5505 6.3945e-02        777 0.0000e+00
    113.000     6.0353    35.0019     6.0256    27.5510 6.5111e-02        782 0.0000e+00
    114.000     6.0304    35.0013     6.0207    27.5512 6.1174e-02        789 0.0000e+00
    115.000     6.0226    35.0001     6.0128    27.5512 5.9094e-02        795 0.0000e+00
    116.000     5.9972    34.9995     5.9873    27.5540 5.3036e-02        801 0.0000e+00
    117.000     5.9914    34.9999     5.9814    27.5550 5.2910e-02        807 0.0000e+00
    118.000     5.9886    34.9997     5.9786    27.5553 5.3704e-02        813 0.0000e+00
    119.000     5.9774    34.9986     5.9672    27.5559 5.6225e-02        818 0.0000e+00
    120.000     5.9667    34.9985     5.9564    27.5572 5.9038e-02        824 0.0000e+00
    121.000     5.9592    34.9985     5.9488    27.5581 6.1013e-02        829 0.0000e+00
    122.000     5.9613    34.9997     5.9509    27.5588 5.9038e-02        835 0.0000e+00
    123.000     5.9630    35.0004     5.9525    27.5592 6.2860e-02        841 0.0000e+00
    124.000     5.9606    35.0004     5.9500    27.5595 5.8743e-02        847 0.0000e+00
    125.000     5.9539    34.9998     5.9433    27.5598 5.9026e-02        853 0.0000e+00
    126.000     5.9526    35.0001     5.9419    27.5602 6.1014e-02        858 0.0000e+00
    127.000     5.9421    34.9996     5.9313    27.5612 5.4134e-02        864 0.0000e+00
    128.000     5.9339    35.0003     5.9230    27.5628 5.2926e-02        869 0.0000e+00
    129.000     5.9338    35.0002     5.9228    27.5628 4.6845e-02        876 0.0000e+00
    130.000     5.9276    34.9989     5.9166    27.5626 3.8329e-02        883 0.0000e+00
    131.000     5.9167    34.9968     5.9056    27.5623 3.6644e-02        888 0.0000e+00
    132.000     5.9016    34.9961     5.8904    27.5637 3.6630e-02        893 0.0000e+00
    133.000     5.8910    34.9942     5.8797    27.5636 3.6630e-02        897 0.0000e+00
    134.000     5.8751    34.9914     5.8637    27.5634 4.1309e-02        902 0.0000e+00
    135.000     5.8686    34.9920     5.8572    27.5646 3.0104e-02        908 0.0000e+00
    136.000     5.8672    34.9913     5.8557    27.5642 2.7976e-02        915 0.0000e+00
    137.000     5.8464    34.9879     5.8349    27.5642 2.6478e-02        921 0.0000e+00
    138.000     5.8446    34.9886     5.8330    27.5650 2.4410e-02        928 0.0000e+00
    139.000     5.8389    34.9889     5.8272    27.5660 2.6438e-02        933 0.0000e+00
    140.000     5.8495    34.9913     5.8376    27.5666 3.1965e-02        939 0.0000e+00
    141.000     5.8569    34.9927     5.8450    27.5667 2.9167e-02        944 0.0000e+00
    142.000     5.8617    34.9951     5.8496    27.5681 2.6944e-02        949 0.0000e+00
    143.000     5.8782    34.9978     5.8661    27.5681 3.6093e-02        953 0.0000e+00
    144.000     5.8672    34.9956     5.8550    27.5677 3.0905e-02        958 0.0000e+00
    145.000     5.8588    34.9955     5.8465    27.5687 2.4622e-02        966 0.0000e+00
    146.000     5.8451    34.9930     5.8327    27.5685 3.1380e-02        974 0.0000e+00
    147.000     5.8280    34.9901     5.8157    27.5684 2.6782e-02        980 0.0000e+00
    148.000     5.8153    34.9881     5.8029    27.5684 3.0767e-02        985 0.0000e+00
    149.000     5.8118    34.9887     5.7992    27.5693 2.4231e-02        989 0.0000e+00
    150.000     5.8102    34.9895     5.7975    27.5702 2.4420e-02        994 0.0000e+00
    151.000     5.8071    34.9889     5.7944    27.5701 2.4420e-02        999 0.0000e+00
    152.000     5.8014    34.9885     5.7886    27.5705 2.6219e-02       1005 0.0000e+00
    153.000     5.7962    34.9897     5.7834    27.5721 2.4376e-02       1012 0.0000e+00
    154.000     5.8042    34.9921     5.7912    27.5731 2.4420e-02       1018 0.0000e+00
    155.000     5.8258    34.9967     5.8127    27.5740 2.4420e-02       1024 0.0000e+00
    156.000     5.8439    34.9989     5.8307    27.5735 2.6483e-02       1030 0.0000e+00
    157.000     5.8202    34.9958     5.8069    27.5740 3.1897e-02       1035 0.0000e+00
    158.000     5.8035    34.9949     5.7902    27.5754 3.0500e-02       1041 0.0000e+00
    159.000     5.7857    34.9936     5.7723    27.5766 2.8471e-02       1047 0.0000e+00
    160.000     5.7844    34.9938     5.7709    27.5770 3.2637e-02       1053 0.0000e+00
    161.000     5.7804    34.9943     5.7669    27.5778 2.6716e-02       1058 0.0000e+00
    162.000     5.7765    34.9940     5.7629    27.5781 3.1866e-02       1063 0.0000e+00
    163.000     5.7602    34.9904     5.7465    27.5773 3.1746e-02       1068 0.0000e+00
    164.000     5.7457    34.9891     5.7319    27.5782 2.6310e-02       1074 0.0000e+00
    165.000     5.7372    34.9888     5.7233    27.5790 2.8570e-02       1080 0.0000e+00
    166.000     5.7401    34.9885     5.7262    27.5784 2.4349e-02       1086 0.0000e+00
    167.000     5.7220    34.9839     5.7080    27.5770 3.2306e-02       1092 0.0000e+00
    168.000     5.6964    34.9813     5.6824    27.5782 2.9303e-02       1098 0.0000e+00
    169.000     5.6668    34.9771     5.6528    27.5785 2.6747e-02       1103 0.0000e+00
    170.000     5.6311    34.9742     5.6170    27.5807 3.0541e-02       1109 0.0000e+00
    171.000     5.6127    34.9722     5.5985    27.5813 2.4642e-02       1115 0.0000e+00
    172.000     5.5967    34.9712     5.5825    27.5825 2.6116e-02       1122 0.0000e+00
    173.000     5.5848    34.9704     5.5705    27.5833 2.8370e-02       1128 0.0000e+00
    174.000     5.5781    34.9695     5.5637    27.5835 3.1591e-02       1134 0.0000e+00
    175.000     5.5698    34.9690     5.5554    27.5842 3.6595e-02       1139 0.0000e+00
    176.000     5.5655    34.9685     5.5510    27.5843 3.0657e-02       1144 0.0000e+00
    177.000     5.5826    34.9749     5.5679    27.5873 2.8565e-02       1150 0.0000e+00
    178.000     5.6049    34.9807     5.5901    27.5891 2.9316e-02       1156 0.0000e+00
    179.000     5.6150    34.9826     5.6001    27.5893 2.4441e-02       1161 0.0000e+00
    180.000     5.6148    34.9830     5.5998    27.5898 2.4420e-02       1167 0.0000e+00
    181.000     5.6113    34.9827     5.5963    27.5899 2.4420e-02       1172 0.0000e+00
    182.000     5.6106    34.9829     5.5955    27.5902 2.4420e-02       1178 0.0000e+00
