Data/Raw HPLC Argo/lovbio026c/CTD/a0265.cnv
* Sea-Bird SBE 9 Data File:
* FileName = C:\Seasoft\a201306\a0265.hex
* Software Version Seasave V 7.21a
* Temperature SN = 1428
* Conductivity SN = 1162
* Number of Bytes Per Scan = 35
* Number of Voltage Words = 4
* Number of Scans Averaged by the Deck Unit = 4
* NMEA Latitude = 62 44.96 N
* NMEA Longitude = 032 03.41 W
* NMEA UTC (Time) = Jun 17 2013 07:26:09
* NMEA baud rate = 4800
** Stn: 265
** Lat: 62 44.95 N
** Lon: 32 03.41 V
** Depth: 2520
** Name:
** Title: Karfi 14
# nquan = 8
# nvalues = 1011                        
# units = specified
# name 0 = prDM: Pressure, Digiquartz [db]
# name 1 = t090C: Temperature [ITS-90, deg C]
# name 2 = sal00: Salinity, Practical [PSU]
# name 3 = potemp090C: Potential Temperature [ITS-90, deg C]
# name 4 = sigma-é00: Density [sigma-theta, Kg/m^3]
# name 5 = flSP: Fluorescence, Seapoint
# name 6 = scan: Scan Count
# name 7 = flag: flag
# span 0 =      4.000,   1014.000       
# span 1 =     4.0824,     7.7390       
# span 2 =    34.9143,    35.0134       
# span 3 =     4.0044,     7.7376       
# span 4 =    27.2872,    27.7180       
# span 5 = 9.1740e-03, 6.5215e+00       
# span 6 =         97,       6222       
# span 7 = 0.0000e+00, 0.0000e+00       
# interval = decibars: 1                
# start_time = Jun 17 2013 07:26:21 [System UTC, first data scan.]
# bad_flag = -9.990e-29
*END*
[from data line 899]
    903.000     4.2215    34.9257     4.1517    27.7111 1.2210e-02       5520 0.0000e+00
    904.000     4.2169    34.9250     4.1470    27.7111 1.2210e-02       5525 0.0000e+00
    905.000     4.2124    34.9248     4.1425    27.7114 1.2210e-02       5531 0.0000e+00
    906.000     4.2088    34.9245     4.1388    27.7115 1.2210e-02       5537 0.0000e+00
    907.000     4.2033    34.9236     4.1332    27.7114 1.2210e-02       5543 0.0000e+00
    908.000     4.2000    34.9237     4.1299    27.7118 1.2210e-02       5550 0.0000e+00
    909.000     4.1986    34.9237     4.1284    27.7120 1.2210e-02       5556 0.0000e+00
    910.000     4.1985    34.9240     4.1282    27.7122 1.2210e-02       5563 0.0000e+00
    911.000     4.1988    34.9238     4.1284    27.7121 1.2210e-02       5570 0.0000e+00
    912.000     4.1990    34.9240     4.1286    27.7122 1.2210e-02       5576 0.0000e+00
    913.000     4.1992    34.9241     4.1286    27.7122 1.2210e-02       5582 0.0000e+00
    914.000     4.1984    34.9241     4.1278    27.7123 1.2210e-02       5588 0.0000e+00
    915.000     4.1978    34.9241     4.1272    27.7124 9.7474e-03       5593 0.0000e+00
    916.000     4.1972    34.9239     4.1264    27.7123 1.2190e-02       5598 0.0000e+00
    917.000     4.1970    34.9237     4.1262    27.7122 1.2210e-02       5604 0.0000e+00
    918.000     4.1969    34.9236     4.1260    27.7122 1.2210e-02       5612 0.0000e+00
    919.000     4.1958    34.9235     4.1248    27.7123 1.2210e-02       5620 0.0000e+00
    920.000     4.1922    34.9232     4.1211    27.7123 1.2210e-02       5627 0.0000e+00
    921.000     4.1875    34.9228     4.1164    27.7125 1.2210e-02       5633 0.0000e+00
    922.000     4.1843    34.9230     4.1131    27.7130 1.2210e-02       5639 0.0000e+00
    923.000     4.1803    34.9225     4.1091    27.7130 1.2210e-02       5644 0.0000e+00
    924.000     4.1786    34.9225     4.1073    27.7133 1.2210e-02       5649 0.0000e+00
    925.000     4.1734    34.9216     4.1020    27.7131 1.2210e-02       5654 0.0000e+00
    926.000     4.1706    34.9216     4.0992    27.7134 1.2210e-02       5660 0.0000e+00
    927.000     4.1690    34.9215     4.0975    27.7135 1.2210e-02       5668 0.0000e+00
    928.000     4.1677    34.9214     4.0962    27.7136 1.2210e-02       5674 0.0000e+00
    929.000     4.1671    34.9213     4.0955    27.7136 1.2210e-02       5681 0.0000e+00
    930.000     4.1656    34.9216     4.0939    27.7139 1.2210e-02       5687 0.0000e+00
    931.000     4.1654    34.9214     4.0936    27.7138 1.0444e-02       5694 0.0000e+00
    932.000     4.1651    34.9214     4.0932    27.7139 1.2320e-02       5701 0.0000e+00
    933.000     4.1649    34.9214     4.0930    27.7139 1.2210e-02       5708 0.0000e+00
    934.000     4.1646    34.9186     4.0925    27.7118 1.2210e-02       5713 0.0000e+00
    935.000     4.1620    34.9209     4.0899    27.7138 1.2210e-02       5719 0.0000e+00
    936.000     4.1609    34.9209     4.0887    27.7140 1.2210e-02       5724 0.0000e+00
    937.000     4.1614    34.9213     4.0892    27.7142 1.2210e-02       5729 0.0000e+00
    938.000     4.1620    34.9211     4.0896    27.7140 1.2210e-02       5736 0.0000e+00
    939.000     4.1588    34.9206     4.0864    27.7140 1.2210e-02       5742 0.0000e+00
    940.000     4.1568    34.9204     4.0843    27.7140 1.2210e-02       5749 0.0000e+00
    941.000     4.1546    34.9204     4.0820    27.7143 1.2210e-02       5757 0.0000e+00
    942.000     4.1521    34.9204     4.0795    27.7145 1.2210e-02       5764 0.0000e+00
    943.000     4.1516    34.9204     4.0790    27.7146 1.2210e-02       5769 0.0000e+00
    944.000     4.1514    34.9205     4.0786    27.7147 1.2210e-02       5774 0.0000e+00
    945.000     4.1506    34.9204     4.0778    27.7147 1.2210e-02       5779 0.0000e+00
    946.000     4.1503    34.9203     4.0774    27.7147 1.2210e-02       5784 0.0000e+00
    947.000     4.1505    34.9202     4.0775    27.7146 1.2210e-02       5791 0.0000e+00
    948.000     4.1505    34.9202     4.0774    27.7146 1.0668e-02       5800 0.0000e+00
    949.000     4.1504    34.9202     4.0772    27.7147 1.2204e-02       5807 0.0000e+00
    950.000     4.1504    34.9202     4.0771    27.7147 1.2210e-02       5813 0.0000e+00
    951.000     4.1498    34.9202     4.0764    27.7147 1.2210e-02       5819 0.0000e+00
    952.000     4.1478    34.9201     4.0744    27.7148 1.2210e-02       5824 0.0000e+00
    953.000     4.1473    34.9201     4.0737    27.7149 1.2210e-02       5830 0.0000e+00
    954.000     4.1475    34.9202     4.0739    27.7150 1.2210e-02       5835 0.0000e+00
    955.000     4.1473    34.9201     4.0736    27.7149 1.2210e-02       5840 0.0000e+00
    956.000     4.1475    34.9201     4.0737    27.7149 1.2210e-02       5846 0.0000e+00
    957.000     4.1485    34.9201     4.0746    27.7149 1.0450e-02       5853 0.0000e+00
    958.000     4.1477    34.9200     4.0738    27.7148 1.2194e-02       5860 0.0000e+00
    959.000     4.1465    34.9200     4.0725    27.7149 1.2210e-02       5866 0.0000e+00
    960.000     4.1432    34.9196     4.0691    27.7150 1.2210e-02       5873 0.0000e+00
    961.000     4.1416    34.9195     4.0675    27.7151 1.2210e-02       5879 0.0000e+00
    962.000     4.1409    34.9193     4.0666    27.7150 1.2210e-02       5885 0.0000e+00
    963.000     4.1391    34.9191     4.0648    27.7151 1.2210e-02       5892 0.0000e+00
    964.000     4.1374    34.9190     4.0630    27.7152 1.2210e-02       5898 0.0000e+00
    965.000     4.1359    34.9190     4.0614    27.7153 1.0209e-02       5904 0.0000e+00
    966.000     4.1363    34.9190     4.0618    27.7153 1.2192e-02       5911 0.0000e+00
    967.000     4.1362    34.9190     4.0616    27.7153 1.0303e-02       5917 0.0000e+00
    968.000     4.1346    34.9187     4.0599    27.7153 1.2177e-02       5923 0.0000e+00
    969.000     4.1310    34.9182     4.0562    27.7152 1.2210e-02       5929 0.0000e+00
    970.000     4.1287    34.9181     4.0539    27.7154 1.2210e-02       5936 0.0000e+00
    971.000     4.1264    34.9177     4.0515    27.7154 1.2210e-02       5943 0.0000e+00
    972.000     4.1240    34.9176     4.0491    27.7155 1.2210e-02       5949 0.0000e+00
    973.000     4.1180    34.9171     4.0430    27.7158 1.2210e-02       5955 0.0000e+00
    974.000     4.1146    34.9171     4.0396    27.7161 1.2210e-02       5960 0.0000e+00
    975.000     4.1122    34.9167     4.0371    27.7161 1.2210e-02       5967 0.0000e+00
    976.000     4.1091    34.9165     4.0339    27.7162 1.2210e-02       5975 0.0000e+00
    977.000     4.1080    34.9162     4.0328    27.7161 1.2210e-02       5981 0.0000e+00
    978.000     4.1065    34.9165     4.0312    27.7165 1.2210e-02       5987 0.0000e+00
    979.000     4.1057    34.9165     4.0303    27.7166 1.2210e-02       5992 0.0000e+00
    980.000     4.1052    34.9164     4.0297    27.7166 1.2210e-02       5999 0.0000e+00
    981.000     4.1047    34.9162     4.0291    27.7165 1.2210e-02       6006 0.0000e+00
    982.000     4.1031    34.9163     4.0275    27.7167 1.2210e-02       6013 0.0000e+00
    983.000     4.1038    34.9164     4.0281    27.7168 1.2210e-02       6020 0.0000e+00
    984.000     4.1036    34.9164     4.0279    27.7168 1.0532e-02       6027 0.0000e+00
    985.000     4.1032    34.9165     4.0274    27.7169 1.2112e-02       6033 0.0000e+00
    986.000     4.1034    34.9164     4.0274    27.7168 1.2210e-02       6039 0.0000e+00
    987.000     4.1034    34.9165     4.0274    27.7169 1.2210e-02       6044 0.0000e+00
    988.000     4.1033    34.9164     4.0272    27.7169 1.2210e-02       6050 0.0000e+00
    989.000     4.1029    34.9164     4.0267    27.7170 1.2210e-02       6055 0.0000e+00
    990.000     4.1030    34.9162     4.0267    27.7168 1.2210e-02       6061 0.0000e+00
    991.000     4.1006    34.9161     4.0243    27.7169 1.2210e-02       6069 0.0000e+00
    992.000     4.0999    34.9160     4.0235    27.7169 1.2210e-02       6078 0.0000e+00
    993.000     4.0992    34.9158     4.0226    27.7169 1.2210e-02       6085 0.0000e+00
    994.000     4.0993    34.9161     4.0226    27.7171 1.2210e-02       6092 0.0000e+00
    995.000     4.0995    34.9162     4.0228    27.7172 1.2210e-02       6097 0.0000e+00
    996.000     4.0984    34.9160     4.0216    27.7171 1.2210e-02       6102 0.0000e+00
    997.000     4.0987    34.9161     4.0218    27.7172 1.2210e-02       6107 0.0000e+00
    998.000     4.0985    34.9158     4.0216    27.7170 1.2210e-02       6114 0.0000e+00
    999.000     4.0983    34.9159     4.0213    27.7171 1.0842e-02       6122 0.0000e+00
   1000.000     4.0972    34.9157     4.0201    27.7171 1.2257e-02       6130 0.0000e+00
   1001.000     4.0958    34.9157     4.0186    27.7172 1.2210e-02       6136 0.0000e+00
   1002.000     4.0948    34.9157     4.0175    27.7173 9.6323e-03       6141 0.0000e+00
   1003.000     4.0943    34.9158     4.0170    27.7174 1.2271e-02       6147 0.0000e+00
   1004.000     4.0941    34.9154     4.0166    27.7172 1.2210e-02       6153 0.0000e+00
   1005.000     4.0939    34.9155     4.0164    27.7173 1.2210e-02       6160 0.0000e+00
   1006.000     4.0938    34.9156     4.0162    27.7174 1.2210e-02       6167 0.0000e+00
   1007.000     4.0920    34.9153     4.0143    27.7173 1.2210e-02       6173 0.0000e+00
   1008.000     4.0918    34.9154     4.0140    27.7174 1.2210e-02       6179 0.0000e+00
   1009.000     4.0902    34.9150     4.0123    27.7173 1.2210e-02       6185 0.0000e+00
   1010.000     4.0899    34.9150     4.0120    27.7174 1.2210e-02       6194 0.0000e+00
   1011.000     4.0849    34.9147     4.0070    27.7176 1.2210e-02       6203 0.0000e+00
   1012.000     4.0824    34.9143     4.0044    27.7176 1.2210e-02       6210 0.0000e+00
   1013.000     4.0831    34.9149     4.0050    27.7180 1.2210e-02       6215 0.0000e+00
   1014.000     4.0838    34.9148     4.0056    27.7179 1.2210e-02       6222 0.0000e+00
