Data/raw_excel/lovbio091d/CTD/bioargomed09.cnv
* Sea-Bird SBE 9 Data File:
* FileName = C:\CTD\raw\bioargomed09.hdr
* Software Version Seasave V 7.23.2
* Temperature SN = 2473
* Conductivity SN = 1313
* Number of Bytes Per Scan = 31
* Number of Voltage Words = 4
* Number of Scans Averaged by the Deck Unit = 1
* NMEA Latitude = 36 41.92 N
* NMEA Longitude = 020 07.42 E
* NMEA UTC (Time) = May 26 2015  12:42:45
* NMEA baud rate = 4800
** Ship: TETHYS 2
** Cruise: BIOARGOMED
** Station: 09
# nquan = 11
# nvalues = 507                         
# units = specified
# name 0 = prDM: Pressure, Digiquartz [db]
# name 1 = t090C: Temperature [ITS-90, deg C]
# name 2 = c0S/m: Conductivity [S/m]
# name 3 = sbeox0V: Oxygen raw, SBE 43 [V]
# name 4 = flC: Fluorescence, Chelsea Aqua 3 Chl Con [ug/l]
# name 5 = CStarTr0: Beam Transmission, WET Labs C-Star [%]
# name 6 = potemp090C: Potential Temperature [ITS-90, deg C]
# name 7 = sal00: Salinity, Practical [PSU]
# name 8 = sigma-é00: Density [sigma-theta, kg/m^3]
# name 9 = sbeox0Mm/Kg: Oxygen, SBE 43 [umol/kg], WS = 2
# name 10 = flag: flag
# span 0 =      1.000,    507.000       
# span 1 =    14.3667,    20.5081       
# span 2 =   4.672673,   5.324906       
# span 3 =     2.4953,     3.3665       
# span 4 =     0.1548,     0.3561       
# span 5 =    88.3762,    90.9194       
# span 6 =    14.2891,    20.5052       
# span 7 =    38.2890,    39.0646       
# span 8 =    27.3294,    29.1501       
# span 9 =    175.281,    236.472       
# span 10 = 0.0000e+00, 0.0000e+00      
# interval = decibars: 1                
# start_time = May 26 2015 12:42:45 [NMEA time, header]
# bad_flag = -9.990e-29
*END*
[from data line 394]
    395.000    14.7313   4.713540     2.6071     0.1599    90.8590    14.6699    38.9752    29.1150    182.582 0.0000e+00
    396.000    14.7234   4.712595     2.6064     0.1597    90.8568    14.6618    38.9739    29.1158    182.531 0.0000e+00
    397.000    14.7195   4.712178     2.6046     0.1618    90.8340    14.6578    38.9734    29.1164    182.142 0.0000e+00
    398.000    14.7176   4.711959     2.6012     0.1607    90.8638    14.6558    38.9729    29.1164    181.977 0.0000e+00
    399.000    14.7099   4.711011     2.6007     0.1608    90.8679    14.6479    38.9713    29.1170    182.223 0.0000e+00
    400.000    14.7065   4.710678     2.5999     0.1647    90.8706    14.6443    38.9712    29.1177    182.169 0.0000e+00
    401.000    14.7019   4.710120     2.5993     0.1678    90.8702    14.6396    38.9702    29.1179    182.020 0.0000e+00
    402.000    14.6975   4.709653     2.5973     0.1671    90.8709    14.6350    38.9699    29.1187    181.930 0.0000e+00
    403.000    14.6972   4.709713     2.5974     0.1693    90.8669    14.6346    38.9703    29.1191    182.067 0.0000e+00
    404.000    14.6917   4.709053     2.5965     0.1693    90.8619    14.6290    38.9691    29.1195    181.986 0.0000e+00
    405.000    14.6866   4.708505     2.5962     0.1666    90.8664    14.6237    38.9687    29.1204    182.115 0.0000e+00
    406.000    14.6837   4.708173     2.5967     0.1663    90.8654    14.6207    38.9681    29.1205    182.296 0.0000e+00
    407.000    14.6846   4.708408     2.5972     0.1661    90.8694    14.6215    38.9689    29.1210    182.143 0.0000e+00
    408.000    14.6895   4.709189     2.5956     0.1626    90.8616    14.6262    38.9709    29.1215    181.782 0.0000e+00
    409.000    14.6919   4.709589     2.5938     0.1614    90.8630    14.6284    38.9717    29.1216    181.672 0.0000e+00
    410.000    14.6884   4.709133     2.5928     0.1595    90.8609    14.6248    38.9705    29.1215    181.903 0.0000e+00
    411.000    14.6812   4.708285     2.5938     0.1622    90.8619    14.6174    38.9695    29.1223    182.196 0.0000e+00
    412.000    14.6789   4.708052     2.5944     0.1652    90.8643    14.6149    38.9692    29.1227    182.003 0.0000e+00
    413.000    14.6773   4.707873     2.5925     0.1651    90.8630    14.6131    38.9687    29.1227    181.640 0.0000e+00
    414.000    14.6746   4.707588     2.5906     0.1612    90.8632    14.6103    38.9683    29.1230    181.495 0.0000e+00
    415.000    14.6732   4.707449     2.5891     0.1648    90.8654    14.6088    38.9680    29.1231    181.721 0.0000e+00
    416.000    14.6678   4.706769     2.5903     0.1624    90.8666    14.6032    38.9666    29.1233    181.923 0.0000e+00
    417.000    14.6626   4.706240     2.5898     0.1581    90.8656    14.5979    38.9665    29.1244    181.787 0.0000e+00
    418.000    14.6587   4.705801     2.5895     0.1596    90.8629    14.5939    38.9658    29.1248    181.748 0.0000e+00
    419.000    14.6521   4.705095     2.5884     0.1637    90.8656    14.5871    38.9654    29.1260    181.471 0.0000e+00
    420.000    14.6549   4.705584     2.5862     0.1628    90.8654    14.5898    38.9667    29.1264    181.381 0.0000e+00
    421.000    14.6560   4.705766     2.5852     0.1612    90.8632    14.5907    38.9669    29.1264    181.337 0.0000e+00
    422.000    14.6516   4.705243     2.5839     0.1601    90.8605    14.5862    38.9659    29.1266    181.314 0.0000e+00
    423.000    14.6488   4.704948     2.5835     0.1616    90.8631    14.5832    38.9656    29.1270    181.359 0.0000e+00
    424.000    14.6453   4.704520     2.5830     0.1633    90.8731    14.5795    38.9647    29.1271    181.309 0.0000e+00
    425.000    14.6411   4.704063     2.5820     0.1641    90.8682    14.5753    38.9642    29.1276    181.197 0.0000e+00
    426.000    14.6376   4.703656     2.5812     0.1623    90.8750    14.5716    38.9634    29.1279    181.072 0.0000e+00
    427.000    14.6312   4.702833     2.5788     0.1618    90.8691    14.5650    38.9618    29.1281    180.677 0.0000e+00
    428.000    14.6204   4.701479     2.5760     0.1596    90.8711    14.5541    38.9596    29.1288    180.558 0.0000e+00
    429.000    14.6182   4.701351     2.5744     0.1611    90.8745    14.5517    38.9602    29.1298    180.746 0.0000e+00
    430.000    14.6197   4.701612     2.5749     0.1639    90.8688    14.5531    38.9606    29.1298    180.861 0.0000e+00
    431.000    14.6202   4.701736     2.5738     0.1605    90.8726    14.5535    38.9608    29.1299    180.554 0.0000e+00
    432.000    14.6136   4.700852     2.5724     0.1613    90.8695    14.5467    38.9588    29.1299    180.482 0.0000e+00
    433.000    14.6059   4.699982     2.5714     0.1626    90.8797    14.5389    38.9579    29.1309    180.531 0.0000e+00
    434.000    14.6032   4.699699     2.5707     0.1598    90.8757    14.5360    38.9576    29.1313    180.474 0.0000e+00
    435.000    14.6005   4.699381     2.5695     0.1593    90.8734    14.5331    38.9569    29.1314    180.279 0.0000e+00
    436.000    14.5975   4.699053     2.5672     0.1648    90.8762    14.5300    38.9564    29.1318    179.896 0.0000e+00
    437.000    14.5907   4.698152     2.5643     0.1651    90.8666    14.5230    38.9544    29.1317    179.646 0.0000e+00
    438.000    14.5804   4.696915     2.5616     0.1611    90.8726    14.5127    38.9527    29.1327    179.658 0.0000e+00
    439.000    14.5769   4.696554     2.5611     0.1595    90.8722    14.5090    38.9524    29.1333    179.739 0.0000e+00
    440.000    14.5724   4.696016     2.5597     0.1601    90.8644    14.5044    38.9515    29.1336    179.543 0.0000e+00
    441.000    14.5698   4.695739     2.5581     0.1617    90.8692    14.5016    38.9511    29.1339    179.479 0.0000e+00
    442.000    14.5673   4.695453     2.5570     0.1620    90.8745    14.4990    38.9504    29.1340    179.482 0.0000e+00
    443.000    14.5637   4.695021     2.5564     0.1622    90.8726    14.4952    38.9496    29.1342    179.488 0.0000e+00
    444.000    14.5617   4.694819     2.5552     0.1623    90.8806    14.4931    38.9493    29.1344    179.205 0.0000e+00
    445.000    14.5549   4.693984     2.5526     0.1636    90.8712    14.4862    38.9478    29.1349    178.886 0.0000e+00
    446.000    14.5533   4.693844     2.5502     0.1659    90.8735    14.4844    38.9478    29.1352    178.907 0.0000e+00
    447.000    14.5513   4.693622     2.5499     0.1647    90.8746    14.4822    38.9473    29.1353    179.267 0.0000e+00
    448.000    14.5464   4.693048     2.5513     0.1629    90.8740    14.4772    38.9463    29.1357    179.467 0.0000e+00
    449.000    14.5421   4.692577     2.5511     0.1639    90.8788    14.4727    38.9459    29.1363    179.133 0.0000e+00
    450.000    14.5415   4.692577     2.5491     0.1639    90.8752    14.4720    38.9460    29.1366    178.879 0.0000e+00
    451.000    14.5418   4.692658     2.5474     0.1626    90.8768    14.4722    38.9460    29.1366    178.832 0.0000e+00
    452.000    14.5416   4.692685     2.5471     0.1559    90.8837    14.4718    38.9460    29.1366    178.933 0.0000e+00
    453.000    14.5403   4.692558     2.5464     0.1568    90.8774    14.4703    38.9457    29.1368    178.841 0.0000e+00
    454.000    14.5385   4.692355     2.5455     0.1591    90.8836    14.4684    38.9452    29.1368    178.777 0.0000e+00
    455.000    14.5342   4.691830     2.5451     0.1610    90.8818    14.4640    38.9442    29.1369    178.757 0.0000e+00
    456.000    14.5302   4.691383     2.5436     0.1582    90.8869    14.4598    38.9436    29.1374    178.556 0.0000e+00
    457.000    14.5271   4.691027     2.5420     0.1575    90.8755    14.4565    38.9430    29.1377    178.430 0.0000e+00
    458.000    14.5249   4.690805     2.5410     0.1604    90.8784    14.4542    38.9426    29.1380    178.468 0.0000e+00
    459.000    14.5189   4.690014     2.5405     0.1616    90.8768    14.4481    38.9408    29.1379    178.481 0.0000e+00
    460.000    14.5087   4.688802     2.5393     0.1584    90.8810    14.4378    38.9392    29.1389    178.324 0.0000e+00
    461.000    14.5049   4.688381     2.5376     0.1571    90.8774    14.4338    38.9387    29.1394    178.239 0.0000e+00
    462.000    14.5012   4.687954     2.5373     0.1602    90.8815    14.4299    38.9380    29.1398    178.285 0.0000e+00
    463.000    14.4989   4.687700     2.5360     0.1611    90.8827    14.4275    38.9375    29.1399    177.833 0.0000e+00
    464.000    14.4962   4.687428     2.5320     0.1632    90.8822    14.4246    38.9373    29.1403    177.440 0.0000e+00
    465.000    14.4947   4.687283     2.5302     0.1639    90.8831    14.4230    38.9370    29.1405    177.732 0.0000e+00
    466.000    14.4924   4.687032     2.5302     0.1630    90.8850    14.4206    38.9364    29.1406    177.868 0.0000e+00
    467.000    14.4887   4.686592     2.5299     0.1622    90.8894    14.4167    38.9357    29.1409    177.960 0.0000e+00
    468.000    14.4854   4.686229     2.5308     0.1643    90.8826    14.4132    38.9351    29.1412    178.217 0.0000e+00
    469.000    14.4814   4.685761     2.5320     0.1619    90.8867    14.4091    38.9343    29.1415    178.278 0.0000e+00
    470.000    14.4793   4.685560     2.5318     0.1586    90.8868    14.4069    38.9341    29.1418    178.002 0.0000e+00
    471.000    14.4772   4.685316     2.5302     0.1628    90.8870    14.4046    38.9335    29.1418    177.759 0.0000e+00
    472.000    14.4740   4.684974     2.5280     0.1669    90.8862    14.4013    38.9330    29.1422    177.452 0.0000e+00
    473.000    14.4720   4.684745     2.5254     0.1650    90.8868    14.3992    38.9325    29.1423    177.318 0.0000e+00
    474.000    14.4691   4.684352     2.5241     0.1670    90.8795    14.3960    38.9313    29.1421    177.539 0.0000e+00
    475.000    14.4612   4.683428     2.5251     0.1694    90.8865    14.3881    38.9301    29.1429    177.802 0.0000e+00
    476.000    14.4579   4.683067     2.5250     0.1622    90.8881    14.3846    38.9296    29.1433    177.453 0.0000e+00
    477.000    14.4548   4.682666     2.5215     0.1591    90.8849    14.3813    38.9286    29.1432    176.850 0.0000e+00
    478.000    14.4460   4.681601     2.5188     0.1597    90.8880    14.3724    38.9270    29.1440    176.979 0.0000e+00
    479.000    14.4410   4.681012     2.5187     0.1620    90.8893    14.3673    38.9261    29.1444    177.045 0.0000e+00
    480.000    14.4387   4.680789     2.5165     0.1622    90.8893    14.3649    38.9259    29.1447    176.796 0.0000e+00
    481.000    14.4381   4.680760     2.5159     0.1669    90.8931    14.3641    38.9258    29.1448    177.040 0.0000e+00
    482.000    14.4372   4.680684     2.5160     0.1676    90.8858    14.3631    38.9255    29.1449    177.051 0.0000e+00
    483.000    14.4328   4.680135     2.5155     0.1641    90.8790    14.3585    38.9244    29.1450    176.940 0.0000e+00
    484.000    14.4285   4.679653     2.5147     0.1616    90.8895    14.3541    38.9237    29.1455    176.805 0.0000e+00
    485.000    14.4256   4.679300     2.5131     0.1656    90.8949    14.3510    38.9229    29.1456    176.515 0.0000e+00
    486.000    14.4207   4.678697     2.5110     0.1680    90.8935    14.3459    38.9218    29.1458    176.299 0.0000e+00
    487.000    14.4155   4.678073     2.5087     0.1677    90.8950    14.3406    38.9207    29.1461    176.227 0.0000e+00
    488.000    14.4097   4.677366     2.5077     0.1638    90.8913    14.3347    38.9195    29.1465    176.465 0.0000e+00
    489.000    14.4052   4.676853     2.5073     0.1618    90.8971    14.3300    38.9188    29.1470    176.308 0.0000e+00
    490.000    14.4021   4.676514     2.5060     0.1594    90.8952    14.3269    38.9182    29.1472    176.315 0.0000e+00
    491.000    14.3979   4.675999     2.5059     0.1633    90.8977    14.3225    38.9172    29.1474    176.203 0.0000e+00
    492.000    14.3939   4.675544     2.5037     0.1621    90.8933    14.3183    38.9165    29.1478    175.955 0.0000e+00
    493.000    14.3919   4.675336     2.5029     0.1634    90.8967    14.3162    38.9161    29.1480    176.098 0.0000e+00
    494.000    14.3854   4.674504     2.5021     0.1637    90.9013    14.3096    38.9144    29.1481    175.915 0.0000e+00
    495.000    14.3824   4.674204     2.4988     0.1602    90.9103    14.3063    38.9143    29.1487    175.281 0.0000e+00
    496.000    14.3822   4.674229     2.4953     0.1589    90.9030    14.3061    38.9142    29.1487    175.292 0.0000e+00
    497.000    14.3815   4.674181     2.4955     0.1570    90.9040    14.3052    38.9140    29.1487    175.744 0.0000e+00
    498.000    14.3808   4.674120     2.4966     0.1587    90.9025    14.3043    38.9137    29.1487    175.890 0.0000e+00
    499.000    14.3777   4.673759     2.4969     0.1595    90.8884    14.3011    38.9130    29.1489    175.948 0.0000e+00
    500.000    14.3758   4.673588     2.4981     0.1548    90.9112    14.2990    38.9129    29.1492    176.167 0.0000e+00
    501.000    14.3748   4.673471     2.4988     0.1609    90.9059    14.2978    38.9124    29.1491    176.044 0.0000e+00
    502.000    14.3709   4.673045     2.4978     0.1667    90.9095    14.2938    38.9118    29.1496    175.719 0.0000e+00
    503.000    14.3693   4.672869     2.4961     0.1659    90.9122    14.2920    38.9114    29.1496    175.732 0.0000e+00
    504.000    14.3675   4.672686     2.4959     0.1656    90.9132    14.2902    38.9110    29.1497    175.929 0.0000e+00
    505.000    14.3669   4.672673     2.4955     0.1650    90.9133    14.2894    38.9111    29.1500    175.807 0.0000e+00
    506.000    14.3667   4.672709     2.4955     0.1609    90.9095    14.2891    38.9111    29.1501    175.861 0.0000e+00
    507.000    14.3681   4.672917 -9.990e-29     0.1750    90.9194    14.2904    38.9113    29.1499 -9.990e-29 0.0000e+00
