Data/raw_excel/lovbio091d/CTD/bioargomed09.cnv
* Sea-Bird SBE 9 Data File:
* FileName = C:\CTD\raw\bioargomed09.hdr
* Software Version Seasave V 7.23.2
* Temperature SN = 2473
* Conductivity SN = 1313
* Number of Bytes Per Scan = 31
* Number of Voltage Words = 4
* Number of Scans Averaged by the Deck Unit = 1
* NMEA Latitude = 36 41.92 N
* NMEA Longitude = 020 07.42 E
* NMEA UTC (Time) = May 26 2015  12:42:45
* NMEA baud rate = 4800
** Ship: TETHYS 2
** Cruise: BIOARGOMED
** Station: 09
# nquan = 11
# nvalues = 507                         
# units = specified
# name 0 = prDM: Pressure, Digiquartz [db]
# name 1 = t090C: Temperature [ITS-90, deg C]
# name 2 = c0S/m: Conductivity [S/m]
# name 3 = sbeox0V: Oxygen raw, SBE 43 [V]
# name 4 = flC: Fluorescence, Chelsea Aqua 3 Chl Con [ug/l]
# name 5 = CStarTr0: Beam Transmission, WET Labs C-Star [%]
# name 6 = potemp090C: Potential Temperature [ITS-90, deg C]
# name 7 = sal00: Salinity, Practical [PSU]
# name 8 = sigma-é00: Density [sigma-theta, kg/m^3]
# name 9 = sbeox0Mm/Kg: Oxygen, SBE 43 [umol/kg], WS = 2
# name 10 = flag: flag
# span 0 =      1.000,    507.000       
# span 1 =    14.3667,    20.5081       
# span 2 =   4.672673,   5.324906       
# span 3 =     2.4953,     3.3665       
# span 4 =     0.1548,     0.3561       
# span 5 =    88.3762,    90.9194       
# span 6 =    14.2891,    20.5052       
# span 7 =    38.2890,    39.0646       
# span 8 =    27.3294,    29.1501       
# span 9 =    175.281,    236.472       
# span 10 = 0.0000e+00, 0.0000e+00      
# interval = decibars: 1                
# start_time = May 26 2015 12:42:45 [NMEA time, header]
# bad_flag = -9.990e-29
*END*
[from data line 263]
    264.000    15.2100   4.760839     2.7463     0.1654    90.8350    15.1683    38.9922    29.0154    190.134 0.0000e+00
    265.000    15.1975   4.759324     2.7419     0.1656    90.8576    15.1556    38.9903    29.0168    189.851 0.0000e+00
    266.000    15.1847   4.757663     2.7365     0.1681    90.8496    15.1427    38.9873    29.0175    189.547 0.0000e+00
    267.000    15.1622   4.754881     2.7314     0.1674    90.8625    15.1201    38.9836    29.0198    189.053 0.0000e+00
    268.000    15.1468   4.752883     2.7260     0.1667    90.8643    15.1046    38.9800    29.0205    188.717 0.0000e+00
    269.000    15.1355   4.751558     2.7232     0.1688    90.8692    15.0931    38.9786    29.0221    188.935 0.0000e+00
    270.000    15.1286   4.750814     2.7225     0.1680    90.8736    15.0860    38.9783    29.0234    189.160 0.0000e+00
    271.000    15.1283   4.751266     2.7224     0.1675    90.8775    15.0856    38.9823    29.0266    189.166 0.0000e+00
    272.000    15.1307   4.751808     2.7213     0.1644    90.8793    15.0878    38.9845    29.0278    188.920 0.0000e+00
    273.000    15.1325   4.752199     2.7196     0.1640    90.8802    15.0895    38.9858    29.0285    188.783 0.0000e+00
    274.000    15.1320   4.752366     2.7183     0.1664    90.8799    15.0888    38.9874    29.0298    188.692 0.0000e+00
    275.000    15.1286   4.752055     2.7167     0.1699    90.8869    15.0853    38.9875    29.0307    188.595 0.0000e+00
    276.000    15.1250   4.751652     2.7159     0.1736    90.8827    15.0815    38.9870    29.0312    188.539 0.0000e+00
    277.000    15.1182   4.750855     2.7141     0.1754    90.8855    15.0746    38.9859    29.0319    188.351 0.0000e+00
    278.000    15.1118   4.750114     2.7127     0.1739    90.8841    15.0680    38.9851    29.0328    188.604 0.0000e+00
    279.000    15.1029   4.749095     2.7147     0.1748    90.8884    15.0589    38.9841    29.0341    188.975 0.0000e+00
    280.000    15.1009   4.748968     2.7141     0.1717    90.8790    15.0568    38.9844    29.0348    188.420 0.0000e+00
    281.000    15.0917   4.747719     2.7111     0.1679    90.8881    15.0475    38.9816    29.0348    188.042 0.0000e+00
    282.000    15.0727   4.745519     2.7080     0.1661    90.8915    15.0284    38.9798    29.0377    188.019 0.0000e+00
    283.000    15.0653   4.744610     2.7064     0.1635    90.8883    15.0208    38.9784    29.0383    187.967 0.0000e+00
    284.000    15.0623   4.744394     2.7040     0.1641    90.8893    15.0176    38.9790    29.0395    187.753 0.0000e+00
    285.000    15.0667   4.745142     2.7024     0.1634    90.8905    15.0218    38.9811    29.0402    187.749 0.0000e+00
    286.000    15.0592   4.744038     2.7014     0.1635    90.8906    15.0142    38.9779    29.0395    187.627 0.0000e+00
    287.000    15.0411   4.741848     2.6995     0.1645    90.8918    14.9960    38.9752    29.0415    187.686 0.0000e+00
    288.000    15.0371   4.741528     2.6996     0.1657    90.8923    14.9919    38.9758    29.0429    187.853 0.0000e+00
    289.000    15.0303   4.740754     2.6992     0.1667    90.8939    14.9849    38.9750    29.0439    187.855 0.0000e+00
    290.000    15.0198   4.739513     2.6990     0.1647    90.8918    14.9742    38.9736    29.0452    187.811 0.0000e+00
    291.000    15.0151   4.739017     2.6979     0.1659    90.8932    14.9695    38.9732    29.0460    187.635 0.0000e+00
    292.000    15.0117   4.738612     2.6964     0.1679    90.8958    14.9659    38.9725    29.0462    187.593 0.0000e+00
    293.000    15.0084   4.738199     2.6954     0.1637    90.9012    14.9625    38.9715    29.0463    187.455 0.0000e+00
    294.000    15.0009   4.737258     2.6936     0.1624    90.8993    14.9548    38.9698    29.0467    187.469 0.0000e+00
    295.000    14.9904   4.735961     2.6935     0.1630    90.8949    14.9441    38.9679    29.0476    187.463 0.0000e+00
    296.000    14.9842   4.735291     2.6914     0.1662    90.8977    14.9378    38.9675    29.0487    187.277 0.0000e+00
    297.000    14.9808   4.734856     2.6902     0.1682    90.8988    14.9343    38.9664    29.0487    187.270 0.0000e+00
    298.000    14.9724   4.733800     2.6895     0.1664    90.8985    14.9257    38.9646    29.0492    187.348 0.0000e+00
    299.000    14.9613   4.732395     2.6893     0.1675    90.8943    14.9145    38.9622    29.0499    187.425 0.0000e+00
    300.000    14.9475   4.730745     2.6890     0.1671    90.8941    14.9005    38.9603    29.0516    187.327 0.0000e+00
    301.000    14.9417   4.730075     2.6867     0.1640    90.8984    14.8946    38.9594    29.0523    187.139 0.0000e+00
    302.000    14.9388   4.729833     2.6864     0.1665    90.8925    14.8916    38.9596    29.0531    187.165 0.0000e+00
    303.000    14.9371   4.729676     2.6840     0.1653    90.8930    14.8897    38.9594    29.0534    186.957 0.0000e+00
    304.000    14.9409   4.730516     2.6842     0.1678    90.8929    14.8934    38.9629    29.0553    187.170 0.0000e+00
    305.000    14.9496   4.731924     2.6835     0.1731    90.8943    14.9019    38.9668    29.0564    187.026 0.0000e+00
    306.000    14.9514   4.732283     2.6833     0.1720    90.8933    14.9035    38.9680    29.0569    187.089 0.0000e+00
    307.000    14.9527   4.732596     2.6833     0.1721    90.8940    14.9046    38.9691    29.0575    187.025 0.0000e+00
    308.000    14.9508   4.732466     2.6816     0.1701    90.8983    14.9026    38.9694    29.0581    186.530 0.0000e+00
    309.000    14.9503   4.732434     2.6779     0.1714    90.8940    14.9019    38.9692    29.0582    186.194 0.0000e+00
    310.000    14.9423   4.731411     2.6756     0.1677    90.8998    14.8938    38.9672    29.0585    186.253 0.0000e+00
    311.000    14.9372   4.730842     2.6751     0.1616    90.8957    14.8885    38.9666    29.0592    186.320 0.0000e+00
    312.000    14.9328   4.730295     2.6739     0.1651    90.8973    14.8839    38.9655    29.0594    186.446 0.0000e+00
    313.000    14.9278   4.729904     2.6750     0.1634    90.8984    14.8789    38.9664    29.0612    186.569 0.0000e+00
    314.000    14.9297   4.730313     2.6738     0.1621    90.9047    14.8806    38.9679    29.0620    186.319 0.0000e+00
    315.000    14.9298   4.730503     2.6733     0.1615    90.8932    14.8805    38.9691    29.0630    186.429 0.0000e+00
    316.000    14.9274   4.730254     2.6735     0.1647    90.8988    14.8780    38.9687    29.0632    186.687 0.0000e+00
    317.000    14.9272   4.730511     2.6757     0.1660    90.8927    14.8776    38.9709    29.0650    187.253 0.0000e+00
    318.000    14.9389   4.732498     2.6793     0.1670    90.8943    14.8892    38.9771    29.0672    187.461 0.0000e+00
    319.000    14.9657   4.736582     2.6804     0.1659    90.8905    14.9157    38.9878    29.0695    187.055 0.0000e+00
    320.000    14.9705   4.737263     2.6798     0.1676    90.8893    14.9203    38.9889    29.0692    187.058 0.0000e+00
    321.000    14.9762   4.738140     2.6808     0.1698    90.8855    14.9258    38.9909    29.0695    187.117 0.0000e+00
    322.000    14.9705   4.737392     2.6801     0.1663    90.8881    14.9200    38.9892    29.0696    186.984 0.0000e+00
    323.000    14.9668   4.737061     2.6797     0.1673    90.8819    14.9161    38.9894    29.0706    187.082 0.0000e+00
    324.000    14.9668   4.737278     2.6801     0.1682    90.8810    14.9160    38.9909    29.0718    187.201 0.0000e+00
    325.000    14.9677   4.737521     2.6805     0.1679    90.8848    14.9167    38.9919    29.0724    187.151 0.0000e+00
    326.000    14.9693   4.737961     2.6796     0.1658    90.8723    14.9182    38.9939    29.0736    186.922 0.0000e+00
    327.000    14.9698   4.738110     2.6785     0.1692    90.8681    14.9185    38.9944    29.0739    187.006 0.0000e+00
    328.000    14.9672   4.737823     2.6793     0.1659    90.8643    14.9158    38.9939    29.0741    187.262 0.0000e+00
    329.000    14.9696   4.738526     2.6797     0.1639    90.8757    14.9180    38.9975    29.0765    186.999 0.0000e+00
    330.000    14.9729   4.739037     2.6771     0.1635    90.8631    14.9212    38.9985    29.0765    186.454 0.0000e+00
    331.000    14.9724   4.739029     2.6743     0.1648    90.8596    14.9205    38.9985    29.0767    186.409 0.0000e+00
    332.000    14.9626   4.737712     2.6738     0.1688    90.8593    14.9105    38.9957    29.0767    186.752 0.0000e+00
    333.000    14.9511   4.736495     2.6741     0.1661    90.8631    14.8990    38.9954    29.0791    186.813 0.0000e+00
    334.000    14.9557   4.737263     2.6737     0.1636    90.8490    14.9034    38.9975    29.0797    186.801 0.0000e+00
    335.000    14.9581   4.737860     2.6740     0.1642    90.8440    14.9056    39.0002    29.0813    186.879 0.0000e+00
    336.000    14.9595   4.738058     2.6742     0.1668    90.8425    14.9068    39.0002    29.0811    186.836 0.0000e+00
    337.000    14.9500   4.736762     2.6735     0.1649    90.8416    14.8972    38.9973    29.0810    186.622 0.0000e+00
    338.000    14.9339   4.734716     2.6713     0.1655    90.8533    14.8810    38.9940    29.0821    186.348 0.0000e+00
    339.000    14.9326   4.734773     2.6689     0.1627    90.8402    14.8795    38.9954    29.0835    186.222 0.0000e+00
    340.000    14.9350   4.735213     2.6675     0.1647    90.8507    14.8817    38.9967    29.0840    186.277 0.0000e+00
    341.000    14.9352   4.735441     2.6673     0.1670    90.8449    14.8818    38.9981    29.0850    186.488 0.0000e+00
    342.000    14.9401   4.736244     2.6678     0.1650    90.8417    14.8865    39.0002    29.0856    186.529 0.0000e+00
    343.000    14.9405   4.736356     2.6680     0.1634    90.8367    14.8867    39.0004    29.0858    186.563 0.0000e+00
    344.000    14.9413   4.736580     2.6677     0.1689    90.8255    14.8874    39.0012    29.0862    186.238 0.0000e+00
    345.000    14.9409   4.736605     2.6652     0.1695    90.8296    14.8869    39.0014    29.0865    185.983 0.0000e+00
    346.000    14.9388   4.736389     2.6640     0.1679    90.8312    14.8846    39.0011    29.0868    186.116 0.0000e+00
    347.000    14.9335   4.735757     2.6639     0.1656    90.8321    14.8791    39.0001    29.0873    186.047 0.0000e+00
    348.000    14.9261   4.734884     2.6615     0.1652    90.8313    14.8716    38.9990    29.0881    185.516 0.0000e+00
    349.000    14.9224   4.734451     2.6580     0.1607    90.8342    14.8677    38.9983    29.0884    185.282 0.0000e+00
    350.000    14.9168   4.733748     2.6560     0.1645    90.8347    14.8621    38.9968    29.0885    185.423 0.0000e+00
    351.000    14.9102   4.732940     2.6551     0.1682    90.8312    14.8553    38.9955    29.0891    185.435 0.0000e+00
    352.000    14.9030   4.732171     2.6540     0.1681    90.8321    14.8479    38.9952    29.0905    185.479 0.0000e+00
    353.000    14.8990   4.731860     2.6540     0.1666    90.8280    14.8438    38.9958    29.0919    185.569 0.0000e+00
    354.000    14.8925   4.731212     2.6538     0.1660    90.8308    14.8372    38.9959    29.0934    185.529 0.0000e+00
    355.000    14.8909   4.731077     2.6526     0.1695    90.8237    14.8354    38.9958    29.0938    185.213 0.0000e+00
    356.000    14.8882   4.730802     2.6503     0.1698    90.8267    14.8325    38.9956    29.0942    185.033 0.0000e+00
    357.000    14.8847   4.730418     2.6488     0.1633    90.8344    14.8289    38.9950    29.0946    184.792 0.0000e+00
    358.000    14.8782   4.729554     2.6449     0.1626    90.8338    14.8222    38.9931    29.0946    184.283 0.0000e+00
    359.000    14.8654   4.727981     2.6414     0.1628    90.8354    14.8093    38.9908    29.0958    184.221 0.0000e+00
    360.000    14.8550   4.726703     2.6396     0.1637    90.8367    14.7988    38.9889    29.0967    184.456 0.0000e+00
    361.000    14.8510   4.726278     2.6401     0.1656    90.8414    14.7947    38.9886    29.0973    184.641 0.0000e+00
    362.000    14.8503   4.726227     2.6395     0.1648    90.8416    14.7938    38.9884    29.0974    184.453 0.0000e+00
    363.000    14.8490   4.726118     2.6381     0.1658    90.8404    14.7923    38.9883    29.0976    184.163 0.0000e+00
    364.000    14.8488   4.726171     2.6356     0.1671    90.8428    14.7920    38.9885    29.0979    183.922 0.0000e+00
    365.000    14.8456   4.725820     2.6339     0.1641    90.8436    14.7886    38.9880    29.0983    183.993 0.0000e+00
    366.000    14.8397   4.725198     2.6333     0.1643    90.8403    14.7826    38.9877    29.0994    184.072 0.0000e+00
    367.000    14.8306   4.724145     2.6326     0.1646    90.8417    14.7733    38.9866    29.1006    183.910 0.0000e+00
    368.000    14.8275   4.723824     2.6308     0.1630    90.8481    14.7701    38.9863    29.1011    183.791 0.0000e+00
    369.000    14.8218   4.723201     2.6301     0.1610    90.8524    14.7642    38.9858    29.1020    183.729 0.0000e+00
    370.000    14.8185   4.722979     2.6275     0.1606    90.8438    14.7608    38.9865    29.1034    183.312 0.0000e+00
    371.000    14.8142   4.722446     2.6250     0.1587    90.8404    14.7563    38.9855    29.1036    183.372 0.0000e+00
    372.000    14.8026   4.720985     2.6248     0.1640    90.8439    14.7446    38.9831    29.1044    183.539 0.0000e+00
    373.000    14.7925   4.719731     2.6236     0.1652    90.8580    14.7343    38.9811    29.1051    183.344 0.0000e+00
    374.000    14.7849   4.718852     2.6225     0.1621    90.8620    14.7266    38.9801    29.1061    183.487 0.0000e+00
    375.000    14.7825   4.718588     2.6227     0.1607    90.8668    14.7241    38.9796    29.1063    183.417 0.0000e+00
    376.000    14.7746   4.717558     2.6206     0.1611    90.8667    14.7161    38.9775    29.1065    183.153 0.0000e+00
    377.000    14.7741   4.717650     2.6193     0.1662    90.8685    14.7154    38.9784    29.1073    183.105 0.0000e+00
    378.000    14.7709   4.717215     2.6180     0.1674    90.8691    14.7120    38.9772    29.1071    183.056 0.0000e+00
    379.000    14.7636   4.716307     2.6165     0.1661    90.8706    14.7046    38.9756    29.1076    182.767 0.0000e+00
    380.000    14.7616   4.716033     2.6138     0.1624    90.8731    14.7024    38.9746    29.1073    182.792 0.0000e+00
    381.000    14.7530   4.714986     2.6149     0.1584    90.8857    14.6937    38.9731    29.1080    183.256 0.0000e+00
    382.000    14.7573   4.715847     2.6153     0.1628    90.8813    14.6979    38.9763    29.1096    182.971 0.0000e+00
    383.000    14.7544   4.715509     2.6133     0.1657    90.8753    14.6948    38.9757    29.1098    182.781 0.0000e+00
    384.000    14.7563   4.716045     2.6127     0.1699    90.8666    14.6966    38.9782    29.1114    182.964 0.0000e+00
    385.000    14.7602   4.716668     2.6134     0.1692    90.8617    14.7002    38.9797    29.1117    183.161 0.0000e+00
    386.000    14.7611   4.716859     2.6144     0.1681    90.8618    14.7010    38.9801    29.1119    183.158 0.0000e+00
    387.000    14.7617   4.717003     2.6137     0.1722    90.8583    14.7014    38.9805    29.1120    183.064 0.0000e+00
    388.000    14.7617   4.717064     2.6142     0.1685    90.8574    14.7013    38.9805    29.1121    183.143 0.0000e+00
    389.000    14.7600   4.716894     2.6136     0.1698    90.8486    14.6994    38.9803    29.1123    183.102 0.0000e+00
    390.000    14.7563   4.716520     2.6140     0.1666    90.8505    14.6956    38.9801    29.1130    183.162 0.0000e+00
    391.000    14.7519   4.716022     2.6131     0.1601    90.8536    14.6911    38.9793    29.1135    182.910 0.0000e+00
    392.000    14.7487   4.715630     2.6110     0.1585    90.8556    14.6877    38.9786    29.1136    182.629 0.0000e+00
    393.000    14.7430   4.714991     2.6092     0.1610    90.8506    14.6818    38.9779    29.1144    182.650 0.0000e+00
