Data/raw_excel/lovbio091d/CTD/bioargomed09.cnv
* Sea-Bird SBE 9 Data File:
* FileName = C:\CTD\raw\bioargomed09.hdr
* Software Version Seasave V 7.23.2
* Temperature SN = 2473
* Conductivity SN = 1313
* Number of Bytes Per Scan = 31
* Number of Voltage Words = 4
* Number of Scans Averaged by the Deck Unit = 1
* NMEA Latitude = 36 41.92 N
* NMEA Longitude = 020 07.42 E
* NMEA UTC (Time) = May 26 2015  12:42:45
* NMEA baud rate = 4800
** Ship: TETHYS 2
** Cruise: BIOARGOMED
** Station: 09
# nquan = 11
# nvalues = 507                         
# units = specified
# name 0 = prDM: Pressure, Digiquartz [db]
# name 1 = t090C: Temperature [ITS-90, deg C]
# name 2 = c0S/m: Conductivity [S/m]
# name 3 = sbeox0V: Oxygen raw, SBE 43 [V]
# name 4 = flC: Fluorescence, Chelsea Aqua 3 Chl Con [ug/l]
# name 5 = CStarTr0: Beam Transmission, WET Labs C-Star [%]
# name 6 = potemp090C: Potential Temperature [ITS-90, deg C]
# name 7 = sal00: Salinity, Practical [PSU]
# name 8 = sigma-é00: Density [sigma-theta, kg/m^3]
# name 9 = sbeox0Mm/Kg: Oxygen, SBE 43 [umol/kg], WS = 2
# name 10 = flag: flag
# span 0 =      1.000,    507.000       
# span 1 =    14.3667,    20.5081       
# span 2 =   4.672673,   5.324906       
# span 3 =     2.4953,     3.3665       
# span 4 =     0.1548,     0.3561       
# span 5 =    88.3762,    90.9194       
# span 6 =    14.2891,    20.5052       
# span 7 =    38.2890,    39.0646       
# span 8 =    27.3294,    29.1501       
# span 9 =    175.281,    236.472       
# span 10 = 0.0000e+00, 0.0000e+00      
# interval = decibars: 1                
# start_time = May 26 2015 12:42:45 [NMEA time, header]
# bad_flag = -9.990e-29
*END*
      1.000    20.3430   5.251736     3.2733     0.2016    89.2300    20.3428    38.4861    27.3309    211.443 0.0000e+00
      2.000    20.3471   5.252156     3.2632     0.2052    89.2618    20.3467    38.4854    27.3294    210.170 0.0000e+00
      3.000    20.3475   5.252331     3.2698     0.1997    89.2827    20.3469    38.4861    27.3298    211.478 0.0000e+00
      4.000    20.3458   5.252388     3.2727     0.2010    89.4584    20.3450    38.4877    27.3316    211.594 0.0000e+00
      5.000    20.3454   5.252480     3.2781     0.2011    89.5608    20.3444    38.4885    27.3323    212.132 0.0000e+00
      6.000    20.3420   5.252127     3.2813     0.1963    89.5832    20.3409    38.4882    27.3331    212.319 0.0000e+00
      7.000    20.3412   5.252190     3.2841     0.1961    89.6070    20.3399    38.4891    27.3340    212.278 0.0000e+00
      8.000    20.3435   5.252751     3.2808     0.1986    89.6181    20.3420    38.4913    27.3351    211.497 0.0000e+00
      9.000    20.3448   5.253357     3.2748     0.1993    89.6461    20.3431    38.4947    27.3374    211.335 0.0000e+00
     10.000    20.3242   5.251977     3.2777     0.2000    89.6589    20.3223    38.5018    27.3484    212.386 0.0000e+00
     11.000    20.2913   5.251284     3.2828     0.1975    89.7066    20.2892    38.5257    27.3758    212.721 0.0000e+00
     12.000    20.2640   5.256354     3.2845     0.1965    89.7170    20.2617    38.5923    27.4341    212.934 0.0000e+00
     13.000    20.3868   5.293604     3.2884     0.1921    89.6931    20.3843    38.7873    27.5497    212.114 0.0000e+00
     14.000    20.3725   5.299155     3.2841     0.1901    89.6474    20.3698    38.8461    27.5985    211.593 0.0000e+00
     15.000    20.5081   5.324906     3.2840     0.1923    89.6937    20.5052    38.9334    27.6283    210.525 0.0000e+00
     16.000    20.4579   5.315443     3.2706     0.1937    89.7019    20.4549    38.9011    27.6174    208.893 0.0000e+00
     17.000    20.3616   5.303162     3.2593     0.1926    89.6711    20.3584    38.8881    27.6337    210.067 0.0000e+00
     18.000    20.1884   5.276043     3.2760     0.1926    89.6468    20.1850    38.8226    27.6308    214.274 0.0000e+00
     19.000    19.3307   5.155879     3.3003     0.1924    89.6152    19.3272    38.6108    27.6978    220.373 0.0000e+00
     20.000    18.6822   5.071285     3.3213     0.1949    89.4681    18.6786    38.4972    27.7802    224.330 0.0000e+00
     21.000    18.3527   5.030753     3.3299     0.1964    89.4453    18.3490    38.4578    27.8346    225.318 0.0000e+00
     22.000    18.1042   5.002244     3.3338     0.1919    89.5117    18.1003    38.4453    27.8882    226.555 0.0000e+00
     23.000    17.8977   4.974439     3.3376     0.1883    89.5134    17.8937    38.3984    27.9043    227.841 0.0000e+00
     24.000    17.5154   4.927462     3.3417     0.1944    89.5494    17.5113    38.3499    27.9624    229.617 0.0000e+00
     25.000    17.1318   4.881732     3.3384     0.1992    89.5522    17.1276    38.3120    28.0277    230.577 0.0000e+00
     26.000    16.8532   4.849155     3.3353     0.1927    89.6163    16.8489    38.2890    28.0779    231.820 0.0000e+00
     27.000    16.7029   4.833843     3.3336     0.1892    89.8280    16.6984    38.2963    28.1199    232.705 0.0000e+00
     28.000    16.6243   4.827504     3.3366     0.1911    89.8788    16.6196    38.3147    28.1530    234.233 0.0000e+00
     29.000    16.5595   4.822381     3.3478     0.1887    89.8156    16.5547    38.3308    28.1809    236.307 0.0000e+00
     30.000    16.6536   4.841268     3.3611     0.1884    89.7641    16.6486    38.4085    28.2182    236.472 0.0000e+00
     31.000    16.7160   4.852287     3.3659     0.1910    89.6862    16.7109    38.4464    28.2324    235.673 0.0000e+00
     32.000    16.6163   4.841911     3.3665     0.1951    89.6788    16.6110    38.4494    28.2587    235.708 0.0000e+00
     33.000    16.5072   4.830363     3.3629     0.1988    89.6937    16.5017    38.4510    28.2861    235.470 0.0000e+00
     34.000    16.4528   4.825675     3.3575     0.1953    89.7258    16.4472    38.4611    28.3070    235.172 0.0000e+00
     35.000    16.4127   4.821482     3.3524     0.1925    89.7288    16.4069    38.4618    28.3171    234.330 0.0000e+00
     36.000    16.3130   4.811711     3.3392     0.1951    89.6794    16.3071    38.4700    28.3472    232.861 0.0000e+00
     37.000    16.2193   4.800760     3.3219     0.1954    89.6460    16.2132    38.4619    28.3632    231.830 0.0000e+00
     38.000    16.0317   4.776682     3.3072     0.1979    89.5858    16.0255    38.4261    28.3799    231.368 0.0000e+00
     39.000    15.8791   4.759805     3.2883     0.2009    89.5993    15.8728    38.4211    28.4119    229.328 0.0000e+00
     40.000    15.7612   4.745590     3.2647     0.2032    89.6454    15.7548    38.4064    28.4280    227.338 0.0000e+00
     41.000    15.7036   4.741011     3.2381     0.2018    89.7089    15.6970    38.4205    28.4524    225.218 0.0000e+00
     42.000    15.7098   4.745835     3.2125     0.2053    89.7469    15.7031    38.4579    28.4798    224.217 0.0000e+00
     43.000    15.7497   4.753752     3.2022     0.2111    89.7478    15.7428    38.4906    28.4958    224.758 0.0000e+00
     44.000    15.7669   4.757701     3.2010     0.2139    89.7273    15.7598    38.5094    28.5063    225.200 0.0000e+00
     45.000    15.7765   4.760816     3.2017     0.2142    89.7229    15.7693    38.5279    28.5184    225.575 0.0000e+00
     46.000    15.7598   4.759280     3.2050     0.2129    89.6628    15.7524    38.5298    28.5238    226.161 0.0000e+00
     47.000    15.7018   4.753290     3.2086     0.2186    89.5128    15.6943    38.5316    28.5387    226.561 0.0000e+00
     48.000    15.6780   4.751394     3.2088     0.2345    89.1573    15.6703    38.5372    28.5486    226.533 0.0000e+00
     49.000    15.6743   4.751114     3.2101     0.2492    88.9399    15.6665    38.5378    28.5499    226.784 0.0000e+00
     50.000    15.6434   4.747242     3.2123     0.2600    88.7459    15.6354    38.5323    28.5529    227.331 0.0000e+00
     51.000    15.6494   4.750470     3.2152     0.2701    88.4824    15.6413    38.5554    28.5694    227.728 0.0000e+00
     52.000    15.7140   4.761576     3.2191     0.2745    88.5345    15.7056    38.5930    28.5834    227.562 0.0000e+00
     53.000    15.7858   4.775227     3.2186     0.2757    88.6525    15.7773    38.6465    28.6080    226.192 0.0000e+00
     54.000    15.8410   4.784840     3.2094     0.2755    88.8613    15.8323    38.6795    28.6206    224.455 0.0000e+00
     55.000    15.8597   4.788153     3.2009     0.2707    88.9943    15.8509    38.6907    28.6249    223.709 0.0000e+00
     56.000    15.8624   4.789206     3.1932     0.2676    89.0469    15.8534    38.6973    28.6294    223.085 0.0000e+00
     57.000    15.8650   4.789773     3.1854     0.2623    89.0636    15.8558    38.6994    28.6305    222.303 0.0000e+00
     58.000    15.8261   4.785618     3.1759     0.2527    89.0526    15.8168    38.6993    28.6395    221.421 0.0000e+00
     59.000    15.8051   4.784008     3.1654     0.2606    89.0174    15.7956    38.7049    28.6488    220.472 0.0000e+00
     60.000    15.7774   4.780707     3.1543     0.2670    88.8495    15.7678    38.7016    28.6527    219.521 0.0000e+00
     61.000    15.7646   4.779555     3.1408     0.2881    88.6107    15.7549    38.7032    28.6570    217.927 0.0000e+00
     62.000    15.7449   4.777335     3.1240     0.3063    88.4238    15.7349    38.7020    28.6607    216.408 0.0000e+00
     63.000    15.6944   4.772069     3.1104     0.3232    88.3762    15.6843    38.7032    28.6734    215.923 0.0000e+00
     64.000    15.6878   4.772471     3.1012     0.3394    88.4121    15.6775    38.7129    28.6824    215.744 0.0000e+00
     65.000    15.6774   4.772245     3.0951     0.3493    88.5975    15.6670    38.7206    28.6909    216.078 0.0000e+00
     66.000    15.6434   4.767880     3.0962     0.3503    88.7079    15.6329    38.7138    28.6935    216.890 0.0000e+00
     67.000    15.5519   4.755861     3.0979     0.3457    88.9240    15.5412    38.6936    28.6991    217.700 0.0000e+00
     68.000    15.4765   4.747909     3.1022     0.3453    88.9526    15.4657    38.6947    28.7174    218.588 0.0000e+00
     69.000    15.5160   4.754702     3.1058     0.3505    88.8778    15.5051    38.7175    28.7260    218.342 0.0000e+00
     70.000    15.5351   4.758042     3.1059     0.3561    88.9194    15.5239    38.7289    28.7303    217.715 0.0000e+00
     71.000    15.5821   4.766314     3.1006     0.3508    88.9258    15.5708    38.7578    28.7418    216.526 0.0000e+00
     72.000    15.6017   4.769309     3.0954     0.3376    89.3057    15.5902    38.7654    28.7432    216.318 0.0000e+00
     73.000    15.6171   4.772362     3.0928     0.3261    89.5125    15.6055    38.7777    28.7491    216.217 0.0000e+00
     74.000    15.6328   4.775077     3.0906     0.3081    89.6480    15.6209    38.7866    28.7525    216.086 0.0000e+00
     75.000    15.6468   4.777594     3.0899     0.3016    89.7367    15.6348    38.7953    28.7559    215.996 0.0000e+00
     76.000    15.6416   4.776952     3.0876     0.3002    89.7593    15.6294    38.7942    28.7563    215.658 0.0000e+00
     77.000    15.6385   4.776590     3.0848     0.2977    89.7489    15.6262    38.7934    28.7565    215.114 0.0000e+00
     78.000    15.6365   4.776541     3.0772     0.2970    89.7669    15.6240    38.7946    28.7579    213.921 0.0000e+00
     79.000    15.6148   4.774029     3.0679     0.2939    89.8009    15.6022    38.7925    28.7614    213.213 0.0000e+00
     80.000    15.5793   4.769835     3.0591     0.2924    89.8774    15.5665    38.7888    28.7668    212.406 0.0000e+00
     81.000    15.5550   4.767034     3.0478     0.2900    89.9053    15.5421    38.7868    28.7709    211.485 0.0000e+00
     82.000    15.5273   4.763907     3.0396     0.2915    89.9242    15.5143    38.7850    28.7759    211.348 0.0000e+00
     83.000    15.5222   4.763756     3.0355     0.2901    89.9848    15.5090    38.7883    28.7797    211.742 0.0000e+00
     84.000    15.5278   4.765630     3.0349     0.2856    90.0720    15.5144    38.7994    28.7870    211.713 0.0000e+00
     85.000    15.5991   4.775982     3.0334     0.2816    90.0887    15.5856    38.8233    28.7889    211.611 0.0000e+00
     86.000    15.6258   4.780245     3.0350     0.2744    90.1170    15.6121    38.8354    28.7922    211.827 0.0000e+00
     87.000    15.6391   4.781932     3.0371     0.2689    90.1379    15.6251    38.8374    28.7906    212.093 0.0000e+00
     88.000    15.6414   4.782274     3.0398     0.2699    90.1449    15.6274    38.8377    28.7904    212.178 0.0000e+00
     89.000    15.6414   4.782273     3.0399     0.2726    90.1411    15.6271    38.8373    28.7902    212.031 0.0000e+00
     90.000    15.6452   4.783159     3.0407     0.2725    90.1416    15.6308    38.8412    28.7923    212.625 0.0000e+00
     91.000    15.6770   4.787956     3.0481     0.2710    90.1461    15.6624    38.8531    28.7941    214.100 0.0000e+00
     92.000    15.6868   4.791032     3.0599     0.2713    90.1774    15.6720    38.8711    28.8058    215.081 0.0000e+00
     93.000    15.7753   4.805104     3.0683     0.2709    90.1992    15.7604    38.9116    28.8164    214.949 0.0000e+00
     94.000    15.8431   4.815015     3.0734     0.2666    90.2546    15.8279    38.9346    28.8183    215.080 0.0000e+00
     95.000    15.8461   4.815304     3.0814     0.2573    90.2538    15.8308    38.9338    28.8171    216.113 0.0000e+00
     96.000    15.8573   4.817130     3.0897     0.2568    90.2644    15.8417    38.9390    28.8185    216.531 0.0000e+00
     97.000    15.8799   4.820904     3.0945     0.2573    90.2679    15.8642    38.9505    28.8221    216.517 0.0000e+00
     98.000    15.9045   4.824813     3.0980     0.2487    90.3520    15.8886    38.9613    28.8248    216.595 0.0000e+00
     99.000    15.9037   4.825711     3.1004     0.2381    90.3902    15.8877    38.9698    28.8315    216.772 0.0000e+00
    100.000    15.9328   4.830333     3.1027     0.2371    90.4433    15.9166    38.9827    28.8346    216.602 0.0000e+00
    101.000    15.9221   4.829103     3.1018     0.2339    90.4604    15.9057    38.9817    28.8364    216.216 0.0000e+00
    102.000    15.9288   4.830622     3.0990     0.2270    90.4698    15.9123    38.9884    28.8400    215.849 0.0000e+00
    103.000    15.9317   4.831190     3.0968     0.2277    90.5083    15.9150    38.9903    28.8409    215.634 0.0000e+00
    104.000    15.9232   4.830263     3.0933     0.2297    90.5304    15.9063    38.9898    28.8426    215.258 0.0000e+00
    105.000    15.9163   4.829274     3.0895     0.2265    90.5367    15.8993    38.9872    28.8422    214.993 0.0000e+00
    106.000    15.8920   4.825765     3.0855     0.2230    90.5287    15.8749    38.9788    28.8415    214.584 0.0000e+00
    107.000    15.8694   4.823077     3.0795     0.2252    90.5036    15.8521    38.9763    28.8449    213.980 0.0000e+00
    108.000    15.8686   4.823356     3.0733     0.2184    90.5298    15.8511    38.9792    28.8473    213.408 0.0000e+00
    109.000    15.8775   4.825350     3.0673     0.2156    90.5468    15.8599    38.9881    28.8521    213.238 0.0000e+00
    110.000    15.8828   4.826179     3.0650     0.2219    90.5574    15.8650    38.9900    28.8524    213.060 0.0000e+00
    111.000    15.8754   4.825221     3.0604     0.2288    90.5599    15.8575    38.9881    28.8527    212.915 0.0000e+00
    112.000    15.8684   4.824486     3.0611     0.2227    90.5602    15.8503    38.9879    28.8542    213.441 0.0000e+00
    113.000    15.8645   4.824213     3.0615     0.2222    90.5491    15.8463    38.9888    28.8559    213.517 0.0000e+00
    114.000    15.8634   4.824245     3.0629     0.2239    90.5818    15.8449    38.9899    28.8570    213.691 0.0000e+00
    115.000    15.8635   4.824442     3.0633     0.2220    90.5801    15.8448    38.9911    28.8580    213.292 0.0000e+00
    116.000    15.8644   4.824858     3.0587     0.2213    90.5955    15.8456    38.9936    28.8597    212.630 0.0000e+00
    117.000    15.8756   4.826895     3.0559     0.2184    90.6081    15.8566    39.0006    28.8625    212.500 0.0000e+00
    118.000    15.8782   4.827325     3.0520     0.2141    90.6160    15.8591    39.0015    28.8626    211.979 0.0000e+00
    119.000    15.8683   4.826396     3.0472     0.2170    90.6172    15.8490    39.0024    28.8657    211.749 0.0000e+00
    120.000    15.8662   4.826394     3.0448     0.2239    90.6207    15.8468    39.0040    28.8674    211.645 0.0000e+00
    121.000    15.8689   4.827006     3.0403     0.2262    90.6367    15.8493    39.0064    28.8687    210.847 0.0000e+00
    122.000    15.8758   4.828065     3.0340     0.2251    90.6554    15.8560    39.0089    28.8691    210.286 0.0000e+00
    123.000    15.8819   4.829005     3.0295     0.2204    90.6614    15.8619    39.0110    28.8693    210.208 0.0000e+00
    124.000    15.8857   4.829690     3.0274     0.2174    90.6677    15.8656    39.0130    28.8699    210.230 0.0000e+00
    125.000    15.9428   4.838878     3.0258     0.2212    90.6607    15.9225    39.0396    28.8771    209.767 0.0000e+00
    126.000    15.9577   4.840550     3.0222     0.2188    90.6524    15.9372    39.0397    28.8737    209.544 0.0000e+00
    127.000    15.9275   4.836369     3.0235     0.2186    90.6653    15.9069    39.0311    28.8742    210.113 0.0000e+00
    128.000    15.9143   4.835319     3.0227     0.2157    90.6708    15.8936    39.0341    28.8797    209.923 0.0000e+00
    129.000    15.9329   4.838660     3.0217     0.2133    90.6731    15.9120    39.0457    28.8843    209.495 0.0000e+00
    130.000    15.9559   4.842072     3.0172     0.2142    90.6618    15.9348    39.0535    28.8849    208.735 0.0000e+00
    131.000    15.9604   4.842789     3.0130     0.2109    90.6501    15.9391    39.0551    28.8852    208.657 0.0000e+00
