Data/raw_excel/lovbio091d/CTD/bioargomed09.cnv
* Sea-Bird SBE 9 Data File:
* FileName = C:\CTD\raw\bioargomed09.hdr
* Software Version Seasave V 7.23.2
* Temperature SN = 2473
* Conductivity SN = 1313
* Number of Bytes Per Scan = 31
* Number of Voltage Words = 4
* Number of Scans Averaged by the Deck Unit = 1
* NMEA Latitude = 36 41.92 N
* NMEA Longitude = 020 07.42 E
* NMEA UTC (Time) = May 26 2015  12:42:45
* NMEA baud rate = 4800
** Ship: TETHYS 2
** Cruise: BIOARGOMED
** Station: 09
# nquan = 11
# nvalues = 507                         
# units = specified
# name 0 = prDM: Pressure, Digiquartz [db]
# name 1 = t090C: Temperature [ITS-90, deg C]
# name 2 = c0S/m: Conductivity [S/m]
# name 3 = sbeox0V: Oxygen raw, SBE 43 [V]
# name 4 = flC: Fluorescence, Chelsea Aqua 3 Chl Con [ug/l]
# name 5 = CStarTr0: Beam Transmission, WET Labs C-Star [%]
# name 6 = potemp090C: Potential Temperature [ITS-90, deg C]
# name 7 = sal00: Salinity, Practical [PSU]
# name 8 = sigma-é00: Density [sigma-theta, kg/m^3]
# name 9 = sbeox0Mm/Kg: Oxygen, SBE 43 [umol/kg], WS = 2
# name 10 = flag: flag
# span 0 =      1.000,    507.000       
# span 1 =    14.3667,    20.5081       
# span 2 =   4.672673,   5.324906       
# span 3 =     2.4953,     3.3665       
# span 4 =     0.1548,     0.3561       
# span 5 =    88.3762,    90.9194       
# span 6 =    14.2891,    20.5052       
# span 7 =    38.2890,    39.0646       
# span 8 =    27.3294,    29.1501       
# span 9 =    175.281,    236.472       
# span 10 = 0.0000e+00, 0.0000e+00      
# interval = decibars: 1                
# start_time = May 26 2015 12:42:45 [NMEA time, header]
# bad_flag = -9.990e-29
*END*
[from data line 132]
    133.000    15.9514   4.841627     3.0124     0.2121    90.6549    15.9298    39.0526    28.8854    208.998 0.0000e+00
    134.000    15.9357   4.839663     3.0117     0.2119    90.6449    15.9139    39.0499    28.8871    208.992 0.0000e+00
    135.000    15.9270   4.838554     3.0106     0.2166    90.6423    15.9051    39.0480    28.8877    208.875 0.0000e+00
    136.000    15.9188   4.837507     3.0095     0.2214    90.6465    15.8967    39.0461    28.8882    208.993 0.0000e+00
    137.000    15.9155   4.837105     3.0102     0.2188    90.6489    15.8933    39.0453    28.8884    209.279 0.0000e+00
    138.000    15.8914   4.833367     3.0115     0.2163    90.6552    15.8690    39.0347    28.8860    209.400 0.0000e+00
    139.000    15.8340   4.826278     3.0104     0.2132    90.6692    15.8115    39.0265    28.8931    209.378 0.0000e+00
    140.000    15.8258   4.825285     3.0093     0.2129    90.6727    15.8031    39.0252    28.8940    209.412 0.0000e+00
    141.000    15.8228   4.824924     3.0087     0.2152    90.6783    15.7999    39.0245    28.8942    209.400 0.0000e+00
    142.000    15.8192   4.824499     3.0079     0.2184    90.6925    15.7963    39.0237    28.8945    209.287 0.0000e+00
    143.000    15.8184   4.824464     3.0061     0.2175    90.6455    15.7952    39.0238    28.8948    209.065 0.0000e+00
    144.000    15.8324   4.826918     3.0043     0.2109    90.6738    15.8091    39.0317    28.8977    208.852 0.0000e+00
    145.000    15.8533   4.830145     3.0015     0.2083    90.6903    15.8298    39.0400    28.8992    208.424 0.0000e+00
    146.000    15.8674   4.832224     2.9994     0.2072    90.6641    15.8437    39.0446    28.8995    208.149 0.0000e+00
    147.000    15.8924   4.836303     2.9962     0.2074    90.6822    15.8686    39.0565    28.9028    207.883 0.0000e+00
    148.000    15.8904   4.835961     2.9955     0.2073    90.6931    15.8663    39.0550    28.9022    207.893 0.0000e+00
    149.000    15.8856   4.835386     2.9917     0.2041    90.6911    15.8614    39.0541    28.9026    207.341 0.0000e+00
    150.000    15.8955   4.837303     2.9888     0.2054    90.6924    15.8712    39.0612    28.9058    207.353 0.0000e+00
    151.000    15.9055   4.838763     2.9885     0.2073    90.6938    15.8810    39.0642    28.9058    207.432 0.0000e+00
    152.000    15.9057   4.838873     2.9869     0.2006    90.6867    15.8810    39.0646    28.9061    207.046 0.0000e+00
    153.000    15.8996   4.838004     2.9840     0.1954    90.6842    15.8748    39.0622    28.9058    207.131 0.0000e+00
    154.000    15.8848   4.836027     2.9857     0.1949    90.6903    15.8598    39.0585    28.9065    207.626 0.0000e+00
    155.000    15.8518   4.831670     2.9859     0.1932    90.6903    15.8267    39.0510    28.9084    207.471 0.0000e+00
    156.000    15.8500   4.831836     2.9836     0.1955    90.6862    15.8247    39.0539    28.9112    207.216 0.0000e+00
    157.000    15.8568   4.832865     2.9822     0.1979    90.6963    15.8313    39.0561    28.9113    207.219 0.0000e+00
    158.000    15.8289   4.828713     2.9816     0.1976    90.6940    15.8033    39.0455    28.9097    207.243 0.0000e+00
    159.000    15.8024   4.825533     2.9798     0.1993    90.7058    15.7767    39.0423    28.9134    206.930 0.0000e+00
    160.000    15.8005   4.825365     2.9761     0.1978    90.7065    15.7747    39.0423    28.9139    206.441 0.0000e+00
    161.000    15.8024   4.825801     2.9715     0.1918    90.7139    15.7763    39.0439    28.9148    206.262 0.0000e+00
    162.000    15.7883   4.823673     2.9705     0.1890    90.7247    15.7621    39.0381    28.9136    206.815 0.0000e+00
    163.000    15.7673   4.820729     2.9717     0.1899    90.7358    15.7409    39.0316    28.9135    206.778 0.0000e+00
    164.000    15.7334   4.816294     2.9689     0.1925    90.7525    15.7070    39.0242    28.9158    206.443 0.0000e+00
    165.000    15.7434   4.818538     2.9664     0.1926    90.7463    15.7168    39.0344    28.9213    206.375 0.0000e+00
    166.000    15.7543   4.820074     2.9660     0.1878    90.7510    15.7275    39.0372    28.9210    206.367 0.0000e+00
    167.000    15.7547   4.820181     2.9638     0.1871    90.7539    15.7277    39.0374    28.9211    206.000 0.0000e+00
    168.000    15.7458   4.818806     2.9614     0.1869    90.7504    15.7187    39.0332    28.9200    205.883 0.0000e+00
    169.000    15.7167   4.815080     2.9594     0.1824    90.7677    15.6895    39.0276    28.9224    205.908 0.0000e+00
    170.000    15.7139   4.814932     2.9581     0.1818    90.7808    15.6865    39.0286    28.9239    205.989 0.0000e+00
    171.000    15.7087   4.814410     2.9575     0.1879    90.7797    15.6812    39.0285    28.9251    206.005 0.0000e+00
    172.000    15.7141   4.815501     2.9569     0.1846    90.7784    15.6864    39.0327    28.9271    205.977 0.0000e+00
    173.000    15.7191   4.816234     2.9568     0.1843    90.7779    15.6913    39.0339    28.9269    205.923 0.0000e+00
    174.000    15.7269   4.817719     2.9554     0.1844    90.7681    15.6989    39.0394    28.9293    205.840 0.0000e+00
    175.000    15.7535   4.821784     2.9560     0.1840    90.7574    15.7252    39.0497    28.9311    205.900 0.0000e+00
    176.000    15.7652   4.823493     2.9563     0.1813    90.7470    15.7368    39.0532    28.9312    205.685 0.0000e+00
    177.000    15.7451   4.820610     2.9536     0.1852    90.7426    15.7165    39.0464    28.9307    205.517 0.0000e+00
    178.000    15.7337   4.819409     2.9542     0.1892    90.7584    15.7050    39.0463    28.9333    205.987 0.0000e+00
    179.000    15.7392   4.820439     2.9552     0.1908    90.7607    15.7103    39.0498    28.9348    206.083 0.0000e+00
    180.000    15.7437   4.821099     2.9564     0.1869    90.7521    15.7146    39.0510    28.9346    206.147 0.0000e+00
    181.000    15.7346   4.819826     2.9564     0.1866    90.7541    15.7054    39.0480    28.9345    206.120 0.0000e+00
    182.000    15.7270   4.818989     2.9564     0.1875    90.7665    15.6976    39.0474    28.9358    205.922 0.0000e+00
    183.000    15.7174   4.817658     2.9534     0.1842    90.7715    15.6879    39.0443    28.9357    205.367 0.0000e+00
    184.000    15.7025   4.815739     2.9484     0.1832    90.7848    15.6729    39.0411    28.9367    204.988 0.0000e+00
    185.000    15.6969   4.815001     2.9450     0.1782    90.7808    15.6671    39.0395    28.9368    204.850 0.0000e+00
    186.000    15.6889   4.813916     2.9408     0.1789    90.7998    15.6589    39.0371    28.9369    204.706 0.0000e+00
    187.000    15.6791   4.812634     2.9410     0.1812    90.8050    15.6490    39.0347    28.9373    205.311 0.0000e+00
    188.000    15.6741   4.812105     2.9428     0.1815    90.8116    15.6439    39.0344    28.9383    205.301 0.0000e+00
    189.000    15.6804   4.813335     2.9404     0.1755    90.8142    15.6500    39.0389    28.9404    204.630 0.0000e+00
    190.000    15.6781   4.813026     2.9372     0.1734    90.8092    15.6475    39.0380    28.9403    204.634 0.0000e+00
    191.000    15.6732   4.812738     2.9375     0.1722    90.8167    15.6425    39.0397    28.9428    204.882 0.0000e+00
    192.000    15.6770   4.813371     2.9369     0.1746    90.8165    15.6461    39.0413    28.9432    204.864 0.0000e+00
    193.000    15.6775   4.813507     2.9373     0.1733    90.8164    15.6464    39.0417    28.9433    205.057 0.0000e+00
    194.000    15.6782   4.813788     2.9393     0.1750    90.8188    15.6469    39.0431    28.9444    205.719 0.0000e+00
    195.000    15.6807   4.814291     2.9445     0.1736    90.8168    15.6493    39.0448    28.9451    206.371 0.0000e+00
    196.000    15.6847   4.814986     2.9483     0.1727    90.8142    15.6531    39.0467    28.9457    206.332 0.0000e+00
    197.000    15.6864   4.815292     2.9487     0.1751    90.7823    15.6546    39.0474    28.9458    206.260 0.0000e+00
    198.000    15.6880   4.815623     2.9517     0.1755    90.8156    15.6561    39.0484    28.9462    206.953 0.0000e+00
    199.000    15.6904   4.816101     2.9570     0.1719    90.8119    15.6583    39.0500    28.9470    207.319 0.0000e+00
    200.000    15.6942   4.816849     2.9587     0.1729    90.8046    15.6619    39.0526    28.9482    207.149 0.0000e+00
    201.000    15.6970   4.817408     2.9596     0.1716    90.7859    15.6646    39.0544    28.9489    207.058 0.0000e+00
    202.000    15.6951   4.817215     2.9581     0.1738    90.7665    15.6626    39.0541    28.9492    206.732 0.0000e+00
    203.000    15.6933   4.817042     2.9566     0.1746    90.7701    15.6606    39.0539    28.9495    206.572 0.0000e+00
    204.000    15.6880   4.816349     2.9544     0.1698    90.7802    15.6551    39.0525    28.9496    206.368 0.0000e+00
    205.000    15.6795   4.815329     2.9526     0.1674    90.7825    15.6464    39.0511    28.9507    206.419 0.0000e+00
    206.000    15.6795   4.815520     2.9521     0.1666    90.7744    15.6463    39.0524    28.9516    206.538 0.0000e+00
    207.000    15.6801   4.815687     2.9513     0.1627    90.7654    15.6467    39.0529    28.9519    206.094 0.0000e+00
    208.000    15.6720   4.814742     2.9442     0.1630    90.7783    15.6385    39.0518    28.9530    205.142 0.0000e+00
    209.000    15.6606   4.813487     2.9404     0.1663    90.7906    15.6270    39.0512    28.9552    205.353 0.0000e+00
    210.000    15.6533   4.812785     2.9400     0.1679    90.7877    15.6195    39.0517    28.9573    205.569 0.0000e+00
    211.000    15.6531   4.812830     2.9389     0.1702    90.7890    15.6191    39.0519    28.9576    205.391 0.0000e+00
    212.000    15.6507   4.812577     2.9370     0.1687    90.7918    15.6166    39.0515    28.9578    205.184 0.0000e+00
    213.000    15.6456   4.812025     2.9335     0.1725    90.7902    15.6114    39.0510    28.9587    204.625 0.0000e+00
    214.000    15.6413   4.811646     2.9300     0.1727    90.7918    15.6069    39.0515    28.9601    204.454 0.0000e+00
    215.000    15.6395   4.811437     2.9277     0.1721    90.7891    15.6049    39.0509    28.9601    204.392 0.0000e+00
    216.000    15.6346   4.810790     2.9257     0.1685    90.7891    15.5999    39.0494    28.9601    204.070 0.0000e+00
    217.000    15.6271   4.809927     2.9197     0.1667    90.7867    15.5922    39.0485    28.9612    202.935 0.0000e+00
    218.000    15.6180   4.808640     2.9110     0.1721    90.7915    15.5830    39.0453    28.9609    202.307 0.0000e+00
    219.000    15.5972   4.806016     2.9059     0.1760    90.8005    15.5620    39.0416    28.9629    202.384 0.0000e+00
    220.000    15.5914   4.805569     2.9028     0.1726    90.7991    15.5560    39.0428    28.9652    202.222 0.0000e+00
    221.000    15.5820   4.804369     2.8984     0.1703    90.8107    15.5466    39.0407    28.9658    201.659 0.0000e+00
    222.000    15.5718   4.803190     2.8930     0.1712    90.8099    15.5362    39.0396    28.9673    201.472 0.0000e+00
    223.000    15.5679   4.802871     2.8904     0.1753    90.8106    15.5321    39.0401    28.9687    201.164 0.0000e+00
    224.000    15.5606   4.802190     2.8843     0.1727    90.8008    15.5247    39.0407    28.9708    200.139 0.0000e+00
    225.000    15.5475   4.800671     2.8766     0.1708    90.8077    15.5115    39.0393    28.9729    199.801 0.0000e+00
    226.000    15.5342   4.799058     2.8740     0.1698    90.8118    15.4980    39.0374    28.9745    200.162 0.0000e+00
    227.000    15.5271   4.798272     2.8718     0.1670    90.8131    15.4907    39.0368    28.9757    199.888 0.0000e+00
    228.000    15.5226   4.797996     2.8673     0.1714    90.8118    15.4861    39.0383    28.9779    199.204 0.0000e+00
    229.000    15.5176   4.797542     2.8620     0.1709    90.8178    15.4809    39.0387    28.9795    198.983 0.0000e+00
    230.000    15.5078   4.796382     2.8593     0.1665    90.8176    15.4710    39.0373    28.9807    198.788 0.0000e+00
    231.000    15.5047   4.796064     2.8545     0.1714    90.8142    15.4678    39.0371    28.9812    198.719 0.0000e+00
    232.000    15.4974   4.795209     2.8554     0.1696    90.8168    15.4603    39.0360    28.9822    199.391 0.0000e+00
    233.000    15.4921   4.794723     2.8574     0.1670    90.8128    15.4549    39.0364    28.9837    199.553 0.0000e+00
    234.000    15.4909   4.794639     2.8576     0.1705    90.8142    15.4535    39.0364    28.9840    199.196 0.0000e+00
    235.000    15.4893   4.794562     2.8541     0.1711    90.8152    15.4517    39.0369    28.9848    198.243 0.0000e+00
    236.000    15.4842   4.793952     2.8454     0.1701    90.8131    15.4464    39.0359    28.9853    197.229 0.0000e+00
    237.000    15.4745   4.792749     2.8397     0.1680    90.8067    15.4367    39.0341    28.9861    197.406 0.0000e+00
    238.000    15.4601   4.790992     2.8390     0.1667    90.8086    15.4221    39.0318    28.9877    197.855 0.0000e+00
    239.000    15.4539   4.790292     2.8388     0.1685    90.8209    15.4157    39.0312    28.9887    197.738 0.0000e+00
    240.000    15.4419   4.788858     2.8358     0.1699    90.8194    15.4036    39.0295    28.9902    197.188 0.0000e+00
    241.000    15.4323   4.787793     2.8315     0.1728    90.8202    15.3938    39.0289    28.9920    196.883 0.0000e+00
    242.000    15.4288   4.787552     2.8291     0.1670    90.8155    15.3902    39.0297    28.9934    196.987 0.0000e+00
    243.000    15.4280   4.787569     2.8286     0.1658    90.8301    15.3892    39.0302    28.9941    197.311 0.0000e+00
    244.000    15.4280   4.787681     2.8303     0.1671    90.8297    15.3890    39.0308    28.9946    197.616 0.0000e+00
    245.000    15.4287   4.787910     2.8314     0.1700    90.8213    15.3896    39.0318    28.9952    197.645 0.0000e+00
    246.000    15.4282   4.787991     2.8320     0.1700    90.8242    15.3889    39.0326    28.9960    197.494 0.0000e+00
    247.000    15.4264   4.787854     2.8301     0.1684    90.8129    15.3869    39.0327    28.9965    196.729 0.0000e+00
    248.000    15.4188   4.786940     2.8224     0.1696    90.8109    15.3793    39.0314    28.9972    195.204 0.0000e+00
    249.000    15.3932   4.783163     2.8103     0.1692    90.8176    15.3535    39.0217    28.9958    194.388 0.0000e+00
    250.000    15.3449   4.776918     2.8038     0.1685    90.8296    15.3051    39.0120    28.9994    194.602 0.0000e+00
    251.000    15.3337   4.775669     2.8005     0.1674    90.8354    15.2938    39.0112    29.0013    194.775 0.0000e+00
    252.000    15.3387   4.776580     2.7994     0.1704    90.8358    15.2986    39.0142    29.0026    195.231 0.0000e+00
    253.000    15.3494   4.778247     2.8025     0.1699    90.8321    15.3092    39.0184    29.0034    195.722 0.0000e+00
    254.000    15.3583   4.779550     2.8038     0.1701    90.8308    15.3179    39.0211    29.0035    195.054 0.0000e+00
    255.000    15.3706   4.781562     2.7979     0.1721    90.8233    15.3300    39.0270    29.0052    193.681 0.0000e+00
    256.000    15.3459   4.777848     2.7905     0.1709    90.8322    15.3052    39.0169    29.0031    192.996 0.0000e+00
    257.000    15.3112   4.773431     2.7831     0.1727    90.8391    15.2704    39.0104    29.0061    192.633 0.0000e+00
    258.000    15.3030   4.772326     2.7759     0.1701    90.8350    15.2620    39.0080    29.0061    192.113 0.0000e+00
    259.000    15.2711   4.768148     2.7681     0.1698    90.8405    15.2301    39.0008    29.0080    191.738 0.0000e+00
    260.000    15.2543   4.765969     2.7648     0.1694    90.8445    15.2131    38.9971    29.0089    192.007 0.0000e+00
    261.000    15.2385   4.764031     2.7628     0.1707    90.8436    15.1972    38.9945    29.0106    191.808 0.0000e+00
    262.000    15.2457   4.765635     2.7573     0.1675    90.8413    15.2042    39.0017    29.0145    190.838 0.0000e+00
