Data/raw_excel/lovbio075b/CTD/out_c_067.cnv
* Sea-Bird SBE 9 Data File:
* FileName = C:\OUTPACE_CTD_Classik_DATA\out_c_067.hex
* Software Version Seasave V 7.23.1
* Temperature SN = 0970
* Conductivity SN = 0606
* Number of Bytes Per Scan = 40
* Number of Voltage Words = 5
* Number of Scans Averaged by the Deck Unit = 1
* NMEA Latitude = 19 13.40 S
* NMEA Longitude = 164 34.72 E
* NMEA UTC (Time) = Mar 02 2015  16:10:10
* NMEA baud rate = 4800
# nquan = 23
# nvalues = 3997                        
# units = specified
# name 0 = prDM: Pressure, Digiquartz [db]
# name 1 = t090C: Temperature [ITS-90, deg C]
# name 2 = t190C: Temperature, 2 [ITS-90, deg C]
# name 3 = c0mS/cm: Conductivity [mS/cm]
# name 4 = c1mS/cm: Conductivity, 2 [mS/cm]
# name 5 = sbeox0V: Oxygen raw, SBE 43 [V]
# name 6 = modError: Modulo Error Count
# name 7 = flC: Fluorescence, Chelsea Aqua 3 Chl Con [ug/l]
# name 8 = par: PAR/Irradiance, Biospherical/Licor
# name 9 = spar: SPAR/Surface Irradiance
# name 10 = cpar: CPAR/Corrected Irradiance [%]
# name 11 = CStarAt0: Beam Attenuation, WET Labs C-Star [1/m]
# name 12 = CStarTr0: Beam Transmission, WET Labs C-Star [%]
# name 13 = scan: Scan Count
# name 14 = sal00: Salinity, Practical [PSU]
# name 15 = sal11: Salinity, Practical, 2 [PSU]
# name 16 = potemp090C: Potential Temperature [ITS-90, deg C]
# name 17 = potemp190C: Potential Temperature, 2 [ITS-90, deg C]
# name 18 = sigma-é00: Density [sigma-theta, kg/m^3]
# name 19 = sigma-é11: Density, 2 [sigma-theta, kg/m^3]
# name 20 = depSM: Depth [salt water, m], lat = -19.2233
# name 21 = sbeox0ML/L: Oxygen, SBE 43 [ml/l], WS = 2
# name 22 = flag: flag
# span 0 =      5.000,   2003.000       
# span 1 =     2.2974,    29.6581       
# span 2 =     2.2988,    29.6580       
# span 3 =  31.607130,  57.906729       
# span 4 =  31.607364,  57.906519       
# span 5 =     1.2252,     2.6771       
# span 6 =          0,          0       
# span 7 =    -0.0150,     0.3173       
# span 8 = -1.753e-05, 2.9003e-01       
# span 9 = 1.6939e+00, 1.6939e+00       
# span 10 = -1.035e-03, 1.7122e+01      
# span 11 =    -0.0147,     0.4340      
# span 12 =    89.7177,   100.3703      
# span 13 =        320,     141003      
# span 14 =    34.3808,    35.7875      
# span 15 =    34.3672,    35.8069      
# span 16 =     2.1562,    29.6567      
# span 17 =     2.1575,    29.6566      
# span 18 =    21.7984,    27.6729      
# span 19 =    21.7982,    27.6722      
# span 20 =      4.970,   1981.369      
# span 21 =    3.26177,    4.63200      
# span 22 = 0.0000e+00, 0.0000e+00      
# interval = decibars: 1                
# start_time = Mar 02 2015 16:10:10 [NMEA time, header]
# bad_flag = -9.990e-29
*END*
[from data line 1386]
   1391.000     3.0117     3.0141  31.927021  31.927060     1.3349          0     0.0136 1.3510e-04 1.6939e+00 7.9757e-03    -0.0127   100.3181      35617    34.5661    34.5635     2.9128     2.9151    27.5467    27.5444   1377.964    3.41953 0.0000e+00
   1392.000     3.0068     3.0089  31.923978  31.924092     1.3338          0     0.0163 1.3893e-03 1.6939e+00 8.2021e-02    -0.0126   100.3163      35645    34.5671    34.5650     2.9078     2.9099    27.5479    27.5460   1378.951    3.41704 0.0000e+00
   1393.000     3.0062     3.0078  31.924263  31.924387     1.3327          0     0.0099 1.3744e-05 1.6939e+00 8.1138e-04    -0.0127   100.3187      35669    34.5676    34.5660     2.9071     2.9088    27.5484    27.5469   1379.939    3.40570 0.0000e+00
   1394.000     3.0063     3.0080  31.925261  31.925283     1.3314          0     0.0077 3.6735e-04 1.6939e+00 2.1687e-02    -0.0132   100.3302      35689    34.5681    34.5664     2.9072     2.9088    27.5488    27.5473   1380.926    3.39777 0.0000e+00
   1395.000     3.0065     3.0082  31.926193  31.926307     1.3301          0     0.0058 -3.310e-06 1.6939e+00 -1.954e-04    -0.0136   100.3398      35707    34.5685    34.5669     2.9073     2.9090    27.5491    27.5477   1381.913    3.39286 0.0000e+00
   1396.000     3.0065     3.0081  31.926812  31.926871     1.3290          0     0.0047 9.2590e-04 1.6939e+00 5.4661e-02    -0.0135   100.3384      35725    34.5688    34.5671     2.9072     2.9088    27.5493    27.5479   1382.901    3.39480 0.0000e+00
   1397.000     3.0065     3.0082  31.927383  31.927478     1.3282          0     0.0150 6.1215e-05 1.6939e+00 3.6138e-03    -0.0135   100.3369      35742    34.5690    34.5673     2.9071     2.9088    27.5495    27.5479   1383.888    3.38651 0.0000e+00
   1398.000     3.0061     3.0080  31.928142  31.928272     1.3267          0     0.0178 9.2875e-04 1.6939e+00 5.4830e-02    -0.0137   100.3426      35761    34.5698    34.5679     2.9067     2.9086    27.5502    27.5485   1384.875    3.37868 0.0000e+00
   1399.000     3.0049     3.0068  31.927864  31.927917     1.3253          0     0.0100 2.6591e-04 1.6939e+00 1.5698e-02    -0.0137   100.3428      35789    34.5703    34.5683     2.9054     2.9072    27.5507    27.5490   1385.863    3.37947 0.0000e+00
   1400.000     3.0038     3.0054  31.927520  31.927555     1.3230          0     0.0124 6.5752e-06 1.6939e+00 3.8817e-04    -0.0137   100.3422      35831    34.5705    34.5688     2.9042     2.9058    27.5509    27.5495   1386.850    3.37429 0.0000e+00
   1401.000     3.0009     3.0032  31.925514  31.925625     1.3214          0     0.0098 5.6619e-04 1.6939e+00 3.3425e-02    -0.0138   100.3453      35869    34.5706    34.5684     2.9013     2.9035    27.5513    27.5493   1387.837    3.37011 0.0000e+00
   1402.000     2.9986     3.0003  31.924285  31.924383     1.3206          0     0.0056 5.3720e-05 1.6939e+00 3.1714e-03    -0.0137   100.3427      35898    34.5711    34.5694     2.8989     2.9006    27.5519    27.5504   1388.825    3.37058 0.0000e+00
   1403.000     2.9974     2.9993  31.923519  31.923675     1.3199          0     0.0029 7.5624e-04 1.6939e+00 4.4645e-02    -0.0137   100.3440      35921    34.5710    34.5692     2.8976     2.8995    27.5519    27.5503   1389.812    3.37095 0.0000e+00
   1404.000     2.9953     2.9975  31.922294  31.922295     1.3195          0     0.0025 3.8476e-04 1.6939e+00 2.2715e-02    -0.0123   100.3069      35942    34.5712    34.5689     2.8954     2.8976    27.5523    27.5503   1390.799    3.37497 0.0000e+00
   1405.000     2.9931     2.9950  31.921220  31.921270     1.3195          0     0.0022 6.4608e-04 1.6939e+00 3.8142e-02    -0.0136   100.3411      35961    34.5717    34.5697     2.8932     2.8951    27.5529    27.5511   1391.787    3.37884 0.0000e+00
   1406.000     2.9928     2.9945  31.921382  31.921459     1.3194          0     0.0008 2.3147e-04 1.6939e+00 1.3665e-02    -0.0137   100.3428      35980    34.5717    34.5700     2.8928     2.8945    27.5530    27.5514   1392.774    3.37255 0.0000e+00
   1407.000     2.9922     2.9940  31.921220  31.921211     1.3187          0     0.0063 1.7004e-06 1.6939e+00 1.0038e-04    -0.0137   100.3428      35999    34.5716    34.5698     2.8922     2.8939    27.5529    27.5513   1393.761    3.36943 0.0000e+00
   1408.000     2.9912     2.9928  31.920834  31.920865     1.3187          0     0.0124 1.0000e-12 1.6939e+00 5.9036e-11    -0.0137   100.3428      36021    34.5718    34.5701     2.8911     2.8927    27.5531    27.5516   1394.749    3.37219 0.0000e+00
   1409.000     2.9904     2.9921  31.920571  31.920679     1.3182          0     0.0089 2.3438e-04 1.6939e+00 1.3837e-02    -0.0137   100.3438      36045    34.5718    34.5701     2.8902     2.8919    27.5533    27.5517   1395.736    3.37344 0.0000e+00
   1410.000     2.9887     2.9907  31.919678  31.919631     1.3182          0     0.0101 1.0204e-06 1.6939e+00 6.0237e-05    -0.0139   100.3477      36072    34.5720    34.5698     2.8884     2.8904    27.5536    27.5517   1396.723    3.37114 0.0000e+00
   1411.000     2.9879     2.9897  31.919530  31.919658     1.3176          0     0.0150 5.7657e-05 1.6939e+00 3.4038e-03    -0.0138   100.3467      36099    34.5722    34.5704     2.8875     2.8894    27.5538    27.5522   1397.710    3.37008 0.0000e+00
   1412.000     2.9865     2.9886  31.918746  31.918923     1.3174          0     0.0162 5.8214e-04 1.6939e+00 3.4367e-02    -0.0137   100.3428      36126    34.5722    34.5702     2.8861     2.8882    27.5539    27.5521   1398.698    3.36851 0.0000e+00
   1413.000     2.9837     2.9860  31.916812  31.916924     1.3168          0     0.0110 1.7349e-04 1.6939e+00 1.0242e-02    -0.0137   100.3436      36156    34.5723    34.5701     2.8832     2.8855    27.5543    27.5523   1399.685    3.36422 0.0000e+00
   1414.000     2.9817     2.9837  31.915775  31.916091     1.3164          0     0.0078 2.2340e-04 1.6939e+00 1.3189e-02    -0.0138   100.3453      36189    34.5727    34.5709     2.8812     2.8832    27.5548    27.5531   1400.672    3.36969 0.0000e+00
   1415.000     2.9805     2.9826  31.915415  31.915458     1.3159          0    -0.0005 5.8664e-04 1.6939e+00 3.4632e-02    -0.0137   100.3428      36218    34.5730    34.5709     2.8800     2.8820    27.5551    27.5533   1401.660    3.35972 0.0000e+00
   1416.000     2.9766     2.9793  31.912324  31.912502     1.3153          0    -0.0016 2.2957e-04 1.6939e+00 1.3553e-02    -0.0138   100.3464      36243    34.5729    34.5702     2.8760     2.8787    27.5554    27.5530   1402.647    3.36817 0.0000e+00
   1417.000     2.9728     2.9750  31.909993  31.909936     1.3157          0     0.0048 4.5514e-04 1.6939e+00 2.6869e-02    -0.0138   100.3454      36264    34.5736    34.5712     2.8722     2.8743    27.5563    27.5542   1403.634    3.36482 0.0000e+00
   1418.000     2.9687     2.9712  31.907114  31.907157     1.3148          0     0.0040 3.6318e-04 1.6939e+00 2.1440e-02    -0.0139   100.3494      36284    34.5740    34.5714     2.8680     2.8704    27.5570    27.5547   1404.621    3.35554 0.0000e+00
   1419.000     2.9662     2.9685  31.905469  31.905590     1.3143          0     0.0009 6.1787e-05 1.6939e+00 3.6476e-03    -0.0137   100.3429      36303    34.5741    34.5718     2.8654     2.8677    27.5573    27.5553   1405.608    3.36409 0.0000e+00
   1420.000     2.9614     2.9643  31.901700  31.901987     1.3146          0     0.0033 9.9634e-07 1.6939e+00 5.8820e-05    -0.0137   100.3441      36322    34.5742    34.5715     2.8606     2.8635    27.5578    27.5554   1406.596    3.36905 0.0000e+00
   1421.000     2.9574     2.9597  31.899370  31.899520     1.3146          0     0.0050 1.4166e-04 1.6939e+00 8.3629e-03    -0.0139   100.3467      36342    34.5750    34.5728     2.8566     2.8589    27.5589    27.5569   1407.583    3.36190 0.0000e+00
   1422.000     2.9548     2.9572  31.897857  31.897980     1.3138          0    -0.0004 3.4177e-04 1.6939e+00 2.0177e-02    -0.0138   100.3463      36363    34.5755    34.5732     2.8539     2.8563    27.5595    27.5574   1408.570    3.35745 0.0000e+00
   1423.000     2.9537     2.9558  31.897416  31.897545     1.3135          0    -0.0009 2.4980e-04 1.6939e+00 1.4747e-02    -0.0139   100.3489      36389    34.5756    34.5736     2.8528     2.8548    27.5596    27.5579   1409.557    3.36076 0.0000e+00
   1424.000     2.9524     2.9544  31.896859  31.897163     1.3128          0     0.0047 8.5686e-06 1.6939e+00 5.0586e-04    -0.0139   100.3474      36429    34.5758    34.5740     2.8514     2.8534    27.5600    27.5584   1410.544    3.35739 0.0000e+00
   1425.000     2.9503     2.9523  31.895684  31.895804     1.3122          0     0.0114 -2.618e-07 1.6939e+00 -1.545e-05    -0.0138   100.3446      36467    34.5761    34.5742     2.8492     2.8512    27.5604    27.5586   1411.532    3.36057 0.0000e+00
   1426.000     2.9503     2.9520  31.896089  31.896171     1.3123          0     0.0079 1.0000e-12 1.6939e+00 5.9036e-11    -0.0139   100.3474      36492    34.5761    34.5744     2.8491     2.8508    27.5604    27.5589   1412.519    3.35765 0.0000e+00
   1427.000     2.9501     2.9518  31.896394  31.896614     1.3117          0     0.0074 2.8056e-04 1.6939e+00 1.6563e-02    -0.0138   100.3452      36515    34.5762    34.5746     2.8489     2.8506    27.5605    27.5591   1413.506    3.35246 0.0000e+00
   1428.000     2.9495     2.9514  31.896279  31.896410     1.3117          0     0.0126 5.8621e-04 1.6939e+00 3.4608e-02    -0.0137   100.3428      36537    34.5761    34.5743     2.8482     2.8501    27.5605    27.5589   1414.493    3.35974 0.0000e+00
   1429.000     2.9482     2.9501  31.895644  31.895740     1.3116          0     0.0103 3.0219e-03 1.6939e+00 1.7840e-01    -0.0138   100.3453      36558    34.5763    34.5743     2.8468     2.8487    27.5608    27.5590   1415.480    3.35727 0.0000e+00
   1430.000     2.9472     2.9490  31.895310  31.895396     1.3111          0     0.0112 8.1158e-04 1.6939e+00 4.7912e-02    -0.0137   100.3441      36578    34.5765    34.5746     2.8457     2.8475    27.5610    27.5594   1416.468    3.35123 0.0000e+00
   1431.000     2.9462     2.9480  31.894820  31.894981     1.3108          0     0.0111 3.6648e-04 1.6939e+00 2.1635e-02    -0.0139   100.3479      36599    34.5764    34.5747     2.8447     2.8465    27.5610    27.5595   1417.455    3.35610 0.0000e+00
   1432.000     2.9450     2.9468  31.894383  31.894565     1.3106          0     0.0073 1.0219e-03 1.6939e+00 6.0326e-02    -0.0139   100.3476      36621    34.5767    34.5750     2.8434     2.8452    27.5614    27.5598   1418.442    3.35419 0.0000e+00
   1433.000     2.9443     2.9463  31.894139  31.894291     1.3107          0     0.0047 1.5325e-03 1.6939e+00 9.0473e-02    -0.0139   100.3472      36644    34.5766    34.5747     2.8426     2.8446    27.5614    27.5596   1419.429    3.35905 0.0000e+00
   1434.000     2.9416     2.9439  31.892557  31.892686     1.3104          0     0.0038 6.4965e-04 1.6939e+00 3.8352e-02    -0.0137   100.3429      36668    34.5770    34.5747     2.8399     2.8422    27.5619    27.5599   1420.416    3.35521 0.0000e+00
   1435.000     2.9398     2.9419  31.891611  31.891796     1.3100          0     0.0103 2.9249e-04 1.6939e+00 1.7267e-02    -0.0138   100.3465      36695    34.5772    34.5753     2.8380     2.8401    27.5623    27.5606   1421.404    3.35305 0.0000e+00
   1436.000     2.9386     2.9406  31.890988  31.891115     1.3099          0     0.0156 7.1795e-04 1.6939e+00 4.2385e-02    -0.0140   100.3496      36725    34.5773    34.5754     2.8367     2.8387    27.5625    27.5607   1422.391    3.35488 0.0000e+00
   1437.000     2.9371     2.9390  31.890245  31.890391     1.3096          0     0.0147 5.6224e-06 1.6939e+00 3.3192e-04    -0.0141   100.3528      36755    34.5775    34.5756     2.8352     2.8371    27.5627    27.5611   1423.378    3.35360 0.0000e+00
   1438.000     2.9351     2.9373  31.888958  31.889105     1.3092          0     0.0158 7.3864e-05 1.6939e+00 4.3606e-03    -0.0141   100.3523      36784    34.5775    34.5754     2.8331     2.8353    27.5630    27.5611   1424.365    3.35306 0.0000e+00
   1439.000     2.9324     2.9345  31.887377  31.887548     1.3092          0     0.0032 1.1589e-03 1.6939e+00 6.8417e-02    -0.0139   100.3476      36811    34.5780    34.5759     2.8304     2.8325    27.5636    27.5618   1425.352    3.34957 0.0000e+00
   1440.000     2.9319     2.9336  31.887431  31.887487     1.3082          0    -0.0014 9.7128e-05 1.6939e+00 5.7341e-03    -0.0138   100.3449      36837    34.5781    34.5763     2.8298     2.8315    27.5637    27.5622   1426.339    3.34215 0.0000e+00
   1441.000     2.9318     2.9335  31.887811  31.887947     1.3079          0    -0.0008 1.1878e-04 1.6939e+00 7.0124e-03    -0.0139   100.3491      36860    34.5781    34.5765     2.8296     2.8313    27.5637    27.5623   1427.326    3.35062 0.0000e+00
   1442.000     2.9317     2.9333  31.888172  31.888304     1.3081          0    -0.0026 2.9420e-05 1.6939e+00 1.7368e-03    -0.0137   100.3427      36880    34.5782    34.5766     2.8294     2.8310    27.5638    27.5624   1428.314    3.35358 0.0000e+00
   1443.000     2.9315     2.9332  31.888361  31.888581     1.3077          0     0.0001 2.1272e-04 1.6939e+00 1.2558e-02    -0.0140   100.3495      36900    34.5782    34.5766     2.8291     2.8308    27.5638    27.5624   1429.301    3.34729 0.0000e+00
   1444.000     2.9313     2.9329  31.888697  31.888790     1.3076          0     0.0053 3.9323e-04 1.6939e+00 2.3215e-02    -0.0140   100.3516      36920    34.5782    34.5766     2.8289     2.8305    27.5639    27.5625   1430.288    3.34924 0.0000e+00
   1445.000     2.9308     2.9326  31.888664  31.888738     1.3075          0     0.0013 9.0858e-06 1.6939e+00 5.3639e-04    -0.0140   100.3520      36942    34.5783    34.5764     2.8283     2.8301    27.5640    27.5623   1431.275    3.35278 0.0000e+00
   1446.000     2.9304     2.9322  31.888761  31.888909     1.3076          0     0.0068 9.0708e-05 1.6939e+00 5.3550e-03    -0.0138   100.3459      36967    34.5783    34.5765     2.8278     2.8296    27.5641    27.5625   1432.262    3.35127 0.0000e+00
   1447.000     2.9298     2.9317  31.888681  31.888838     1.3070          0     0.0104 1.8558e-05 1.6939e+00 1.0956e-03    -0.0140   100.3503      36994    34.5783    34.5765     2.8271     2.8290    27.5641    27.5625   1433.249    3.34324 0.0000e+00
   1448.000     2.9291     2.9310  31.888629  31.888745     1.3067          0     0.0180 3.5047e-07 1.6939e+00 2.0690e-05    -0.0140   100.3499      37023    34.5785    34.5766     2.8264     2.8282    27.5643    27.5627   1434.236    3.34823 0.0000e+00
   1449.000     2.9287     2.9306  31.888736  31.888961     1.3068          0     0.0152 7.9323e-04 1.6939e+00 4.6829e-02    -0.0140   100.3513      37054    34.5785    34.5768     2.8259     2.8278    27.5644    27.5629   1435.223    3.34897 0.0000e+00
   1450.000     2.9262     2.9286  31.886820  31.887073     1.3058          0     0.0120 1.1102e-03 1.6939e+00 6.5539e-02    -0.0139   100.3484      37084    34.5783    34.5761     2.8233     2.8257    27.5645    27.5625   1436.210    3.33847 0.0000e+00
   1451.000     2.9142     2.9184  31.876658  31.876525     1.3058          0     0.0071 6.8542e-04 1.6939e+00 4.0465e-02    -0.0139   100.3481      37110    34.5783    34.5737     2.8113     2.8155    27.5655    27.5615   1437.197    3.34682 0.0000e+00
   1452.000     2.9073     2.9087  31.873215  31.873214     1.3054          0     0.0120 1.7016e-03 1.6939e+00 1.0045e-01    -0.0138   100.3452      37134    34.5809    34.5795     2.8045     2.8059    27.5682    27.5669   1438.185    3.34205 0.0000e+00
