Data/raw_excel/lovbio075b/CTD/out_c_067.cnv
* Sea-Bird SBE 9 Data File:
* FileName = C:\OUTPACE_CTD_Classik_DATA\out_c_067.hex
* Software Version Seasave V 7.23.1
* Temperature SN = 0970
* Conductivity SN = 0606
* Number of Bytes Per Scan = 40
* Number of Voltage Words = 5
* Number of Scans Averaged by the Deck Unit = 1
* NMEA Latitude = 19 13.40 S
* NMEA Longitude = 164 34.72 E
* NMEA UTC (Time) = Mar 02 2015  16:10:10
* NMEA baud rate = 4800
# nquan = 23
# nvalues = 3997                        
# units = specified
# name 0 = prDM: Pressure, Digiquartz [db]
# name 1 = t090C: Temperature [ITS-90, deg C]
# name 2 = t190C: Temperature, 2 [ITS-90, deg C]
# name 3 = c0mS/cm: Conductivity [mS/cm]
# name 4 = c1mS/cm: Conductivity, 2 [mS/cm]
# name 5 = sbeox0V: Oxygen raw, SBE 43 [V]
# name 6 = modError: Modulo Error Count
# name 7 = flC: Fluorescence, Chelsea Aqua 3 Chl Con [ug/l]
# name 8 = par: PAR/Irradiance, Biospherical/Licor
# name 9 = spar: SPAR/Surface Irradiance
# name 10 = cpar: CPAR/Corrected Irradiance [%]
# name 11 = CStarAt0: Beam Attenuation, WET Labs C-Star [1/m]
# name 12 = CStarTr0: Beam Transmission, WET Labs C-Star [%]
# name 13 = scan: Scan Count
# name 14 = sal00: Salinity, Practical [PSU]
# name 15 = sal11: Salinity, Practical, 2 [PSU]
# name 16 = potemp090C: Potential Temperature [ITS-90, deg C]
# name 17 = potemp190C: Potential Temperature, 2 [ITS-90, deg C]
# name 18 = sigma-é00: Density [sigma-theta, kg/m^3]
# name 19 = sigma-é11: Density, 2 [sigma-theta, kg/m^3]
# name 20 = depSM: Depth [salt water, m], lat = -19.2233
# name 21 = sbeox0ML/L: Oxygen, SBE 43 [ml/l], WS = 2
# name 22 = flag: flag
# span 0 =      5.000,   2003.000       
# span 1 =     2.2974,    29.6581       
# span 2 =     2.2988,    29.6580       
# span 3 =  31.607130,  57.906729       
# span 4 =  31.607364,  57.906519       
# span 5 =     1.2252,     2.6771       
# span 6 =          0,          0       
# span 7 =    -0.0150,     0.3173       
# span 8 = -1.753e-05, 2.9003e-01       
# span 9 = 1.6939e+00, 1.6939e+00       
# span 10 = -1.035e-03, 1.7122e+01      
# span 11 =    -0.0147,     0.4340      
# span 12 =    89.7177,   100.3703      
# span 13 =        320,     141003      
# span 14 =    34.3808,    35.7875      
# span 15 =    34.3672,    35.8069      
# span 16 =     2.1562,    29.6567      
# span 17 =     2.1575,    29.6566      
# span 18 =    21.7984,    27.6729      
# span 19 =    21.7982,    27.6722      
# span 20 =      4.970,   1981.369      
# span 21 =    3.26177,    4.63200      
# span 22 = 0.0000e+00, 0.0000e+00      
# interval = decibars: 1                
# start_time = Mar 02 2015 16:10:10 [NMEA time, header]
# bad_flag = -9.990e-29
*END*
[from data line 3276]
    725.000     6.0464     6.0472  34.194172  34.195544     1.7504          0     0.0169 7.2063e-06 1.6939e+00 4.2543e-04    -0.0104   100.2606     108047    34.3951    34.3958     5.9818     5.9826    27.0769    27.0774    719.346    4.38764 0.0000e+00
    724.000     6.0604     6.0541  34.207979  34.196413     1.7526          0     0.0162 1.7475e-04 1.6939e+00 1.0317e-02    -0.0104   100.2610     108079    34.3969    34.3903     5.9958     5.9895    27.0766    27.0722    718.356    4.39250 0.0000e+00
    723.000     6.0848     6.0670  34.229320  34.223366     1.7542          0     0.0111 6.4886e-06 1.6939e+00 3.8306e-04    -0.0102   100.2544     108112    34.3966    34.4079     6.0202     6.0025    27.0733    27.0845    717.365    4.39198 0.0000e+00
    722.000     6.1028     6.0951  34.247039  34.235040     1.7549          0     0.0093 2.3927e-08 1.6939e+00 1.4126e-06    -0.0101   100.2531     108139    34.3988    34.3932     6.0382     6.0305    27.0728    27.0693    716.375    4.38528 0.0000e+00
    721.000     6.1147     6.0964  34.254780  34.238257     1.7554          0     0.0114 1.0000e-12 1.6939e+00 5.9036e-11    -0.0102   100.2556     108172    34.3960    34.3960     6.0501     6.0318    27.0690    27.0713    715.384    4.38571 0.0000e+00
    720.000     6.0896     6.1050  34.230349  34.244911     1.7573          0     0.0118 3.2760e-06 1.6939e+00 1.9340e-04    -0.0103   100.2567     108230    34.3944    34.3952     6.0252     6.0406    27.0709    27.0696    714.394    4.40176 0.0000e+00
    719.000     6.1231     6.1189  34.264513  34.263204     1.7600          0     0.0125 3.7507e-04 1.6939e+00 2.2143e-02    -0.0100   100.2512     108284    34.3994    34.4022     6.0586     6.0544    27.0706    27.0734    713.403    4.40385 0.0000e+00
    718.000     6.1397     6.1417  34.278637  34.282821     1.7612          0     0.0181 2.4688e-04 1.6939e+00 1.4575e-02    -0.0102   100.2550     108321    34.3990    34.4016     6.0752     6.0772    27.0681    27.0700    712.413    4.40266 0.0000e+00
    717.000     6.1778     6.1640  34.311853  34.299646     1.7617          0     0.0115 1.5737e-04 1.6939e+00 9.2905e-03    -0.0101   100.2512     108354    34.3981    34.3984     6.1132     6.0995    27.0626    27.0646    711.422    4.39793 0.0000e+00
    716.000     6.1845     6.1713  34.315539  34.301561     1.7625          0     0.0100 1.6656e-05 1.6939e+00 9.8329e-04    -0.0101   100.2529     108390    34.3960    34.3937     6.1200     6.1068    27.0600    27.0600    710.432    4.40043 0.0000e+00
    715.000     6.1704     6.1726  34.303640  34.306714     1.7644          0     0.0128 8.9702e-05 1.6939e+00 5.2955e-03    -0.0097   100.2427     108452    34.3974    34.3986     6.1061     6.1083    27.0629    27.0636    709.441    4.41325 0.0000e+00
    714.000     6.1806     6.1995  34.312457  34.331494     1.7678          0     0.0107 7.7982e-05 1.6939e+00 4.6037e-03    -0.0098   100.2450     108519    34.3974    34.3997     6.1163     6.1351    27.0617    27.0610    708.451    4.42501 0.0000e+00
    713.000     6.2059     6.2186  34.333728  34.343047     1.7706          0     0.0057 1.4836e-04 1.6939e+00 8.7582e-03    -0.0096   100.2400     108594    34.3963    34.3939     6.1415     6.1541    27.0575    27.0540    707.460    4.42451 0.0000e+00
    712.000     6.2229     6.2171  34.349122  34.341176     1.7716          0     0.0094 1.2827e-04 1.6939e+00 7.5724e-03    -0.0097   100.2421     108639    34.3968    34.3937     6.1585     6.1528    27.0558    27.0541    706.469    4.42864 0.0000e+00
    711.000     6.2209     6.2161  34.347112  34.347195     1.7739          0     0.0175 2.4770e-04 1.6939e+00 1.4623e-02    -0.0097   100.2418     108707    34.3971    34.4020     6.1566     6.1518    27.0562    27.0607    705.479    4.43537 0.0000e+00
    710.000     6.2437     6.2573  34.368046  34.377384     1.7750          0     0.0148 9.7774e-05 1.6939e+00 5.7721e-03    -0.0096   100.2392     108755    34.3980    34.3947     6.1794     6.1929    27.0540    27.0497    704.488    4.43402 0.0000e+00
    709.000     6.2667     6.2554  34.386934  34.376299     1.7755          0     0.0115 1.8228e-05 1.6939e+00 1.0761e-03    -0.0095   100.2376     108806    34.3964    34.3958     6.2024     6.1912    27.0498    27.0508    703.498    4.43326 0.0000e+00
    708.000     6.2607     6.2664  34.383573  34.392396     1.7782          0     0.0145 -1.310e-06 1.6939e+00 -7.736e-05    -0.0095   100.2360     108881    34.3991    34.4032     6.1965     6.2022    27.0527    27.0552    702.507    4.44350 0.0000e+00
    707.000     6.2858     6.3008  34.406031  34.418555     1.7788          0     0.0091 6.1040e-05 1.6939e+00 3.6034e-03    -0.0095   100.2375     108916    34.3994    34.3983     6.2216     6.2366    27.0497    27.0468    701.517    4.44275 0.0000e+00
    706.000     6.3290     6.3203  34.446634  34.438024     1.7796          0     0.0113 3.1835e-06 1.6939e+00 1.8794e-04    -0.0095   100.2373     108952    34.4016    34.4008     6.2647     6.2560    27.0459    27.0464    700.526    4.43838 0.0000e+00
    705.000     6.3222     6.3222  34.435828  34.437502     1.7807          0     0.0128 1.0000e-12 1.6939e+00 5.9036e-11    -0.0094   100.2355     109011    34.3970    34.3988     6.2580     6.2580    27.0430    27.0445    699.536    4.44515 0.0000e+00
    704.000     6.3439     6.3378  34.460300  34.455393     1.7833          0     0.0111 1.0000e-12 1.6939e+00 5.9036e-11    -0.0095   100.2367     109065    34.4029    34.4036     6.2797     6.2736    27.0449    27.0462    698.545    4.45196 0.0000e+00
    703.000     6.3568     6.3520  34.470354  34.464340     1.7836          0     0.0121 1.0000e-12 1.6939e+00 5.9036e-11    -0.0093   100.2308     109104    34.4016    34.3997     6.2926     6.2878    27.0422    27.0414    697.554    4.44442 0.0000e+00
    702.000     6.3919     6.3714  34.502511  34.484339     1.7841          0     0.0094 1.0000e-12 1.6939e+00 5.9036e-11    -0.0094   100.2349     109148    34.4026    34.4030     6.3276     6.3072    27.0384    27.0414    696.564    4.44234 0.0000e+00
    701.000     6.3766     6.3841  34.485198  34.494943     1.7857          0     0.0092 1.0000e-12 1.6939e+00 5.9036e-11    -0.0093   100.2324     109201    34.3992    34.4025     6.3125     6.3199    27.0377    27.0394    695.573    4.45570 0.0000e+00
    700.000     6.3749     6.4132  34.486465  34.522346     1.7886          0     0.0164 1.0000e-12 1.6939e+00 5.9036e-11    -0.0094   100.2334     109269    34.4027    34.4042     6.3109     6.3490    27.0407    27.0369    694.583    4.46725 0.0000e+00
    699.000     6.4076     6.4192  34.516794  34.526508     1.7899          0     0.0166 1.0000e-12 1.6939e+00 5.9036e-11    -0.0095   100.2360     109310    34.4041    34.4033     6.3435     6.3550    27.0376    27.0354    693.592    4.46022 0.0000e+00
    698.000     6.4499     6.4403  34.555821  34.548704     1.7904          0     0.0173 1.0000e-12 1.6939e+00 5.9036e-11    -0.0094   100.2332     109344    34.4055    34.4072     6.3857     6.3761    27.0331    27.0357    692.601    4.45521 0.0000e+00
    697.000     6.4480     6.4402  34.550023  34.543734     1.7903          0     0.0182 1.0000e-12 1.6939e+00 5.9036e-11    -0.0089   100.2227     109388    34.4014    34.4023     6.3839     6.3761    27.0301    27.0319    691.611    4.45222 0.0000e+00
    696.000     6.4355     6.4694  34.541745  34.573605     1.7916          0     0.0156 1.0000e-12 1.6939e+00 5.9036e-11    -0.0092   100.2290     109445    34.4052    34.4066     6.3716     6.4053    27.0348    27.0314    690.620    4.46854 0.0000e+00
    695.000     6.4656     6.4746  34.567568  34.570798     1.7944          0     0.0159 5.9319e-05 1.6939e+00 3.5020e-03    -0.0090   100.2259     109504    34.4042    34.3988     6.4016     6.4105    27.0300    27.0246    689.630    4.47284 0.0000e+00
    694.000     6.4905     6.4907  34.593069  34.592389     1.7957          0     0.0135 2.5713e-05 1.6939e+00 1.5179e-03    -0.0088   100.2207     109552    34.4080    34.4071     6.4264     6.4266    27.0298    27.0290    688.639    4.46585 0.0000e+00
    693.000     6.5228     6.5042  34.620911  34.602539     1.7962          0     0.0138 7.6951e-07 1.6939e+00 4.5427e-05    -0.0087   100.2181     109592    34.4069    34.4052     6.4587     6.4402    27.0247    27.0258    687.648    4.46763 0.0000e+00
    692.000     6.5060     6.5104  34.606017  34.609031     1.7973          0     0.0141 1.0000e-12 1.6939e+00 5.9036e-11    -0.0087   100.2175     109642    34.4078    34.4068     6.4421     6.4464    27.0275    27.0261    686.658    4.47299 0.0000e+00
    691.000     6.5293     6.5384  34.625321  34.632804     1.7985          0     0.0232 1.0000e-12 1.6939e+00 5.9036e-11    -0.0087   100.2188     109690    34.4063    34.4055     6.4653     6.4744    27.0233    27.0215    685.667    4.47107 0.0000e+00
    690.000     6.5355     6.5337  34.632558  34.635078     1.7990          0     0.0123 1.0000e-12 1.6939e+00 5.9036e-11    -0.0085   100.2130     109740    34.4086    34.4132     6.4716     6.4698    27.0242    27.0281    684.676    4.47085 0.0000e+00
    689.000     6.5575     6.5608  34.651372  34.653961     1.7995          0     0.0119 1.0000e-12 1.6939e+00 5.9036e-11    -0.0086   100.2147     109779    34.4079    34.4074     6.4936     6.4969    27.0208    27.0200    683.686    4.47470 0.0000e+00
    688.000     6.5553     6.5603  34.649580  34.654033     1.8015          0     0.0150 1.0000e-12 1.6939e+00 5.9036e-11    -0.0085   100.2131     109840    34.4085    34.4085     6.4915     6.4964    27.0216    27.0209    682.695    4.48048 0.0000e+00
    687.000     6.5900     6.5976  34.682726  34.691739     1.8027          0     0.0165 1.0000e-12 1.6939e+00 5.9036e-11    -0.0087   100.2165     109897    34.4109    34.4134     6.5262     6.5336    27.0189    27.0198    681.705    4.47863 0.0000e+00
    686.000     6.5992     6.6041  34.692033  34.697306     1.8036          0     0.0135 1.0000e-12 1.6939e+00 5.9036e-11    -0.0084   100.2118     109947    34.4125    34.4134     6.5354     6.5403    27.0189    27.0190    680.714    4.47644 0.0000e+00
    685.000     6.6402     6.6336  34.728950  34.723496     1.8038          0     0.0079 1.0000e-12 1.6939e+00 5.9036e-11    -0.0084   100.2110     109984    34.4128    34.4134     6.5762     6.5697    27.0137    27.0150    679.723    4.47434 0.0000e+00
    684.000     6.6467     6.6426  34.734643  34.732109     1.8047          0     0.0090 1.0000e-12 1.6939e+00 5.9036e-11    -0.0084   100.2102     110014    34.4130    34.4143     6.5828     6.5787    27.0130    27.0146    678.733    4.47995 0.0000e+00
    683.000     6.6412     6.6435  34.727949  34.729963     1.8054          0     0.0094 1.0000e-12 1.6939e+00 5.9036e-11    -0.0085   100.2123     110055    34.4117    34.4115     6.5774     6.5798    27.0126    27.0122    677.742    4.47807 0.0000e+00
    682.000     6.6377     6.6416  34.724278  34.726523     1.8065          0     0.0143 1.0000e-12 1.6939e+00 5.9036e-11    -0.0084   100.2104     110134    34.4115    34.4102     6.5741     6.5779    27.0130    27.0114    676.751    4.48187 0.0000e+00
    681.000     6.6467     6.6519  34.733457  34.738163     1.8067          0     0.0091 1.0000e-12 1.6939e+00 5.9036e-11    -0.0081   100.2039     110197    34.4132    34.4131     6.5831     6.5883    27.0131    27.0123    675.761    4.47494 0.0000e+00
    680.000     6.6516     6.6534  34.737144  34.739030     1.8066          0     0.0109 1.0000e-12 1.6939e+00 5.9036e-11    -0.0081   100.2040     110234    34.4128    34.4131     6.5881     6.5899    27.0121    27.0121    674.770    4.47687 0.0000e+00
    679.000     6.6599     6.6595  34.744059  34.743318     1.8066          0     0.0117 1.0000e-12 1.6939e+00 5.9036e-11    -0.0084   100.2102     110267    34.4126    34.4123     6.5964     6.5960    27.0109    27.0106    673.779    4.48012 0.0000e+00
    678.000     6.6628     6.6602  34.746650  34.743440     1.8075          0     0.0125 1.0000e-12 1.6939e+00 5.9036e-11    -0.0084   100.2102     110299    34.4131    34.4121     6.5994     6.5969    27.0108    27.0104    672.788    4.48171 0.0000e+00
    677.000     6.6627     6.6643  34.745300  34.747467     1.8083          0     0.0115 1.0000e-12 1.6939e+00 5.9036e-11    -0.0083   100.2068     110338    34.4122    34.4130     6.5994     6.6010    27.0101    27.0105    671.798    4.48092 0.0000e+00
    676.000     6.6624     6.6688  34.745078  34.750517     1.8089          0     0.0133 1.0000e-12 1.6939e+00 5.9036e-11    -0.0081   100.2022     110395    34.4127    34.4123     6.5992     6.6056    27.0106    27.0094    670.807    4.48706 0.0000e+00
    675.000     6.6695     6.6781  34.751882  34.760291     1.8104          0     0.0088 1.0000e-12 1.6939e+00 5.9036e-11    -0.0084   100.2096     110446    34.4136    34.4143     6.6064     6.6149    27.0103    27.0097    669.816    4.49106 0.0000e+00
    674.000     6.6866     6.6820  34.771119  34.767271     1.8120          0     0.0090 1.0000e-12 1.6939e+00 5.9036e-11    -0.0083   100.2081     110489    34.4182    34.4186     6.6235     6.6188    27.0116    27.0126    668.826    4.49612 0.0000e+00
    673.000     6.7334     6.7185  34.814164  34.808381     1.8130          0     0.0102 1.0000e-12 1.6939e+00 5.9036e-11    -0.0079   100.1988     110521    34.4193    34.4279     6.6702     6.6553    27.0063    27.0150    667.835    4.48851 0.0000e+00
    672.000     6.7694     6.7666  34.848541  34.846303     1.8131          0     0.0149 1.0000e-12 1.6939e+00 5.9036e-11    -0.0082   100.2049     110547    34.4218    34.4221     6.7060     6.7033    27.0034    27.0040    666.844    4.48399 0.0000e+00
    671.000     6.7843     6.7700  34.859266  34.845631     1.8137          0     0.0152 1.0000e-12 1.6939e+00 5.9036e-11    -0.0081   100.2043     110573    34.4192    34.4184     6.7209     6.7068    26.9993    27.0006    665.853    4.48389 0.0000e+00
    670.000     6.7900     6.7673  34.863735  34.835682     1.8142          0     0.0160 1.0000e-12 1.6939e+00 5.9036e-11    -0.0080   100.2009     110603    34.4188    34.4107     6.7268     6.7042    26.9983    26.9948    664.863    4.48628 0.0000e+00
    669.000     6.7640     6.7578  34.837750  34.834767     1.8149          0     0.0222 1.0000e-12 1.6939e+00 5.9036e-11    -0.0078   100.1964     110643    34.4167    34.4196     6.7010     6.6948    27.0001    27.0032    663.872    4.49063 0.0000e+00
    668.000     6.7819     6.7925  34.856752  34.871615     1.8160          0     0.0124 1.0000e-12 1.6939e+00 5.9036e-11    -0.0082   100.2052     110693    34.4202    34.4260     6.7189     6.7295    27.0004    27.0035    662.881    4.48992 0.0000e+00
    667.000     6.8032     6.8162  34.878077  34.888316     1.8162          0     0.0100 1.0000e-12 1.6939e+00 5.9036e-11    -0.0079   100.1978     110748    34.4229    34.4212     6.7401     6.7531    26.9997    26.9965    661.890    4.48645 0.0000e+00
    666.000     6.8212     6.8212  34.893716  34.892244     1.8168          0     0.0096 1.0000e-12 1.6939e+00 5.9036e-11    -0.0077   100.1940     110789    34.4226    34.4210     6.7582     6.7582    26.9970    26.9957    660.900    4.48704 0.0000e+00
    665.000     6.8394     6.8307  34.911371  34.905148     1.8170          0     0.0093 1.0000e-12 1.6939e+00 5.9036e-11    -0.0077   100.1925     110817    34.4243    34.4262     6.7764     6.7677    26.9959    26.9985    659.909    4.48367 0.0000e+00
    664.000     6.8569     6.8444  34.927395  34.917049     1.8169          0     0.0053 1.0000e-12 1.6939e+00 5.9036e-11    -0.0074   100.1860     110840    34.4250    34.4261     6.7939     6.7815    26.9940    26.9966    658.918    4.47664 0.0000e+00
