Data/raw_excel/lovbio075b/CTD/out_c_067.cnv
* Sea-Bird SBE 9 Data File:
* FileName = C:\OUTPACE_CTD_Classik_DATA\out_c_067.hex
* Software Version Seasave V 7.23.1
* Temperature SN = 0970
* Conductivity SN = 0606
* Number of Bytes Per Scan = 40
* Number of Voltage Words = 5
* Number of Scans Averaged by the Deck Unit = 1
* NMEA Latitude = 19 13.40 S
* NMEA Longitude = 164 34.72 E
* NMEA UTC (Time) = Mar 02 2015  16:10:10
* NMEA baud rate = 4800
# nquan = 23
# nvalues = 3997                        
# units = specified
# name 0 = prDM: Pressure, Digiquartz [db]
# name 1 = t090C: Temperature [ITS-90, deg C]
# name 2 = t190C: Temperature, 2 [ITS-90, deg C]
# name 3 = c0mS/cm: Conductivity [mS/cm]
# name 4 = c1mS/cm: Conductivity, 2 [mS/cm]
# name 5 = sbeox0V: Oxygen raw, SBE 43 [V]
# name 6 = modError: Modulo Error Count
# name 7 = flC: Fluorescence, Chelsea Aqua 3 Chl Con [ug/l]
# name 8 = par: PAR/Irradiance, Biospherical/Licor
# name 9 = spar: SPAR/Surface Irradiance
# name 10 = cpar: CPAR/Corrected Irradiance [%]
# name 11 = CStarAt0: Beam Attenuation, WET Labs C-Star [1/m]
# name 12 = CStarTr0: Beam Transmission, WET Labs C-Star [%]
# name 13 = scan: Scan Count
# name 14 = sal00: Salinity, Practical [PSU]
# name 15 = sal11: Salinity, Practical, 2 [PSU]
# name 16 = potemp090C: Potential Temperature [ITS-90, deg C]
# name 17 = potemp190C: Potential Temperature, 2 [ITS-90, deg C]
# name 18 = sigma-é00: Density [sigma-theta, kg/m^3]
# name 19 = sigma-é11: Density, 2 [sigma-theta, kg/m^3]
# name 20 = depSM: Depth [salt water, m], lat = -19.2233
# name 21 = sbeox0ML/L: Oxygen, SBE 43 [ml/l], WS = 2
# name 22 = flag: flag
# span 0 =      5.000,   2003.000       
# span 1 =     2.2974,    29.6581       
# span 2 =     2.2988,    29.6580       
# span 3 =  31.607130,  57.906729       
# span 4 =  31.607364,  57.906519       
# span 5 =     1.2252,     2.6771       
# span 6 =          0,          0       
# span 7 =    -0.0150,     0.3173       
# span 8 = -1.753e-05, 2.9003e-01       
# span 9 = 1.6939e+00, 1.6939e+00       
# span 10 = -1.035e-03, 1.7122e+01      
# span 11 =    -0.0147,     0.4340      
# span 12 =    89.7177,   100.3703      
# span 13 =        320,     141003      
# span 14 =    34.3808,    35.7875      
# span 15 =    34.3672,    35.8069      
# span 16 =     2.1562,    29.6567      
# span 17 =     2.1575,    29.6566      
# span 18 =    21.7984,    27.6729      
# span 19 =    21.7982,    27.6722      
# span 20 =      4.970,   1981.369      
# span 21 =    3.26177,    4.63200      
# span 22 = 0.0000e+00, 0.0000e+00      
# interval = decibars: 1                
# start_time = Mar 02 2015 16:10:10 [NMEA time, header]
# bad_flag = -9.990e-29
*END*
[from data line 3780]
    221.000    21.3850    21.3337  50.414664  50.385471     2.0172          0     0.0259 1.0000e-12 1.6939e+00 5.9036e-11     0.2715    93.4381     132677    35.7875    35.8069    21.3419    21.2907    24.9997    25.0286    219.543    3.61132 0.0000e+00
    220.000    21.5376    21.4944  50.554783  50.539749     2.0184          0     0.0274 1.0000e-12 1.6939e+00 5.9036e-11     0.2720    93.4261     132697    35.7725    35.7965    21.4945    21.4514    24.9461    24.9763    218.550    3.60048 0.0000e+00
    219.000    21.5847    21.5739  50.602797  50.597782     2.0182          0     0.0223 1.0000e-12 1.6939e+00 5.9036e-11     0.2730    93.4030     132717    35.7720    35.7769    21.5417    21.5310    24.9326    24.9393    217.557    3.59554 0.0000e+00
    218.000    21.6292    21.6023  50.644756  50.619269     2.0197          0     0.0189 1.0000e-12 1.6939e+00 5.9036e-11     0.2730    93.4013     132740    35.7687    35.7707    21.5864    21.5596    24.9177    24.9267    216.564    3.60160 0.0000e+00
    217.000    21.6389    21.6204  50.653287  50.633328     2.0226          0     0.0186 1.0000e-12 1.6939e+00 5.9036e-11     0.2744    93.3685     132768    35.7677    35.7672    21.5963    21.5778    24.9142    24.9189    215.571    3.60654 0.0000e+00
    216.000    21.6567    21.6444  50.671444  50.663575     2.0244          0     0.0185 1.0000e-12 1.6939e+00 5.9036e-11     0.2739    93.3811     132795    35.7678    35.7717    21.6142    21.6020    24.9093    24.9157    214.578    3.60955 0.0000e+00
    215.000    21.6752    21.6689  50.687216  50.682649     2.0263          0     0.0158 1.0000e-12 1.6939e+00 5.9036e-11     0.2743    93.3734     132819    35.7652    35.7669    21.6330    21.6266    24.9021    24.9051    213.585    3.60777 0.0000e+00
    214.000    21.6847    21.6795  50.695305  50.689639     2.0256          0     0.0096 1.0000e-12 1.6939e+00 5.9036e-11     0.2746    93.3674     132840    35.7641    35.7640    21.6426    21.6374    24.8986    24.8999    212.592    3.60085 0.0000e+00
    213.000    21.6857    21.6865  50.695629  50.695648     2.0242          0     0.0075 1.0000e-12 1.6939e+00 5.9036e-11     0.2755    93.3447     132861    35.7639    35.7633    21.6438    21.6446    24.8981    24.8974    211.600    3.59442 0.0000e+00
    212.000    21.6873    21.6897  50.696664  50.696279     2.0228          0     0.0129 1.0000e-12 1.6939e+00 5.9036e-11     0.2755    93.3454     132883    35.7638    35.7615    21.6456    21.6480    24.8975    24.8951    210.607    3.59660 0.0000e+00
    211.000    21.6949    21.6934  50.702958  50.700460     2.0242          0     0.0190 1.0000e-12 1.6939e+00 5.9036e-11     0.2756    93.3411     132907    35.7628    35.7620    21.6533    21.6519    24.8946    24.8944    209.614    3.60157 0.0000e+00
    210.000    21.6999    21.6986  50.707003  50.703874     2.0250          0     0.0241 1.0000e-12 1.6939e+00 5.9036e-11     0.2763    93.3259     132932    35.7622    35.7608    21.6586    21.6573    24.8927    24.8920    208.621    3.60168 0.0000e+00
    209.000    21.7034    21.7021  50.709880  50.706932     2.0256          0     0.0222 1.0000e-12 1.6939e+00 5.9036e-11     0.2769    93.3108     132960    35.7619    35.7607    21.6623    21.6610    24.8914    24.8908    207.628    3.60324 0.0000e+00
    208.000    21.7106    21.7059  50.716590  50.709469     2.0274          0     0.0157 1.0000e-12 1.6939e+00 5.9036e-11     0.2778    93.2922     132988    35.7616    35.7599    21.6697    21.6649    24.8891    24.8892    206.635    3.61158 0.0000e+00
    207.000    21.7212    21.7161  50.726656  50.721379     2.0313          0     0.0187 1.0000e-12 1.6939e+00 5.9036e-11     0.2780    93.2862     133022    35.7612    35.7612    21.6804    21.6754    24.8858    24.8872    205.642    3.61618 0.0000e+00
    206.000    21.7543    21.7382  50.763002  50.743290     2.0327          0     0.0189 1.0000e-12 1.6939e+00 5.9036e-11     0.2790    93.2633     133057    35.7629    35.7606    21.7137    21.6976    24.8778    24.8806    204.649    3.61684 0.0000e+00
    205.000    21.8076    21.7689  50.811662  50.776507     2.0343          0     0.0198 1.0000e-12 1.6939e+00 5.9036e-11     0.2796    93.2483     133088    35.7577    35.7619    21.7671    21.7284    24.8589    24.8730    203.656    3.61984 0.0000e+00
    204.000    21.8601    21.7797  50.868008  50.790751     2.0377          0     0.0215 1.0000e-12 1.6939e+00 5.9036e-11     0.2809    93.2172     133128    35.7592    35.7645    21.8197    21.7395    24.8454    24.8719    202.663    3.61915 0.0000e+00
    203.000    21.9032    21.9095  50.912611  50.917823     2.0422          0     0.0262 1.0000e-12 1.6939e+00 5.9036e-11     0.2814    93.2072     133165    35.7591    35.7580    21.8630    21.8693    24.8332    24.8306    201.670    3.64100 0.0000e+00
    202.000    21.9642    21.9594  50.972591  50.984412     2.0503          0     0.0268 1.0000e-12 1.6939e+00 5.9036e-11     0.2823    93.1847     133223    35.7564    35.7697    21.9241    21.9193    24.8140    24.8254    200.677    3.64367 0.0000e+00
    201.000    22.1393    22.1459  51.137953  51.134465     2.0513          0     0.0180 1.0000e-12 1.6939e+00 5.9036e-11     0.2840    93.1459     133288    35.7426    35.7345    22.0992    22.1057    24.7543    24.7462    199.684    3.63468 0.0000e+00
    200.000    22.1661    22.1295  51.171166  51.133252     2.0632          0     0.0223 1.0000e-12 1.6939e+00 5.9036e-11     0.2915    92.9713     133796    35.7470    35.7473    22.1262    22.0896    24.7499    24.7605    198.691    3.66742 0.0000e+00
    199.000    22.3115    22.3126  51.306779  51.303336     2.0826          0     0.0231 1.0000e-12 1.6939e+00 5.9036e-11     0.3124    92.4873     135215    35.7342    35.7306    22.2716    22.2727    24.6992    24.6961    197.698    3.69621 0.0000e+00
    198.000    22.3076    22.3065  51.303672  51.302704     2.0827          0     0.0248 1.0000e-12 1.6939e+00 5.9036e-11     0.3121    92.4927     135212    35.7353    35.7354    22.2679    22.2668    24.7011    24.7014    196.705    3.68968 0.0000e+00
    197.000    22.3314    22.3405  51.326522  51.335379     2.0801          0     0.0259 1.0000e-12 1.6939e+00 5.9036e-11     0.3129    92.4757     135245    35.7340    35.7335    22.2919    22.3010    24.6933    24.6903    195.712    3.68591 0.0000e+00
    196.000    22.3478    22.3640  51.340676  51.352876     2.0836          0     0.0298 1.0000e-12 1.6939e+00 5.9036e-11     0.3123    92.4900     135284    35.7320    35.7282    22.3084    22.3246    24.6870    24.6796    194.719    3.69749 0.0000e+00
    195.000    22.3634    22.3743  51.352429  51.360210     2.0866          0     0.0352 1.0000e-12 1.6939e+00 5.9036e-11     0.3126    92.4822     135317    35.7287    35.7259    22.3242    22.3351    24.6801    24.6748    193.726    3.70743 0.0000e+00
    194.000    22.3795    22.3793  51.369001  51.366565     2.0898          0     0.0367 1.0000e-12 1.6939e+00 5.9036e-11     0.3127    92.4808     135345    35.7288    35.7271    22.3405    22.3403    24.6755    24.6742    192.733    3.70844 0.0000e+00
    193.000    22.3953    22.4008  51.380303  51.385890     2.0939          0     0.0360 1.0000e-12 1.6939e+00 5.9036e-11     0.3179    92.3596     135377    35.7250    35.7249    22.3565    22.3620    24.6681    24.6664    191.740    3.72484 0.0000e+00
    192.000    22.4219    22.4236  51.409293  51.412435     2.1006          0     0.0352 1.0000e-12 1.6939e+00 5.9036e-11     0.3144    92.4410     135411    35.7263    35.7273    22.3832    22.3850    24.6614    24.6617    190.747    3.73576 0.0000e+00
    191.000    22.4486    22.4717  51.433349  51.466049     2.1051          0     0.0293 1.0000e-12 1.6939e+00 5.9036e-11     0.3138    92.4551     135440    35.7235    35.7301    22.4101    22.4332    24.6517    24.6502    189.754    3.74820 0.0000e+00
    190.000    22.5286    22.5476  51.518736  51.543110     2.1125          0     0.0232 1.0000e-12 1.6939e+00 5.9036e-11     0.3139    92.4523     135468    35.7250    35.7285    22.4903    22.5092    24.6300    24.6273    188.761    3.76436 0.0000e+00
    189.000    22.5716    22.5959  51.561288  51.586612     2.1205          0     0.0292 1.0000e-12 1.6939e+00 5.9036e-11     0.3144    92.4414     135496    35.7234    35.7232    22.5333    22.5577    24.6165    24.6093    187.768    3.77917 0.0000e+00
    188.000    22.6629    22.6543  51.651118  51.646923     2.1267          0     0.0366 1.0000e-12 1.6939e+00 5.9036e-11     0.3144    92.4405     135523    35.7190    35.7228    22.6248    22.6161    24.5870    24.5924    186.775    3.78205 0.0000e+00
    187.000    22.7240    22.6963  51.716236  51.693130     2.1318          0     0.0333 1.0000e-12 1.6939e+00 5.9036e-11     0.3146    92.4352     135549    35.7201    35.7248    22.6860    22.6583    24.5703    24.5818    185.782    3.79171 0.0000e+00
    186.000    22.8044    22.7697  51.790647  51.764281     2.1371          0     0.0316 1.0000e-12 1.6939e+00 5.9036e-11     0.3147    92.4345     135572    35.7127    35.7205    22.7665    22.7318    24.5416    24.5575    184.789    3.78901 0.0000e+00
    185.000    22.8559    22.8351  51.844601  51.838023     2.1358          0     0.0297 1.0000e-12 1.6939e+00 5.9036e-11     0.3159    92.4061     135593    35.7128    35.7247    22.8182    22.7973    24.5268    24.5418    183.796    3.77096 0.0000e+00
    184.000    22.9049    22.8930  51.890776  51.883462     2.1340          0     0.0276 1.0000e-12 1.6939e+00 5.9036e-11     0.3157    92.4126     135613    35.7091    35.7131    22.8673    22.8554    24.5098    24.5163    182.803    3.76859 0.0000e+00
    183.000    22.9557    22.9416  51.937028  51.932763     2.1355          0     0.0259 1.0000e-12 1.6939e+00 5.9036e-11     0.3156    92.4140     135637    35.7039    35.7121    22.9183    22.9041    24.4912    24.5015    181.810    3.77323 0.0000e+00
    182.000    22.9605    22.9709  51.934970  51.945939     2.1389          0     0.0251 1.0000e-12 1.6939e+00 5.9036e-11     0.3160    92.4056     135667    35.6987    35.6988    22.9233    22.9337    24.4858    24.4828    180.817    3.78827 0.0000e+00
    181.000    22.9451    22.9868  51.926096  51.965972     2.1451          0     0.0300 1.0000e-12 1.6939e+00 5.9036e-11     0.3163    92.3981     135698    35.7047    35.7017    22.9081    22.9497    24.4948    24.4805    179.824    3.80140 0.0000e+00
    180.000    22.9660    22.9852  51.942535  51.959100     2.1495          0     0.0359 1.0000e-12 1.6939e+00 5.9036e-11     0.3160    92.4031     135727    35.7008    35.6980    22.9291    22.9483    24.4857    24.4780    178.831    3.81356 0.0000e+00
    179.000    22.9933    23.0165  51.975251  52.001817     2.1561          0     0.0338 1.0000e-12 1.6939e+00 5.9036e-11     0.3164    92.3953     135755    35.7042    35.7060    22.9566    22.9798    24.4804    24.4750    177.838    3.81984 0.0000e+00
    178.000    23.0640    23.0661  52.040322  52.048924     2.1568          0     0.0409 1.0000e-12 1.6939e+00 5.9036e-11     0.3172    92.3770     135780    35.6974    35.7023    23.0274    23.0296    24.4547    24.4578    176.845    3.81889 0.0000e+00
    177.000    23.0894    23.0947  52.064054  52.070438     2.1627          0     0.0347 1.0000e-12 1.6939e+00 5.9036e-11     0.3171    92.3796     135802    35.6955    35.6961    23.0530    23.0583    24.4459    24.4448    175.852    3.83479 0.0000e+00
    176.000    23.1349    23.1342  52.111563  52.112589     2.1655          0     0.0333 1.0000e-12 1.6939e+00 5.9036e-11     0.3180    92.3577     135821    35.6955    35.6969    23.0987    23.0980    24.4327    24.4338    174.858    3.82976 0.0000e+00
    175.000    23.1813    23.1742  52.152564  52.151662     2.1663          0     0.0377 1.0000e-12 1.6939e+00 5.9036e-11     0.3182    92.3544     135840    35.6898    35.6949    23.1453    23.1382    24.4148    24.4207    173.865    3.82175 0.0000e+00
    174.000    23.2167    23.2043  52.185041  52.175725     2.1649          0     0.0428 1.0000e-12 1.6939e+00 5.9036e-11     0.3179    92.3610     135860    35.6865    35.6894    23.1808    23.1684    24.4020    24.4077    172.872    3.81244 0.0000e+00
    173.000    23.2388    23.2221  52.203243  52.186212     2.1643          0     0.0473 1.0000e-12 1.6939e+00 5.9036e-11     0.3188    92.3394     135883    35.6829    35.6834    23.2031    23.1864    24.3928    24.3980    171.879    3.81992 0.0000e+00
    172.000    23.2505    23.2444  52.214622  52.210417     2.1702          0     0.0466 1.0000e-12 1.6939e+00 5.9036e-11     0.3194    92.3261     135908    35.6826    35.6843    23.2150    23.2089    24.3890    24.3921    170.886    3.83951 0.0000e+00
    171.000    23.2115    23.2520  52.170323  52.214374     2.1742          0     0.0410 1.0000e-12 1.6939e+00 5.9036e-11     0.3192    92.3310     135938    35.6804    35.6815    23.1762    23.2167    24.3986    24.3878    169.893    3.84097 0.0000e+00
    170.000    23.2301    23.2841  52.200595  52.243998     2.1768          0     0.0390 1.0000e-12 1.6939e+00 5.9036e-11     0.3191    92.3336     135968    35.6890    35.6786    23.1950    23.2490    24.3997    24.3762    168.900    3.85017 0.0000e+00
    169.000    23.2815    23.2883  52.242916  52.248652     2.1806          0     0.0495 1.0000e-12 1.6939e+00 5.9036e-11     0.3193    92.3278     135995    35.6803    35.6791    23.2465    23.2534    24.3781    24.3752    167.907    3.85027 0.0000e+00
    168.000    23.3088    23.3052  52.269001  52.266451     2.1795          0     0.0439 1.0000e-12 1.6939e+00 5.9036e-11     0.3200    92.3116     136018    35.6786    35.6795    23.2741    23.2705    24.3688    24.3705    166.914    3.83163 0.0000e+00
    167.000    23.3220    23.3220  52.279572  52.278659     2.1745          0     0.0441 1.0000e-12 1.6939e+00 5.9036e-11     0.3207    92.2964     136040    35.6764    35.6756    23.2874    23.2875    24.3632    24.3627    165.920    3.82316 0.0000e+00
    166.000    23.3367    23.3342  52.293777  52.291558     2.1759          0     0.0406 1.0000e-12 1.6939e+00 5.9036e-11     0.3208    92.2934     136062    35.6757    35.6760    23.3023    23.2998    24.3584    24.3594    164.927    3.83760 0.0000e+00
    165.000    23.3448    23.3480  52.300806  52.302478     2.1791          0     0.0390 1.0000e-12 1.6939e+00 5.9036e-11     0.3205    92.3014     136085    35.6749    35.6736    23.3106    23.3139    24.3554    24.3534    163.934    3.84653 0.0000e+00
    164.000    23.3543    23.3597  52.308188  52.312053     2.1841          0     0.0401 1.0000e-12 1.6939e+00 5.9036e-11     0.3213    92.2808     136112    35.6732    35.6718    23.3203    23.3257    24.3513    24.3486    162.941    3.85991 0.0000e+00
    163.000    23.3546    23.3549  52.309195  52.304798     2.1896          0     0.0426 1.0000e-12 1.6939e+00 5.9036e-11     0.3225    92.2545     136142    35.6741    35.6705    23.3208    23.3211    24.3518    24.3490    161.948    3.86884 0.0000e+00
    162.000    23.3688    23.3780  52.319417  52.334687     2.1932          0     0.0429 1.0000e-12 1.6939e+00 5.9036e-11     0.3213    92.2807     136169    35.6708    35.6751    23.3352    23.3444    24.3450    24.3456    160.955    3.87270 0.0000e+00
    161.000    23.3829    23.3871  52.339196  52.337999     2.1944          0     0.0441 1.0000e-12 1.6939e+00 5.9036e-11     0.3222    92.2612     136191    35.6749    35.6706    23.3495    23.3537    24.3440    24.3396    159.962    3.87201 0.0000e+00
    160.000    23.4119    23.4106  52.363139  52.369116     2.1961          0     0.0440 1.0000e-12 1.6939e+00 5.9036e-11     0.3225    92.2548     136210    35.6702    35.6758    23.3787    23.3774    24.3319    24.3366    158.968    3.87529 0.0000e+00
