Data/raw_excel/lovbio075b/CTD/out_c_067.cnv
* Sea-Bird SBE 9 Data File:
* FileName = C:\OUTPACE_CTD_Classik_DATA\out_c_067.hex
* Software Version Seasave V 7.23.1
* Temperature SN = 0970
* Conductivity SN = 0606
* Number of Bytes Per Scan = 40
* Number of Voltage Words = 5
* Number of Scans Averaged by the Deck Unit = 1
* NMEA Latitude = 19 13.40 S
* NMEA Longitude = 164 34.72 E
* NMEA UTC (Time) = Mar 02 2015  16:10:10
* NMEA baud rate = 4800
# nquan = 23
# nvalues = 3997                        
# units = specified
# name 0 = prDM: Pressure, Digiquartz [db]
# name 1 = t090C: Temperature [ITS-90, deg C]
# name 2 = t190C: Temperature, 2 [ITS-90, deg C]
# name 3 = c0mS/cm: Conductivity [mS/cm]
# name 4 = c1mS/cm: Conductivity, 2 [mS/cm]
# name 5 = sbeox0V: Oxygen raw, SBE 43 [V]
# name 6 = modError: Modulo Error Count
# name 7 = flC: Fluorescence, Chelsea Aqua 3 Chl Con [ug/l]
# name 8 = par: PAR/Irradiance, Biospherical/Licor
# name 9 = spar: SPAR/Surface Irradiance
# name 10 = cpar: CPAR/Corrected Irradiance [%]
# name 11 = CStarAt0: Beam Attenuation, WET Labs C-Star [1/m]
# name 12 = CStarTr0: Beam Transmission, WET Labs C-Star [%]
# name 13 = scan: Scan Count
# name 14 = sal00: Salinity, Practical [PSU]
# name 15 = sal11: Salinity, Practical, 2 [PSU]
# name 16 = potemp090C: Potential Temperature [ITS-90, deg C]
# name 17 = potemp190C: Potential Temperature, 2 [ITS-90, deg C]
# name 18 = sigma-é00: Density [sigma-theta, kg/m^3]
# name 19 = sigma-é11: Density, 2 [sigma-theta, kg/m^3]
# name 20 = depSM: Depth [salt water, m], lat = -19.2233
# name 21 = sbeox0ML/L: Oxygen, SBE 43 [ml/l], WS = 2
# name 22 = flag: flag
# span 0 =      5.000,   2003.000       
# span 1 =     2.2974,    29.6581       
# span 2 =     2.2988,    29.6580       
# span 3 =  31.607130,  57.906729       
# span 4 =  31.607364,  57.906519       
# span 5 =     1.2252,     2.6771       
# span 6 =          0,          0       
# span 7 =    -0.0150,     0.3173       
# span 8 = -1.753e-05, 2.9003e-01       
# span 9 = 1.6939e+00, 1.6939e+00       
# span 10 = -1.035e-03, 1.7122e+01      
# span 11 =    -0.0147,     0.4340      
# span 12 =    89.7177,   100.3703      
# span 13 =        320,     141003      
# span 14 =    34.3808,    35.7875      
# span 15 =    34.3672,    35.8069      
# span 16 =     2.1562,    29.6567      
# span 17 =     2.1575,    29.6566      
# span 18 =    21.7984,    27.6729      
# span 19 =    21.7982,    27.6722      
# span 20 =      4.970,   1981.369      
# span 21 =    3.26177,    4.63200      
# span 22 = 0.0000e+00, 0.0000e+00      
# interval = decibars: 1                
# start_time = Mar 02 2015 16:10:10 [NMEA time, header]
# bad_flag = -9.990e-29
*END*
[from data line 2709]
   1292.000     3.2058     3.2069  32.040989  32.041572     1.3642          0     0.0212 4.3042e-03 1.6939e+00 2.5410e-01    -0.0127   100.3198      85342    34.5481    34.5476     3.1130     3.1141    27.5139    27.5134   1280.192    3.49389 0.0000e+00
   1291.000     3.2134     3.2118  32.046198  32.045208     1.3645          0     0.0163 4.0388e-03 1.6939e+00 2.3844e-01    -0.0127   100.3176      85364    34.5468    34.5472     3.1206     3.1190    27.5122    27.5127   1279.204    3.50226 0.0000e+00
   1290.000     3.2149     3.2153  32.046980  32.047332     1.3650          0     0.0102 3.3985e-03 1.6939e+00 2.0063e-01    -0.0126   100.3176      85384    34.5466    34.5466     3.1222     3.1226    27.5119    27.5119   1278.217    3.50323 0.0000e+00
   1289.000     3.2158     3.2167  32.047047  32.047330     1.3655          0     0.0052 4.9035e-03 1.6939e+00 2.8948e-01    -0.0128   100.3197      85405    34.5463    34.5457     3.1232     3.1240    27.5115    27.5110   1277.229    3.49835 0.0000e+00
   1288.000     3.2160     3.2157  32.046736  32.045761     1.3656          0     0.0093 4.7678e-03 1.6939e+00 2.8147e-01    -0.0126   100.3164      85430    34.5462    34.5454     3.1235     3.1231    27.5114    27.5108   1276.241    3.50052 0.0000e+00
   1287.000     3.2163     3.2169  32.046378  32.046717     1.3658          0     0.0172 3.8579e-03 1.6939e+00 2.2775e-01    -0.0128   100.3212      85458    34.5460    34.5458     3.1238     3.1244    27.5113    27.5110   1275.253    3.49880 0.0000e+00
   1286.000     3.2165     3.2182  32.046086  32.046830     1.3662          0     0.0106 4.5509e-03 1.6939e+00 2.6866e-01    -0.0126   100.3173      85486    34.5459    34.5450     3.1241     3.1258    27.5111    27.5103   1274.265    3.50267 0.0000e+00
   1285.000     3.2134     3.2171  32.043109  32.045439     1.3666          0     0.0133 4.3065e-03 1.6939e+00 2.5424e-01    -0.0127   100.3201      85518    34.5462    34.5450     3.1210     3.1248    27.5116    27.5104   1273.277    3.49948 0.0000e+00
   1284.000     3.2169     3.2197  32.046118  32.048385     1.3663          0     0.0136 3.5942e-03 1.6939e+00 2.1218e-01    -0.0127   100.3172      85550    34.5466    34.5464     3.1246     3.1274    27.5116    27.5112   1272.290    3.49891 0.0000e+00
   1283.000     3.2228     3.2235  32.050478  32.050754     1.3670          0     0.0156 3.1537e-03 1.6939e+00 1.8618e-01    -0.0128   100.3217      85572    34.5460    34.5456     3.1306     3.1313    27.5106    27.5103   1271.302    3.50592 0.0000e+00
   1282.000     3.2252     3.2249  32.051767  32.051486     1.3670          0     0.0170 2.9960e-03 1.6939e+00 1.7688e-01    -0.0131   100.3289      85590    34.5456    34.5456     3.1330     3.1327    27.5100    27.5101   1270.314    3.49760 0.0000e+00
   1281.000     3.2275     3.2274  32.053282  32.053236     1.3669          0     0.0183 2.1929e-03 1.6939e+00 1.2946e-01    -0.0127   100.3193      85607    34.5455    34.5455     3.1354     3.1353    27.5098    27.5098   1269.326    3.49827 0.0000e+00
   1280.000     3.2299     3.2303  32.054847  32.054693     1.3672          0     0.0101 3.3662e-03 1.6939e+00 1.9873e-01    -0.0129   100.3221      85625    34.5453    34.5447     3.1379     3.1382    27.5094    27.5089   1268.338    3.50080 0.0000e+00
   1279.000     3.2304     3.2316  32.054538  32.055300     1.3673          0     0.0104 6.1998e-03 1.6939e+00 3.6601e-01    -0.0129   100.3223      85645    34.5449    34.5445     3.1384     3.1396    27.5090    27.5086   1267.350    3.49955 0.0000e+00
   1278.000     3.2307     3.2299  32.054048  32.052849     1.3676          0     0.0104 4.8584e-03 1.6939e+00 2.8682e-01    -0.0125   100.3141      85672    34.5446    34.5439     3.1388     3.1380    27.5087    27.5082   1266.362    3.50016 0.0000e+00
   1277.000     3.2271     3.2305  32.050874  32.054209     1.3678          0     0.0157 4.7066e-03 1.6939e+00 2.7785e-01    -0.0128   100.3223      85707    34.5451    34.5454     3.1353     3.1387    27.5094    27.5094   1265.374    3.50639 0.0000e+00
   1276.000     3.2300     3.2365  32.053915  32.058333     1.3689          0     0.0118 3.1034e-03 1.6939e+00 1.8321e-01    -0.0129   100.3227      85740    34.5461    34.5446     3.1383     3.1447    27.5100    27.5082   1264.387    3.51936 0.0000e+00
   1275.000     3.2382     3.2387  32.059639  32.058945     1.3702          0     0.0188 3.2444e-03 1.6939e+00 1.9153e-01    -0.0127   100.3186      85765    34.5449    34.5435     3.1465     3.1469    27.5082    27.5071   1263.399    3.52300 0.0000e+00
   1274.000     3.2496     3.2453  32.067657  32.065943     1.3714          0     0.0167 2.2285e-03 1.6939e+00 1.3156e-01    -0.0127   100.3187      85787    34.5430    34.5455     3.1578     3.1536    27.5057    27.5080   1262.411    3.52566 0.0000e+00
   1273.000     3.2548     3.2526  32.071651  32.070074     1.3720          0     0.0170 3.4506e-03 1.6939e+00 2.0371e-01    -0.0127   100.3187      85809    34.5428    34.5432     3.1631     3.1609    27.5050    27.5055   1261.423    3.52468 0.0000e+00
   1272.000     3.2590     3.2586  32.074383  32.074161     1.3731          0     0.0154 1.9018e-03 1.6939e+00 1.1227e-01    -0.0127   100.3186      85832    34.5421    34.5423     3.1673     3.1669    27.5041    27.5042   1260.435    3.53110 0.0000e+00
   1271.000     3.2650     3.2639  32.079074  32.078417     1.3741          0     0.0142 1.5762e-03 1.6939e+00 9.3053e-02    -0.0126   100.3174      85856    34.5420    34.5423     3.1733     3.1723    27.5034    27.5038   1259.447    3.53331 0.0000e+00
   1270.000     3.2693     3.2705  32.081901  32.083112     1.3753          0     0.0179 1.9008e-03 1.6939e+00 1.1222e-01    -0.0126   100.3163      85880    34.5413    34.5414     3.1777     3.1789    27.5025    27.5025   1258.459    3.53738 0.0000e+00
   1269.000     3.2808     3.2789  32.090769  32.091127     1.3759          0     0.0203 1.6574e-03 1.6939e+00 9.7845e-02    -0.0126   100.3163      85904    34.5403    34.5427     3.1892     3.1873    27.5006    27.5027   1257.471    3.53370 0.0000e+00
   1268.000     3.2917     3.2891  32.099354  32.097844     1.3770          0     0.0165 2.2611e-03 1.6939e+00 1.3349e-01    -0.0127   100.3194      85928    34.5396    34.5405     3.2000     3.1975    27.4990    27.5000   1256.483    3.53605 0.0000e+00
   1267.000     3.2955     3.2966  32.100907  32.101226     1.3774          0     0.0144 3.2461e-03 1.6939e+00 1.9163e-01    -0.0127   100.3183      85954    34.5380    34.5372     3.2038     3.2049    27.4974    27.4967   1255.495    3.53545 0.0000e+00
   1266.000     3.2995     3.2985  32.104198  32.103980     1.3782          0     0.0130 3.7320e-03 1.6939e+00 2.2032e-01    -0.0127   100.3184      85980    34.5382    34.5390     3.2079     3.2069    27.4971    27.4978   1254.507    3.52929 0.0000e+00
   1265.000     3.3017     3.3021  32.105280  32.105292     1.3776          0     0.0122 6.0160e-03 1.6939e+00 3.5516e-01    -0.0127   100.3188      86003    34.5377    34.5373     3.2102     3.2106    27.4965    27.4962   1253.519    3.52407 0.0000e+00
   1264.000     3.3036     3.3038  32.106418  32.106268     1.3779          0     0.0133 5.7961e-03 1.6939e+00 3.4218e-01    -0.0126   100.3163      86024    34.5376    34.5371     3.2121     3.2124    27.4963    27.4959   1252.531    3.52897 0.0000e+00
   1263.000     3.3058     3.3052  32.107702  32.106087     1.3779          0     0.0136 6.2016e-03 1.6939e+00 3.6611e-01    -0.0127   100.3194      86047    34.5373    34.5360     3.2144     3.2138    27.4958    27.4948   1251.543    3.52827 0.0000e+00
   1262.000     3.3014     3.3032  32.103097  32.104387     1.3781          0     0.0157 4.8153e-03 1.6939e+00 2.8427e-01    -0.0126   100.3174      86085    34.5369    34.5365     3.2101     3.2119    27.4959    27.4954   1250.556    3.52788 0.0000e+00
   1261.000     3.3000     3.3014  32.102521  32.103041     1.3782          0     0.0151 5.9386e-03 1.6939e+00 3.5059e-01    -0.0127   100.3186      86135    34.5382    34.5373     3.2088     3.2102    27.4971    27.4962   1249.568    3.52344 0.0000e+00
   1260.000     3.3065     3.3066  32.106952  32.107566     1.3777          0     0.0087 4.0649e-03 1.6939e+00 2.3998e-01    -0.0127   100.3179      86167    34.5372    34.5378     3.2153     3.2155    27.4956    27.4961   1248.580    3.52261 0.0000e+00
   1259.000     3.3073     3.3080  32.106890  32.106445     1.3777          0     0.0160 2.7801e-03 1.6939e+00 1.6412e-01    -0.0129   100.3228      86206    34.5367    34.5355     3.2163     3.2169    27.4952    27.4941   1247.592    3.52240 0.0000e+00
   1258.000     3.3084     3.3011  32.106694  32.100274     1.3778          0     0.0197 3.1854e-03 1.6939e+00 1.8805e-01    -0.0130   100.3271      86258    34.5358    34.5358     3.2174     3.2102    27.4944    27.4951   1246.604    3.52519 0.0000e+00
   1257.000     3.2950     3.3046  32.096364  32.103965     1.3786          0     0.0064 2.1529e-03 1.6939e+00 1.2710e-01    -0.0128   100.3207      86355    34.5381    34.5370     3.2042     3.2138    27.4975    27.4957   1245.616    3.52971 0.0000e+00
   1256.000     3.3072     3.3128  32.106551  32.111087     1.3793          0     0.0190 3.4425e-03 1.6939e+00 2.0323e-01    -0.0130   100.3255      86406    34.5380    34.5375     3.2163     3.2219    27.4962    27.4953   1244.628    3.53432 0.0000e+00
   1255.000     3.3228     3.3242  32.118870  32.120181     1.3798          0     0.0157 2.8836e-03 1.6939e+00 1.7024e-01    -0.0129   100.3238      86457    34.5368    34.5369     3.2319     3.2333    27.4938    27.4937   1243.640    3.53074 0.0000e+00
   1254.000     3.3259     3.3268  32.119447  32.119100     1.3810          0     0.0187 2.4942e-03 1.6939e+00 1.4725e-01    -0.0129   100.3232      86532    34.5347    34.5333     3.2351     3.2360    27.4918    27.4906   1242.652    3.53661 0.0000e+00
   1253.000     3.3256     3.3240  32.119583  32.118575     1.3818          0     0.0141 2.4203e-03 1.6939e+00 1.4288e-01    -0.0128   100.3213      86596    34.5357    34.5362     3.2348     3.2332    27.4926    27.4932   1241.664    3.53661 0.0000e+00
   1252.000     3.3300     3.3291  32.122226  32.120959     1.3822          0     0.0115 3.3798e-03 1.6939e+00 1.9953e-01    -0.0129   100.3230      86681    34.5347    34.5341     3.2393     3.2384    27.4914    27.4910   1240.676    3.53742 0.0000e+00
   1251.000     3.3487     3.3491  32.136766  32.136580     1.3860          0     0.0159 4.7125e-03 1.6939e+00 2.7820e-01    -0.0126   100.3156      88162    34.5330    34.5323     3.2578     3.2583    27.4883    27.4877   1239.688    3.55255 0.0000e+00
   1250.000     3.3502     3.3508  32.137415  32.137862     1.3861          0     0.0151 3.7413e-03 1.6939e+00 2.2087e-01    -0.0126   100.3163      88852    34.5327    34.5326     3.2594     3.2600    27.4879    27.4877   1238.700    3.55272 0.0000e+00
   1249.000     3.3532     3.3534  32.139633  32.139457     1.3860          0     0.0134 4.3505e-03 1.6939e+00 2.5684e-01    -0.0126   100.3163      88862    34.5327    34.5322     3.2625     3.2627    27.4876    27.4872   1237.712    3.55342 0.0000e+00
   1248.000     3.3546     3.3563  32.140110  32.141260     1.3867          0     0.0106 3.3667e-03 1.6939e+00 1.9875e-01    -0.0126   100.3163      88888    34.5322    34.5318     3.2640     3.2657    27.4871    27.4866   1236.724    3.55261 0.0000e+00
   1247.000     3.3523     3.3533  32.137800  32.137865     1.3870          0     0.0149 2.2569e-03 1.6939e+00 1.3324e-01    -0.0126   100.3163      88954    34.5324    34.5314     3.2618     3.2628    27.4875    27.4865   1235.736    3.55539 0.0000e+00
   1246.000     3.3526     3.3533  32.137627  32.137977     1.3876          0     0.0169 4.2069e-04 1.6939e+00 2.4836e-02    -0.0126   100.3163      89021    34.5324    34.5321     3.2621     3.2628    27.4874    27.4871   1234.748    3.55412 0.0000e+00
   1245.000     3.3550     3.3563  32.139603  32.140752     1.3877          0     0.0148 3.4542e-03 1.6939e+00 2.0392e-01    -0.0126   100.3163      89052    34.5327    34.5327     3.2646     3.2659    27.4874    27.4873   1233.759    3.55935 0.0000e+00
   1244.000     3.3594     3.3606  32.142443  32.143285     1.3881          0     0.0151 4.2117e-03 1.6939e+00 2.4864e-01    -0.0126   100.3163      89080    34.5321    34.5317     3.2690     3.2703    27.4865    27.4861   1232.771    3.55512 0.0000e+00
   1243.000     3.3646     3.3641  32.146689  32.146619     1.3885          0     0.0139 3.8072e-03 1.6939e+00 2.2476e-01    -0.0126   100.3163      89105    34.5321    34.5326     3.2743     3.2738    27.4861    27.4864   1231.783    3.55644 0.0000e+00
   1242.000     3.3730     3.3721  32.152801  32.152521     1.3883          0     0.0160 3.1595e-03 1.6939e+00 1.8652e-01    -0.0128   100.3203      89129    34.5311    34.5317     3.2827     3.2818    27.4844    27.4850   1230.795    3.55352 0.0000e+00
   1241.000     3.3773     3.3783  32.155837  32.156838     1.3884          0     0.0174 2.0900e-03 1.6939e+00 1.2338e-01    -0.0127   100.3192      89156    34.5308    34.5308     3.2870     3.2880    27.4837    27.4837   1229.807    3.54888 0.0000e+00
   1240.000     3.3799     3.3811  32.157305  32.157828     1.3882          0     0.0171 3.2543e-03 1.6939e+00 1.9212e-01    -0.0126   100.3154      89186    34.5302    34.5296     3.2897     3.2909    27.4830    27.4825   1228.819    3.54821 0.0000e+00
   1239.000     3.3822     3.3831  32.158639  32.159096     1.3881          0     0.0131 5.0062e-03 1.6939e+00 2.9554e-01    -0.0126   100.3171      89217    34.5299    34.5295     3.2920     3.2929    27.4826    27.4822   1227.831    3.55052 0.0000e+00
   1238.000     3.3748     3.3763  32.151606  32.152015     1.3887          0     0.0127 3.0859e-03 1.6939e+00 1.8218e-01    -0.0127   100.3181      89255    34.5298    34.5287     3.2848     3.2863    27.4832    27.4821   1226.843    3.55456 0.0000e+00
   1237.000     3.3734     3.3799  32.151577  32.157602     1.3889          0     0.0120 3.9763e-03 1.6939e+00 2.3474e-01    -0.0127   100.3179      89296    34.5318    34.5321     3.2835     3.2899    27.4849    27.4845   1225.855    3.55888 0.0000e+00
   1236.000     3.3856     3.3874  32.160405  32.161061     1.3897          0     0.0117 3.3291e-03 1.6939e+00 1.9653e-01    -0.0126   100.3172      89326    34.5300    34.5289     3.2957     3.2974    27.4823    27.4812   1224.867    3.56431 0.0000e+00
   1235.000     3.3903     3.3885  32.163649  32.162341     1.3908          0     0.0157 1.7488e-03 1.6939e+00 1.0324e-01    -0.0127   100.3180      89357    34.5293    34.5297     3.3004     3.2986    27.4813    27.4818   1223.879    3.56765 0.0000e+00
   1234.000     3.3935     3.3938  32.165532  32.165713     1.3916          0     0.0137 2.0667e-03 1.6939e+00 1.2201e-01    -0.0126   100.3172      89387    34.5288    34.5287     3.3037     3.3040    27.4806    27.4805   1222.891    3.56667 0.0000e+00
   1233.000     3.3965     3.3971  32.167999  32.168494     1.3920          0     0.0129 2.8972e-03 1.6939e+00 1.7103e-01    -0.0126   100.3163      89411    34.5291    34.5290     3.3067     3.3073    27.4805    27.4804   1221.903    3.56262 0.0000e+00
   1232.000     3.4052     3.4015  32.174600  32.171974     1.3920          0     0.0160 3.6847e-03 1.6939e+00 2.1753e-01    -0.0126   100.3163      89432    34.5283    34.5291     3.3154     3.3118    27.4791    27.4801   1220.915    3.56206 0.0000e+00
   1231.000     3.4101     3.4088  32.177896  32.177302     1.3924          0     0.0151 3.2281e-03 1.6939e+00 1.9057e-01    -0.0126   100.3163      89452    34.5276    34.5283     3.3203     3.3191    27.4781    27.4787   1219.926    3.56391 0.0000e+00
