Data/raw_excel/lovbio084d/CTD/bioargomed06.cnv
* Sea-Bird SBE 9 Data File:
* FileName = C:\CTD\raw\bioargomed06.hdr
* Software Version Seasave V 7.23.2
* Temperature SN = 2473
* Conductivity SN = 1313
* Number of Bytes Per Scan = 31
* Number of Voltage Words = 4
* Number of Scans Averaged by the Deck Unit = 1
* NMEA Latitude = 34 13.89 N
* NMEA Longitude = 024 49.68 E
* NMEA UTC (Time) = May 22 2015  10:11:37
* NMEA baud rate = 4800
** Ship: TETHYS 2
** Cruise: BIOARGOMED
** Station: 06
# nquan = 11
# nvalues = 1005                        
# units = specified
# name 0 = prDM: Pressure, Digiquartz [db]
# name 1 = t090C: Temperature [ITS-90, deg C]
# name 2 = c0S/m: Conductivity [S/m]
# name 3 = sbeox0V: Oxygen raw, SBE 43 [V]
# name 4 = flC: Fluorescence, Chelsea Aqua 3 Chl Con [ug/l]
# name 5 = CStarTr0: Beam Transmission, WET Labs C-Star [%]
# name 6 = potemp090C: Potential Temperature [ITS-90, deg C]
# name 7 = sal00: Salinity, Practical [PSU]
# name 8 = sigma-é00: Density [sigma-theta, kg/m^3]
# name 9 = sbeox0Mm/Kg: Oxygen, SBE 43 [umol/kg], WS = 2
# name 10 = flag: flag
# span 0 =      2.000,   1006.000       
# span 1 =    13.8251,    20.2808       
# span 2 =   4.614919,   5.328698       
# span 3 =     2.2747,     3.2958       
# span 4 =     0.1420,     0.3276       
# span 5 =    88.5858,    90.9967       
# span 6 =    13.6796,    20.2804       
# span 7 =    38.7812,    39.1909       
# span 8 =    27.8784,    29.1828       
# span 9 =    163.805,    224.802       
# span 10 = 0.0000e+00, 0.0000e+00      
# interval = decibars: 1                
# start_time = May 22 2015 10:11:37 [NMEA time, header]
# bad_flag = -9.990e-29
*END*
[from data line 394]
    396.000    14.2415   4.651702     2.4564     0.1576    90.8040    14.1812    38.8883    29.1562    170.025 0.0000e+00
    397.000    14.2393   4.651502     2.4554     0.1530    90.8084    14.1790    38.8881    29.1565    169.941 0.0000e+00
    398.000    14.2375   4.651300     2.4544     0.1538    90.8097    14.1769    38.8877    29.1566    170.022 0.0000e+00
    399.000    14.2369   4.651281     2.4552     0.1550    90.8143    14.1762    38.8876    29.1567    170.219 0.0000e+00
    400.000    14.2365   4.651268     2.4549     0.1561    90.8075    14.1757    38.8874    29.1566    170.086 0.0000e+00
    401.000    14.2325   4.650802     2.4548     0.1545    90.8142    14.1716    38.8866    29.1570    170.098 0.0000e+00
    402.000    14.2306   4.650616     2.4541     0.1524    90.8096    14.1695    38.8863    29.1572    169.867 0.0000e+00
    403.000    14.2253   4.649961     2.4520     0.1530    90.8130    14.1641    38.8851    29.1574    169.700 0.0000e+00
    404.000    14.2245   4.649952     2.4514     0.1575    90.8116    14.1631    38.8854    29.1579    169.978 0.0000e+00
    405.000    14.2245   4.649979     2.4524     0.1561    90.8100    14.1629    38.8853    29.1578    170.184 0.0000e+00
    406.000    14.2244   4.650016     2.4528     0.1507    90.8129    14.1626    38.8853    29.1579    170.216 0.0000e+00
    407.000    14.2245   4.650084     2.4533     0.1478    90.8131    14.1626    38.8854    29.1579    170.228 0.0000e+00
    408.000    14.2215   4.649704     2.4535     0.1531    90.8120    14.1595    38.8843    29.1578    170.082 0.0000e+00
    409.000    14.2187   4.649437     2.4516     0.1510    90.8129    14.1565    38.8842    29.1584    169.717 0.0000e+00
    410.000    14.2167   4.649224     2.4500     0.1495    90.8110    14.1544    38.8837    29.1585    169.703 0.0000e+00
    411.000    14.2140   4.648874     2.4494     0.1505    90.8128    14.1515    38.8828    29.1584    169.787 0.0000e+00
    412.000    14.2102   4.648490     2.4489     0.1520    90.8131    14.1475    38.8826    29.1591    169.894 0.0000e+00
    413.000    14.2085   4.648326     2.4489     0.1523    90.8225    14.1457    38.8822    29.1592    169.722 0.0000e+00
    414.000    14.2073   4.648214     2.4461     0.1555    90.8168    14.1444    38.8820    29.1593    169.343 0.0000e+00
    415.000    14.2026   4.647661     2.4453     0.1610    90.8095    14.1395    38.8811    29.1597    169.541 0.0000e+00
    416.000    14.2009   4.647500     2.4452     0.1600    90.8128    14.1377    38.8808    29.1598    169.517 0.0000e+00
    417.000    14.1991   4.647316     2.4437     0.1559    90.8163    14.1358    38.8804    29.1600    169.337 0.0000e+00
    418.000    14.1985   4.647287     2.4434     0.1567    90.8181    14.1350    38.8803    29.1601    169.645 0.0000e+00
    419.000    14.1983   4.647294     2.4442     0.1552    90.8167    14.1347    38.8802    29.1600    169.611 0.0000e+00
    420.000    14.1963   4.647063     2.4434     0.1520    90.8208    14.1325    38.8796    29.1600    169.416 0.0000e+00
    421.000    14.1948   4.646924     2.4423     0.1502    90.8170    14.1309    38.8793    29.1602    169.307 0.0000e+00
    422.000    14.1934   4.646795     2.4413     0.1511    90.8204    14.1293    38.8790    29.1603    169.127 0.0000e+00
    423.000    14.1900   4.646377     2.4392     0.1521    90.8166    14.1258    38.8781    29.1604    169.055 0.0000e+00
    424.000    14.1860   4.645931     2.4391     0.1544    90.8215    14.1216    38.8776    29.1609    169.298 0.0000e+00
    425.000    14.1844   4.645779     2.4385     0.1537    90.8154    14.1198    38.8773    29.1610    169.051 0.0000e+00
    426.000    14.1841   4.645825     2.4371     0.1517    90.8156    14.1194    38.8775    29.1613    169.022 0.0000e+00
    427.000    14.1840   4.645860     2.4371     0.1509    90.8180    14.1192    38.8775    29.1614    169.222 0.0000e+00
    428.000    14.1839   4.645892     2.4374     0.1556    90.8129    14.1189    38.8775    29.1614    169.227 0.0000e+00
    429.000    14.1821   4.645676     2.4372     0.1555    90.8106    14.1169    38.8769    29.1614    169.234 0.0000e+00
    430.000    14.1781   4.645241     2.4374     0.1558    90.8130    14.1128    38.8764    29.1619    169.341 0.0000e+00
    431.000    14.1773   4.645179     2.4374     0.1558    90.8079    14.1118    38.8761    29.1619    169.164 0.0000e+00
    432.000    14.1773   4.645227     2.4358     0.1567    90.8089    14.1117    38.8761    29.1619    168.743 0.0000e+00
    433.000    14.1768   4.645229     2.4333     0.1573    90.8116    14.1110    38.8762    29.1622    168.730 0.0000e+00
    434.000    14.1768   4.645279     2.4335     0.1531    90.8142    14.1109    38.8763    29.1622    169.225 0.0000e+00
    435.000    14.1759   4.645179     2.4354     0.1537    90.8089    14.1099    38.8757    29.1620    169.367 0.0000e+00
    436.000    14.1755   4.645187     2.4350     0.1558    90.8079    14.1093    38.8758    29.1622    169.023 0.0000e+00
    437.000    14.1751   4.645175     2.4335     0.1514    90.8107    14.1087    38.8757    29.1622    168.831 0.0000e+00
    438.000    14.1745   4.645124     2.4323     0.1492    90.8094    14.1079    38.8754    29.1622    168.755 0.0000e+00
    439.000    14.1710   4.644731     2.4310     0.1528    90.8103    14.1044    38.8747    29.1624    168.683 0.0000e+00
    440.000    14.1674   4.644305     2.4301     0.1504    90.8100    14.1006    38.8739    29.1626    168.612 0.0000e+00
    441.000    14.1660   4.644191     2.4290     0.1521    90.8079    14.0991    38.8737    29.1628    168.731 0.0000e+00
    442.000    14.1657   4.644222     2.4301     0.1544    90.8001    14.0986    38.8739    29.1631    169.207 0.0000e+00
    443.000    14.1657   4.644278     2.4321     0.1508    90.8017    14.0984    38.8741    29.1632    169.221 0.0000e+00
    444.000    14.1639   4.644057     2.4316     0.1492    90.8062    14.0965    38.8733    29.1631    168.942 0.0000e+00
    445.000    14.1610   4.643742     2.4307     0.1495    90.7892    14.0934    38.8729    29.1634    168.830 0.0000e+00
    446.000    14.1597   4.643618     2.4297     0.1517    90.7980    14.0920    38.8725    29.1634    168.631 0.0000e+00
    447.000    14.1582   4.643461     2.4273     0.1552    90.7975    14.0903    38.8721    29.1635    168.332 0.0000e+00
    448.000    14.1572   4.643384     2.4257     0.1547    90.7975    14.0892    38.8720    29.1637    168.607 0.0000e+00
    449.000    14.1561   4.643243     2.4268     0.1501    90.7903    14.0879    38.8713    29.1634    168.946 0.0000e+00
    450.000    14.1536   4.643029     2.4276     0.1531    90.7904    14.0853    38.8713    29.1640    168.983 0.0000e+00
    451.000    14.1545   4.643200     2.4279     0.1576    90.7903    14.0861    38.8716    29.1640    168.769 0.0000e+00
    452.000    14.1528   4.642994     2.4255     0.1545    90.7901    14.0842    38.8709    29.1639    168.207 0.0000e+00
    453.000    14.1469   4.642263     2.4228     0.1515    90.7916    14.0782    38.8695    29.1642    168.210 0.0000e+00
    454.000    14.1417   4.641639     2.4224     0.1547    90.7950    14.0728    38.8685    29.1645    168.341 0.0000e+00
    455.000    14.1391   4.641399     2.4215     0.1570    90.7921    14.0701    38.8684    29.1650    168.446 0.0000e+00
    456.000    14.1390   4.641416     2.4226     0.1557    90.7953    14.0698    38.8682    29.1650    168.846 0.0000e+00
    457.000    14.1370   4.641183     2.4241     0.1534    90.7923    14.0677    38.8675    29.1649    168.671 0.0000e+00
    458.000    14.1334   4.640743     2.4222     0.1511    90.7951    14.0640    38.8666    29.1650    168.295 0.0000e+00
    459.000    14.1226   4.639360     2.4213     0.1535    90.7877    14.0530    38.8640    29.1654    168.280 0.0000e+00
    460.000    14.1195   4.639033     2.4194     0.1566    90.7877    14.0498    38.8637    29.1658    168.174 0.0000e+00
    461.000    14.1167   4.638712     2.4191     0.1540    90.7931    14.0469    38.8630    29.1659    168.297 0.0000e+00
    462.000    14.1125   4.638179     2.4183     0.1533    90.7891    14.0425    38.8618    29.1660    168.124 0.0000e+00
    463.000    14.1074   4.637596     2.4169     0.1564    90.7903    14.0372    38.8610    29.1665    168.000 0.0000e+00
    464.000    14.1038   4.637183     2.4158     0.1557    90.7891    14.0335    38.8603    29.1667    168.131 0.0000e+00
    465.000    14.1021   4.637024     2.4160     0.1509    90.7866    14.0317    38.8600    29.1669    168.178 0.0000e+00
    466.000    14.1004   4.636849     2.4153     0.1510    90.7891    14.0298    38.8597    29.1671    168.060 0.0000e+00
    467.000    14.1001   4.636851     2.4147     0.1543    90.7932    14.0293    38.8596    29.1671    168.085 0.0000e+00
    468.000    14.0990   4.636784     2.4147     0.1515    90.7965    14.0281    38.8596    29.1674    168.299 0.0000e+00
    469.000    14.0986   4.636768     2.4160     0.1463    90.7926    14.0275    38.8594    29.1674    168.455 0.0000e+00
    470.000    14.0982   4.636776     2.4156     0.1543    90.7925    14.0270    38.8594    29.1675    168.119 0.0000e+00
    471.000    14.0974   4.636723     2.4143     0.1559    90.7891    14.0261    38.8592    29.1676    168.140 0.0000e+00
    472.000    14.0975   4.636772     2.4147     0.1547    90.7891    14.0260    38.8592    29.1676    168.286 0.0000e+00
    473.000    14.0970   4.636746     2.4143     0.1544    90.7904    14.0253    38.8591    29.1676    168.221 0.0000e+00
    474.000    14.0964   4.636718     2.4143     0.1543    90.7914    14.0246    38.8590    29.1677    168.191 0.0000e+00
    475.000    14.0963   4.636762     2.4134     0.1583    90.7948    14.0244    38.8590    29.1677    168.097 0.0000e+00
    476.000    14.0966   4.636866     2.4131     0.1568    90.7996    14.0245    38.8592    29.1679    167.982 0.0000e+00
    477.000    14.0945   4.636606     2.4112     0.1552    90.7944    14.0223    38.8584    29.1677    167.710 0.0000e+00
    478.000    14.0939   4.636614     2.4098     0.1574    90.7957    14.0215    38.8587    29.1681    167.770 0.0000e+00
    479.000    14.0938   4.636627     2.4097     0.1589    90.8016    14.0212    38.8585    29.1681    167.912 0.0000e+00
    480.000    14.0936   4.636662     2.4093     0.1550    90.7957    14.0209    38.8586    29.1682    167.836 0.0000e+00
    481.000    14.0937   4.636725     2.4090     0.1553    90.8034    14.0208    38.8586    29.1682    167.938 0.0000e+00
    482.000    14.0938   4.636761     2.4093     0.1549    90.7979    14.0207    38.8585    29.1681    167.752 0.0000e+00
    483.000    14.0931   4.636735     2.4067     0.1536    90.7891    14.0200    38.8584    29.1682    167.262 0.0000e+00
    484.000    14.0935   4.636854     2.4046     0.1560    90.7967    14.0202    38.8587    29.1684    167.318 0.0000e+00
    485.000    14.0936   4.636905     2.4043     0.1550    90.7989    14.0201    38.8587    29.1684    167.493 0.0000e+00
    486.000    14.0928   4.636844     2.4041     0.1534    90.7932    14.0192    38.8585    29.1684    167.544 0.0000e+00
    487.000    14.0909   4.636622     2.4041     0.1546    90.8040    14.0172    38.8578    29.1684    167.659 0.0000e+00
    488.000    14.0901   4.636573     2.4051     0.1498    90.8084    14.0162    38.8577    29.1685    168.061 0.0000e+00
    489.000    14.0894   4.636516     2.4080     0.1484    90.8028    14.0154    38.8574    29.1685    168.328 0.0000e+00
    490.000    14.0870   4.636263     2.4087     0.1463    90.7983    14.0128    38.8570    29.1688    168.125 0.0000e+00
    491.000    14.0857   4.636117     2.4083     0.1481    90.8060    14.0114    38.8565    29.1686    168.070 0.0000e+00
    492.000    14.0811   4.635529     2.4086     0.1534    90.8023    14.0065    38.8552    29.1687    168.059 0.0000e+00
    493.000    14.0787   4.635320     2.4073     0.1539    90.8079    14.0041    38.8552    29.1692    167.864 0.0000e+00
    494.000    14.0782   4.635294     2.4066     0.1545    90.7970    14.0034    38.8550    29.1692    168.000 0.0000e+00
    495.000    14.0775   4.635232     2.4070     0.1552    90.8120    14.0025    38.8547    29.1692    167.963 0.0000e+00
    496.000    14.0763   4.635133     2.4055     0.1535    90.8036    14.0012    38.8545    29.1693    167.765 0.0000e+00
    497.000    14.0762   4.635163     2.4051     0.1520    90.8023    14.0010    38.8545    29.1693    167.851 0.0000e+00
    498.000    14.0756   4.635136     2.4046     0.1513    90.8017    14.0002    38.8544    29.1694    167.816 0.0000e+00
    499.000    14.0741   4.634941     2.4043     0.1520    90.8105    13.9985    38.8537    29.1692    167.772 0.0000e+00
    500.000    14.0733   4.634913     2.4032     0.1535    90.8109    13.9976    38.8537    29.1695    167.581 0.0000e+00
    501.000    14.0729   4.634916     2.4016     0.1527    90.8142    13.9971    38.8537    29.1695    167.462 0.0000e+00
    502.000    14.0699   4.634518     2.4007     0.1498    90.8053    13.9939    38.8526    29.1694    167.493 0.0000e+00
    503.000    14.0644   4.633852     2.4001     0.1508    90.8142    13.9883    38.8513    29.1696    167.541 0.0000e+00
    504.000    14.0630   4.633716     2.3999     0.1503    90.8128    13.9867    38.8511    29.1698    167.665 0.0000e+00
    505.000    14.0624   4.633689     2.4005     0.1522    90.8142    13.9859    38.8510    29.1699    167.699 0.0000e+00
    506.000    14.0622   4.633723     2.3998     0.1505    90.8094    13.9856    38.8511    29.1700    167.620 0.0000e+00
    507.000    14.0612   4.633646     2.4001     0.1509    90.8132    13.9845    38.8508    29.1701    167.832 0.0000e+00
    508.000    14.0611   4.633665     2.4008     0.1493    90.8114    13.9842    38.8507    29.1701    167.846 0.0000e+00
    509.000    14.0605   4.633641     2.4005     0.1512    90.8170    13.9835    38.8506    29.1702    167.726 0.0000e+00
    510.000    14.0602   4.633646     2.4001     0.1516    90.8176    13.9830    38.8506    29.1702    167.792 0.0000e+00
    511.000    14.0601   4.633663     2.4009     0.1519    90.8122    13.9827    38.8504    29.1702    167.935 0.0000e+00
    512.000    14.0602   4.633726     2.4002     0.1592    90.8142    13.9827    38.8504    29.1702    167.461 0.0000e+00
    513.000    14.0595   4.633687     2.3976     0.1554    90.8156    13.9819    38.8503    29.1703    167.149 0.0000e+00
    514.000    14.0579   4.633488     2.3959     0.1527    90.8116    13.9801    38.8497    29.1701    167.140 0.0000e+00
    515.000    14.0543   4.633071     2.3947     0.1468    90.8173    13.9764    38.8489    29.1703    167.168 0.0000e+00
    516.000    14.0519   4.632790     2.3933     0.1537    90.8176    13.9738    38.8482    29.1704    167.076 0.0000e+00
    517.000    14.0479   4.632317     2.3927     0.1538    90.8115    13.9697    38.8474    29.1706    167.339 0.0000e+00
    518.000    14.0441   4.631835     2.3940     0.1513    90.8105    13.9657    38.8463    29.1706    167.631 0.0000e+00
    519.000    14.0426   4.631719     2.3945     0.1528    90.8192    13.9641    38.8462    29.1709    167.363 0.0000e+00
    520.000    14.0415   4.631625     2.3931     0.1538    90.8244    13.9628    38.8460    29.1711    167.249 0.0000e+00
    521.000    14.0392   4.631335     2.3928     0.1516    90.8207    13.9604    38.8451    29.1709    167.173 0.0000e+00
    522.000    14.0391   4.631387     2.3912     0.1528    90.8181    13.9601    38.8453    29.1711    166.915 0.0000e+00
    523.000    14.0386   4.631374     2.3898     0.1541    90.8229    13.9595    38.8452    29.1711    166.897 0.0000e+00
    524.000    14.0385   4.631409     2.3891     0.1560    90.8240    13.9592    38.8452    29.1712    167.164 0.0000e+00
    525.000    14.0386   4.631470     2.3908     0.1556    90.8302    13.9592    38.8452    29.1712    167.424 0.0000e+00
