Data/raw_excel/lovbio084d/CTD/bioargomed06.cnv
* Sea-Bird SBE 9 Data File:
* FileName = C:\CTD\raw\bioargomed06.hdr
* Software Version Seasave V 7.23.2
* Temperature SN = 2473
* Conductivity SN = 1313
* Number of Bytes Per Scan = 31
* Number of Voltage Words = 4
* Number of Scans Averaged by the Deck Unit = 1
* NMEA Latitude = 34 13.89 N
* NMEA Longitude = 024 49.68 E
* NMEA UTC (Time) = May 22 2015  10:11:37
* NMEA baud rate = 4800
** Ship: TETHYS 2
** Cruise: BIOARGOMED
** Station: 06
# nquan = 11
# nvalues = 1005                        
# units = specified
# name 0 = prDM: Pressure, Digiquartz [db]
# name 1 = t090C: Temperature [ITS-90, deg C]
# name 2 = c0S/m: Conductivity [S/m]
# name 3 = sbeox0V: Oxygen raw, SBE 43 [V]
# name 4 = flC: Fluorescence, Chelsea Aqua 3 Chl Con [ug/l]
# name 5 = CStarTr0: Beam Transmission, WET Labs C-Star [%]
# name 6 = potemp090C: Potential Temperature [ITS-90, deg C]
# name 7 = sal00: Salinity, Practical [PSU]
# name 8 = sigma-é00: Density [sigma-theta, kg/m^3]
# name 9 = sbeox0Mm/Kg: Oxygen, SBE 43 [umol/kg], WS = 2
# name 10 = flag: flag
# span 0 =      2.000,   1006.000       
# span 1 =    13.8251,    20.2808       
# span 2 =   4.614919,   5.328698       
# span 3 =     2.2747,     3.2958       
# span 4 =     0.1420,     0.3276       
# span 5 =    88.5858,    90.9967       
# span 6 =    13.6796,    20.2804       
# span 7 =    38.7812,    39.1909       
# span 8 =    27.8784,    29.1828       
# span 9 =    163.805,    224.802       
# span 10 = 0.0000e+00, 0.0000e+00      
# interval = decibars: 1                
# start_time = May 22 2015 10:11:37 [NMEA time, header]
# bad_flag = -9.990e-29
*END*
[from data line 263]
    265.000    14.7232   4.706893     2.5786     0.1542    90.7131    14.6822    38.9786    29.1149    177.047 0.0000e+00
    266.000    14.7174   4.706199     2.5773     0.1546    90.7430    14.6762    38.9775    29.1154    176.843 0.0000e+00
    267.000    14.7129   4.705699     2.5756     0.1518    90.7256    14.6716    38.9769    29.1160    176.694 0.0000e+00
    268.000    14.7068   4.704960     2.5744     0.1524    90.7376    14.6653    38.9757    29.1165    176.643 0.0000e+00
    269.000    14.7008   4.704254     2.5731     0.1547    90.7295    14.6592    38.9747    29.1170    176.502 0.0000e+00
    270.000    14.6964   4.703733     2.5713     0.1552    90.7330    14.6546    38.9739    29.1174    176.368 0.0000e+00
    271.000    14.6934   4.703398     2.5692     0.1565    90.7350    14.6515    38.9733    29.1177    176.130 0.0000e+00
    272.000    14.6821   4.701924     2.5662     0.1588    90.7392    14.6400    38.9705    29.1181    175.823 0.0000e+00
    273.000    14.6688   4.700378     2.5634     0.1544    90.7378    14.6266    38.9689    29.1198    175.613 0.0000e+00
    274.000    14.6625   4.699634     2.5609     0.1550    90.7363    14.6202    38.9679    29.1205    175.337 0.0000e+00
    275.000    14.6585   4.699137     2.5576     0.1588    90.7365    14.6160    38.9668    29.1206    175.108 0.0000e+00
    276.000    14.6507   4.698260     2.5552     0.1566    90.7380    14.6081    38.9660    29.1218    175.231 0.0000e+00
    277.000    14.6482   4.697983     2.5551     0.1529    90.7370    14.6054    38.9655    29.1220    175.574 0.0000e+00
    278.000    14.6434   4.697375     2.5557     0.1520    90.7391    14.6005    38.9642    29.1221    175.644 0.0000e+00
    279.000    14.6367   4.696661     2.5559     0.1515    90.7271    14.5937    38.9638    29.1232    175.720 0.0000e+00
    280.000    14.6358   4.696583     2.5565     0.1527    90.7404    14.5926    38.9636    29.1233    175.817 0.0000e+00
    281.000    14.6330   4.696246     2.5568     0.1576    90.7404    14.5896    38.9628    29.1234    175.749 0.0000e+00
    282.000    14.6302   4.695972     2.5557     0.1570    90.7506    14.5867    38.9626    29.1239    175.607 0.0000e+00
    283.000    14.6286   4.695819     2.5553     0.1560    90.7421    14.5850    38.9623    29.1241    175.706 0.0000e+00
    284.000    14.6250   4.695393     2.5555     0.1572    90.7379    14.5812    38.9616    29.1243    175.791 0.0000e+00
    285.000    14.6210   4.694920     2.5556     0.1608    90.7430    14.5770    38.9607    29.1246    175.593 0.0000e+00
    286.000    14.6158   4.694327     2.5532     0.1590    90.7444    14.5717    38.9599    29.1252    175.268 0.0000e+00
    287.000    14.6133   4.694090     2.5517     0.1565    90.7342    14.5690    38.9598    29.1257    175.279 0.0000e+00
    288.000    14.6105   4.693769     2.5504     0.1560    90.7296    14.5661    38.9592    29.1258    175.390 0.0000e+00
    289.000    14.6080   4.693542     2.5514     0.1536    90.7228    14.5635    38.9591    29.1263    175.905 0.0000e+00
    290.000    14.6066   4.693411     2.5542     0.1563    90.7188    14.5619    38.9589    29.1265    176.162 0.0000e+00
    291.000    14.6049   4.693236     2.5545     0.1628    90.7227    14.5600    38.9585    29.1267    175.606 0.0000e+00
    292.000    14.6035   4.693113     2.5511     0.1643    90.7228    14.5584    38.9583    29.1269    175.261 0.0000e+00
    293.000    14.6023   4.692996     2.5505     0.1612    90.7258    14.5571    38.9580    29.1269    175.483 0.0000e+00
    294.000    14.6000   4.692780     2.5499     0.1578    90.7311    14.5547    38.9578    29.1273    175.370 0.0000e+00
    295.000    14.5969   4.692457     2.5487     0.1520    90.7379    14.5514    38.9575    29.1278    175.448 0.0000e+00
    296.000    14.5933   4.692120     2.5497     0.1507    90.7380    14.5477    38.9575    29.1286    175.867 0.0000e+00
    297.000    14.5911   4.692114     2.5516     0.1585    90.7367    14.5453    38.9593    29.1305    176.057 0.0000e+00
    298.000    14.5961   4.692961     2.5527     0.1584    90.7294    14.5502    38.9616    29.1313    176.140 0.0000e+00
    299.000    14.5967   4.693112     2.5542     0.1552    90.7219    14.5506    38.9620    29.1315    176.378 0.0000e+00
    300.000    14.5958   4.693029     2.5559     0.1521    90.7152    14.5496    38.9617    29.1314    176.241 0.0000e+00
    301.000    14.5924   4.692637     2.5537     0.1530    90.7140    14.5460    38.9610    29.1317    175.797 0.0000e+00
    302.000    14.5885   4.692172     2.5532     0.1542    90.7046    14.5420    38.9601    29.1319    176.363 0.0000e+00
    303.000    14.5845   4.691737     2.5564     0.1544    90.7105    14.5378    38.9597    29.1325    176.629 0.0000e+00
    304.000    14.5807   4.691310     2.5555     0.1541    90.6865    14.5338    38.9591    29.1330    175.922 0.0000e+00
    305.000    14.5790   4.691182     2.5517     0.1533    90.6915    14.5320    38.9591    29.1334    175.541 0.0000e+00
    306.000    14.5740   4.690499     2.5500     0.1527    90.6902    14.5269    38.9573    29.1331    175.574 0.0000e+00
    307.000    14.5648   4.689384     2.5478     0.1518    90.6985    14.5175    38.9557    29.1340    175.573 0.0000e+00
    308.000    14.5602   4.688878     2.5478     0.1527    90.6965    14.5128    38.9552    29.1346    175.823 0.0000e+00
    309.000    14.5584   4.688700     2.5478     0.1516    90.7053    14.5108    38.9549    29.1348    175.817 0.0000e+00
    310.000    14.5559   4.688400     2.5475     0.1547    90.7004    14.5082    38.9541    29.1348    175.674 0.0000e+00
    311.000    14.5545   4.688283     2.5460     0.1557    90.7090    14.5066    38.9540    29.1351    175.440 0.0000e+00
    312.000    14.5520   4.688007     2.5444     0.1579    90.7029    14.5039    38.9535    29.1353    175.311 0.0000e+00
    313.000    14.5496   4.687766     2.5429     0.1588    90.6891    14.5014    38.9532    29.1356    174.998 0.0000e+00
    314.000    14.5433   4.686896     2.5388     0.1594    90.7024    14.4950    38.9509    29.1353    174.543 0.0000e+00
    315.000    14.5394   4.686501     2.5358     0.1616    90.6387    14.4909    38.9508    29.1361    174.610 0.0000e+00
    316.000    14.5360   4.686052     2.5343     0.1621    90.7022    14.4874    38.9495    29.1359    174.513 0.0000e+00
    317.000    14.5297   4.685308     2.5327     0.1597    90.7044    14.4809    38.9485    29.1365    174.402 0.0000e+00
    318.000    14.5255   4.684774     2.5314     0.1594    90.7035    14.4767    38.9472    29.1365    174.315 0.0000e+00
    319.000    14.5218   4.684367     2.5299     0.1572    90.7010    14.4728    38.9467    29.1370    174.416 0.0000e+00
    320.000    14.5191   4.684082     2.5304     0.1545    90.6825    14.4699    38.9463    29.1373    174.601 0.0000e+00
    321.000    14.5164   4.683778     2.5301     0.1560    90.7093    14.4671    38.9457    29.1374    174.419 0.0000e+00
    322.000    14.5111   4.683133     2.5288     0.1555    90.7096    14.4616    38.9446    29.1378    174.444 0.0000e+00
    323.000    14.5064   4.682592     2.5294     0.1583    90.7087    14.4568    38.9438    29.1383    174.554 0.0000e+00
    324.000    14.5039   4.682311     2.5282     0.1591    90.7116    14.4542    38.9432    29.1384    174.150 0.0000e+00
    325.000    14.4998   4.681861     2.5251     0.1570    90.7118    14.4499    38.9427    29.1389    173.828 0.0000e+00
    326.000    14.4990   4.681809     2.5228     0.1585    90.7096    14.4490    38.9426    29.1390    173.685 0.0000e+00
    327.000    14.4987   4.681820     2.5204     0.1586    90.7127    14.4485    38.9426    29.1391    173.494 0.0000e+00
    328.000    14.4942   4.681185     2.5190     0.1548    90.7114    14.4438    38.9407    29.1388    173.645 0.0000e+00
    329.000    14.4879   4.680459     2.5191     0.1538    90.7114    14.4374    38.9398    29.1394    173.641 0.0000e+00
    330.000    14.4837   4.679965     2.5170     0.1519    90.7128    14.4330    38.9389    29.1398    173.220 0.0000e+00
    331.000    14.4768   4.679059     2.5146     0.1555    90.7162    14.4260    38.9369    29.1398    173.131 0.0000e+00
    332.000    14.4709   4.678392     2.5124     0.1598    90.7140    14.4200    38.9362    29.1405    172.913 0.0000e+00
    333.000    14.4686   4.678169     2.5101     0.1545    90.7074    14.4175    38.9361    29.1410    172.720 0.0000e+00
    334.000    14.4672   4.678025     2.5083     0.1521    90.7140    14.4159    38.9356    29.1410    172.891 0.0000e+00
    335.000    14.4659   4.677910     2.5093     0.1546    90.7105    14.4145    38.9354    29.1411    173.165 0.0000e+00
    336.000    14.4645   4.677774     2.5086     0.1517    90.7107    14.4129    38.9351    29.1413    172.640 0.0000e+00
    337.000    14.4630   4.677619     2.5048     0.1541    90.7189    14.4113    38.9347    29.1413    172.446 0.0000e+00
    338.000    14.4606   4.677377     2.5055     0.1507    90.7152    14.4088    38.9344    29.1416    172.956 0.0000e+00
    339.000    14.4591   4.677229     2.5059     0.1528    90.7140    14.4072    38.9340    29.1417    172.777 0.0000e+00
    340.000    14.4571   4.676994     2.5044     0.1545    90.7140    14.4050    38.9334    29.1418    172.611 0.0000e+00
    341.000    14.4521   4.676425     2.5045     0.1570    90.7108    14.3999    38.9327    29.1423    172.782 0.0000e+00
    342.000    14.4464   4.675710     2.5033     0.1537    90.7032    14.3940    38.9313    29.1425    172.188 0.0000e+00
    343.000    14.4419   4.675230     2.4982     0.1523    90.7102    14.3893    38.9309    29.1432    171.704 0.0000e+00
    344.000    14.4415   4.675210     2.4968     0.1523    90.7168    14.3888    38.9307    29.1432    172.047 0.0000e+00
    345.000    14.4370   4.674642     2.4965     0.1522    90.7193    14.3841    38.9295    29.1433    171.944 0.0000e+00
    346.000    14.4324   4.674086     2.4943     0.1544    90.7164    14.3794    38.9284    29.1435    171.698 0.0000e+00
    347.000    14.4214   4.672627     2.4927     0.1551    90.7014    14.3683    38.9253    29.1436    171.705 0.0000e+00
    348.000    14.4088   4.671074     2.4914     0.1544    90.7192    14.3555    38.9230    29.1446    171.596 0.0000e+00
    349.000    14.3888   4.668555     2.4892     0.1511    90.7260    14.3354    38.9191    29.1460    171.184 0.0000e+00
    350.000    14.3833   4.667898     2.4857     0.1491    90.7320    14.3297    38.9181    29.1465    170.918 0.0000e+00
    351.000    14.3770   4.667177     2.4838     0.1461    90.7273    14.3234    38.9171    29.1472    171.122 0.0000e+00
    352.000    14.3763   4.667156     2.4835     0.1470    90.7358    14.3225    38.9172    29.1474    171.157 0.0000e+00
    353.000    14.3732   4.666748     2.4815     0.1542    90.7204    14.3193    38.9160    29.1472    170.712 0.0000e+00
    354.000    14.3667   4.665942     2.4781     0.1555    90.7267    14.3126    38.9146    29.1476    170.486 0.0000e+00
    355.000    14.3620   4.665389     2.4768     0.1559    90.7378    14.3077    38.9138    29.1480    170.597 0.0000e+00
    356.000    14.3582   4.664934     2.4761     0.1595    90.7321    14.3038    38.9128    29.1481    170.622 0.0000e+00
    357.000    14.3541   4.664460     2.4754     0.1583    90.7336    14.2996    38.9120    29.1485    170.670 0.0000e+00
    358.000    14.3505   4.664055     2.4751     0.1564    90.7401    14.2959    38.9114    29.1488    170.759 0.0000e+00
    359.000    14.3507   4.664153     2.4757     0.1559    90.7364    14.2958    38.9117    29.1491    170.839 0.0000e+00
    360.000    14.3502   4.664146     2.4750     0.1555    90.7332    14.2953    38.9117    29.1491    170.605 0.0000e+00
    361.000    14.3489   4.664027     2.4740     0.1558    90.7377    14.2937    38.9115    29.1493    170.694 0.0000e+00
    362.000    14.3480   4.663953     2.4750     0.1534    90.7340    14.2927    38.9112    29.1493    171.107 0.0000e+00
    363.000    14.3462   4.663770     2.4770     0.1517    90.7414    14.2908    38.9108    29.1495    171.098 0.0000e+00
    364.000    14.3436   4.663457     2.4757     0.1526    90.7391    14.2880    38.9102    29.1496    170.588 0.0000e+00
    365.000    14.3348   4.662373     2.4732     0.1536    90.7264    14.2791    38.9083    29.1501    170.254 0.0000e+00
    366.000    14.3244   4.661079     2.4703     0.1557    90.7420    14.2686    38.9062    29.1508    170.207 0.0000e+00
    367.000    14.3212   4.660744     2.4696     0.1559    90.7242    14.2652    38.9059    29.1513    170.316 0.0000e+00
    368.000    14.3167   4.660202     2.4678     0.1565    90.7412    14.2606    38.9049    29.1515    169.923 0.0000e+00
    369.000    14.3103   4.659396     2.4646     0.1528    90.7425    14.2540    38.9033    29.1517    169.833 0.0000e+00
    370.000    14.3068   4.659019     2.4641     0.1519    90.7451    14.2504    38.9028    29.1521    169.917 0.0000e+00
    371.000    14.3022   4.658477     2.4623     0.1515    90.7378    14.2457    38.9019    29.1525    169.804 0.0000e+00
    372.000    14.3004   4.658320     2.4623     0.1532    90.7391    14.2437    38.9018    29.1528    170.255 0.0000e+00
    373.000    14.2987   4.658139     2.4644     0.1531    90.7488    14.2419    38.9014    29.1529    170.537 0.0000e+00
    374.000    14.2962   4.657839     2.4652     0.1552    90.7393    14.2392    38.9006    29.1529    170.427 0.0000e+00
    375.000    14.2965   4.657956     2.4651     0.1558    90.7432    14.2394    38.9010    29.1532    170.344 0.0000e+00
    376.000    14.2948   4.657761     2.4649     0.1522    90.7475    14.2375    38.9004    29.1532    170.290 0.0000e+00
    377.000    14.2941   4.657708     2.4644     0.1489    90.7453    14.2366    38.9002    29.1532    170.250 0.0000e+00
    378.000    14.2934   4.657666     2.4639     0.1519    90.7569    14.2358    38.9001    29.1532    170.224 0.0000e+00
    379.000    14.2916   4.657448     2.4634     0.1531    90.7447    14.2338    38.8994    29.1532    170.259 0.0000e+00
    380.000    14.2894   4.657236     2.4635     0.1548    90.7562    14.2315    38.8992    29.1535    170.367 0.0000e+00
    381.000    14.2885   4.657178     2.4638     0.1570    90.7516    14.2305    38.8990    29.1536    170.363 0.0000e+00
    382.000    14.2879   4.657115     2.4628     0.1590    90.7516    14.2297    38.8986    29.1535    170.120 0.0000e+00
    383.000    14.2807   4.656149     2.4618     0.1531    90.7598    14.2224    38.8963    29.1533    170.135 0.0000e+00
    384.000    14.2749   4.655516     2.4614     0.1502    90.7597    14.2165    38.8958    29.1542    170.286 0.0000e+00
    385.000    14.2745   4.655510     2.4619     0.1517    90.7664    14.2159    38.8957    29.1542    170.228 0.0000e+00
    386.000    14.2743   4.655527     2.4594     0.1550    90.7596    14.2155    38.8957    29.1543    169.582 0.0000e+00
    387.000    14.2725   4.655337     2.4553     0.1550    90.7709    14.2136    38.8952    29.1544    169.193 0.0000e+00
    388.000    14.2702   4.655088     2.4522     0.1528    90.7574    14.2111    38.8948    29.1546    169.004 0.0000e+00
    389.000    14.2673   4.654672     2.4503     0.1566    90.7496    14.2080    38.8934    29.1542    169.216 0.0000e+00
    390.000    14.2607   4.653913     2.4509     0.1586    90.7769    14.2014    38.8924    29.1549    169.599 0.0000e+00
    391.000    14.2593   4.653794     2.4521     0.1580    90.7841    14.1998    38.8922    29.1551    169.900 0.0000e+00
    392.000    14.2578   4.653619     2.4547     0.1558    90.7900    14.1981    38.8917    29.1551    170.257 0.0000e+00
    393.000    14.2549   4.653285     2.4567     0.1520    90.7833    14.1951    38.8910    29.1552    170.258 0.0000e+00
    394.000    14.2503   4.652730     2.4571     0.1549    90.7946    14.1904    38.8900    29.1554    170.208 0.0000e+00
