Data/raw_excel/lovbio084d/CTD/bioargomed06.cnv
* Sea-Bird SBE 9 Data File:
* FileName = C:\CTD\raw\bioargomed06.hdr
* Software Version Seasave V 7.23.2
* Temperature SN = 2473
* Conductivity SN = 1313
* Number of Bytes Per Scan = 31
* Number of Voltage Words = 4
* Number of Scans Averaged by the Deck Unit = 1
* NMEA Latitude = 34 13.89 N
* NMEA Longitude = 024 49.68 E
* NMEA UTC (Time) = May 22 2015  10:11:37
* NMEA baud rate = 4800
** Ship: TETHYS 2
** Cruise: BIOARGOMED
** Station: 06
# nquan = 11
# nvalues = 1005                        
# units = specified
# name 0 = prDM: Pressure, Digiquartz [db]
# name 1 = t090C: Temperature [ITS-90, deg C]
# name 2 = c0S/m: Conductivity [S/m]
# name 3 = sbeox0V: Oxygen raw, SBE 43 [V]
# name 4 = flC: Fluorescence, Chelsea Aqua 3 Chl Con [ug/l]
# name 5 = CStarTr0: Beam Transmission, WET Labs C-Star [%]
# name 6 = potemp090C: Potential Temperature [ITS-90, deg C]
# name 7 = sal00: Salinity, Practical [PSU]
# name 8 = sigma-é00: Density [sigma-theta, kg/m^3]
# name 9 = sbeox0Mm/Kg: Oxygen, SBE 43 [umol/kg], WS = 2
# name 10 = flag: flag
# span 0 =      2.000,   1006.000       
# span 1 =    13.8251,    20.2808       
# span 2 =   4.614919,   5.328698       
# span 3 =     2.2747,     3.2958       
# span 4 =     0.1420,     0.3276       
# span 5 =    88.5858,    90.9967       
# span 6 =    13.6796,    20.2804       
# span 7 =    38.7812,    39.1909       
# span 8 =    27.8784,    29.1828       
# span 9 =    163.805,    224.802       
# span 10 = 0.0000e+00, 0.0000e+00      
# interval = decibars: 1                
# start_time = May 22 2015 10:11:37 [NMEA time, header]
# bad_flag = -9.990e-29
*END*
[from data line 919]
    921.000    13.8307   4.620945     2.2844     0.1498    90.9618    13.6910    38.7832    29.1811    165.735 0.0000e+00
    922.000    13.8308   4.621006     2.2857     0.1518    90.9644    13.6909    38.7832    29.1812    165.848 0.0000e+00
    923.000    13.8310   4.621074     2.2857     0.1511    90.9547    13.6910    38.7832    29.1811    165.566 0.0000e+00
    924.000    13.8310   4.621124     2.2846     0.1527    90.9451    13.6908    38.7832    29.1812    165.517 0.0000e+00
    925.000    13.8308   4.621165     2.2850     0.1515    90.9580    13.6905    38.7834    29.1814    165.657 0.0000e+00
    926.000    13.8309   4.621195     2.2845     0.1507    90.9601    13.6904    38.7832    29.1812    165.696 0.0000e+00
    927.000    13.8309   4.621242     2.2854     0.1508    90.9644    13.6903    38.7831    29.1812    165.903 0.0000e+00
    928.000    13.8309   4.621283     2.2856     0.1510    90.9644    13.6901    38.7831    29.1812    165.862 0.0000e+00
    929.000    13.8304   4.621254     2.2859     0.1442    90.9644    13.6895    38.7829    29.1812    165.789 0.0000e+00
    930.000    13.8300   4.621249     2.2851     0.1420    90.9670    13.6890    38.7828    29.1813    165.675 0.0000e+00
    931.000    13.8299   4.621283     2.2849     0.1461    90.9669    13.6887    38.7828    29.1813    165.911 0.0000e+00
    932.000    13.8300   4.621346     2.2860     0.1486    90.9668    13.6886    38.7829    29.1814    165.988 0.0000e+00
    933.000    13.8304   4.621434     2.2853     0.1525    90.9619    13.6889    38.7829    29.1814    165.666 0.0000e+00
    934.000    13.8307   4.621529     2.2843     0.1512    90.9684    13.6889    38.7831    29.1815    165.648 0.0000e+00
    935.000    13.8308   4.621578     2.2841     0.1533    90.9629    13.6889    38.7830    29.1814    165.729 0.0000e+00
    936.000    13.8310   4.621627     2.2838     0.1528    90.9616    13.6889    38.7829    29.1813    165.593 0.0000e+00
    937.000    13.8309   4.621665     2.2825     0.1524    90.9656    13.6887    38.7829    29.1814    165.496 0.0000e+00
    938.000    13.8309   4.621706     2.2825     0.1537    90.9676    13.6885    38.7829    29.1814    165.682 0.0000e+00
    939.000    13.8310   4.621781     2.2825     0.1509    90.9666    13.6886    38.7830    29.1815    165.773 0.0000e+00
    940.000    13.8313   4.621863     2.2831     0.1538    90.9658    13.6887    38.7830    29.1815    165.793 0.0000e+00
    941.000    13.8314   4.621913     2.2825     0.1552    90.9555    13.6886    38.7830    29.1815    165.677 0.0000e+00
    942.000    13.8314   4.621956     2.2825     0.1533    90.9556    13.6884    38.7830    29.1815    165.767 0.0000e+00
    943.000    13.8314   4.621982     2.2828     0.1489    90.9677    13.6882    38.7828    29.1814    165.920 0.0000e+00
    944.000    13.8315   4.622049     2.2833     0.1530    90.9620    13.6882    38.7829    29.1815    165.997 0.0000e+00
    945.000    13.8317   4.622126     2.2837     0.1510    90.9478    13.6883    38.7830    29.1816    165.874 0.0000e+00
    946.000    13.8319   4.622168     2.2826     0.1528    90.9642    13.6883    38.7828    29.1814    165.622 0.0000e+00
    947.000    13.8315   4.622172     2.2817     0.1523    90.9702    13.6877    38.7828    29.1815    165.454 0.0000e+00
    948.000    13.8308   4.622102     2.2798     0.1495    90.9656    13.6869    38.7824    29.1814    165.361 0.0000e+00
    949.000    13.8300   4.622053     2.2792     0.1464    90.9657    13.6860    38.7823    29.1815    165.630 0.0000e+00
    950.000    13.8296   4.622048     2.2802     0.1508    90.9672    13.6854    38.7822    29.1815    165.819 0.0000e+00
    951.000    13.8296   4.622102     2.2803     0.1525    90.9696    13.6853    38.7823    29.1816    165.694 0.0000e+00
    952.000    13.8298   4.622165     2.2795     0.1506    90.9688    13.6853    38.7823    29.1817    165.414 0.0000e+00
    953.000    13.8292   4.622118     2.2783     0.1483    90.9644    13.6846    38.7820    29.1816    165.426 0.0000e+00
    954.000    13.8292   4.622160     2.2776     0.1535    90.9729    13.6843    38.7820    29.1816    165.189 0.0000e+00
    955.000    13.8295   4.622230     2.2759     0.1543    90.9503    13.6845    38.7819    29.1815    165.109 0.0000e+00
    956.000    13.8293   4.622243     2.2755     0.1495    90.9674    13.6841    38.7819    29.1816    165.220 0.0000e+00
    957.000    13.8290   4.622255     2.2751     0.1528    90.9668    13.6837    38.7818    29.1816    165.265 0.0000e+00
    958.000    13.8289   4.622270     2.2752     0.1560    90.9735    13.6834    38.7817    29.1816    165.504 0.0000e+00
    959.000    13.8290   4.622347     2.2763     0.1525    90.9719    13.6834    38.7818    29.1817    165.754 0.0000e+00
    960.000    13.8292   4.622419     2.2775     0.1513    90.9761    13.6835    38.7818    29.1817    165.873 0.0000e+00
    961.000    13.8294   4.622480     2.2782     0.1486    90.9714    13.6835    38.7818    29.1817    165.771 0.0000e+00
    962.000    13.8295   4.622545     2.2780     0.1476    90.9682    13.6834    38.7819    29.1817    165.798 0.0000e+00
    963.000    13.8297   4.622610     2.2787     0.1490    90.9736    13.6834    38.7819    29.1817    165.830 0.0000e+00
    964.000    13.8298   4.622655     2.2781     0.1521    90.9680    13.6834    38.7818    29.1817    165.645 0.0000e+00
    965.000    13.8298   4.622700     2.2777     0.1543    90.9686    13.6832    38.7818    29.1817    165.655 0.0000e+00
    966.000    13.8298   4.622759     2.2772     0.1558    90.9776    13.6831    38.7819    29.1818    165.501 0.0000e+00
    967.000    13.8300   4.622802     2.2761     0.1529    90.9728    13.6832    38.7817    29.1816    165.499 0.0000e+00
    968.000    13.8299   4.622863     2.2765     0.1542    90.9788    13.6829    38.7819    29.1819    165.800 0.0000e+00
    969.000    13.8298   4.622884     2.2769     0.1505    90.9632    13.6826    38.7818    29.1819    165.678 0.0000e+00
    970.000    13.8299   4.622931     2.2756     0.1544    90.9737    13.6825    38.7818    29.1818    165.388 0.0000e+00
    971.000    13.8298   4.622973     2.2747     0.1515    90.9713    13.6824    38.7817    29.1819    165.593 0.0000e+00
    972.000    13.8298   4.623004     2.2757     0.1463    90.9733    13.6822    38.7816    29.1818    165.992 0.0000e+00
    973.000    13.8292   4.622961     2.2771     0.1457    90.9732    13.6814    38.7814    29.1818    166.007 0.0000e+00
    974.000    13.8293   4.623033     2.2767     0.1456    90.9775    13.6814    38.7816    29.1819    165.861 0.0000e+00
    975.000    13.8286   4.622986     2.2777     0.1484    90.9748    13.6805    38.7815    29.1820    166.301 0.0000e+00
    976.000    13.8279   4.622935     2.2795     0.1507    90.9794    13.6797    38.7812    29.1820    166.405 0.0000e+00
    977.000    13.8283   4.623035     2.2797     0.1496    90.9853    13.6798    38.7814    29.1821    166.113 0.0000e+00
    978.000    13.8292   4.623216     2.2789     0.1515    90.9761    13.6806    38.7817    29.1822    165.956 0.0000e+00
    979.000    13.8303   4.623390     2.2782     0.1472    90.9673    13.6816    38.7818    29.1820    166.031 0.0000e+00
    980.000    13.8306   4.623480     2.2785     0.1493    90.9669    13.6817    38.7819    29.1821    166.083 0.0000e+00
    981.000    13.8309   4.623576     2.2776     0.1534    90.9734    13.6818    38.7821    29.1823    165.873 0.0000e+00
    982.000    13.8318   4.623733     2.2770     0.1523    90.9788    13.6825    38.7823    29.1823    165.944 0.0000e+00
    983.000    13.8320   4.623815     2.2767     0.1536    90.9712    13.6826    38.7824    29.1823    166.004 0.0000e+00
    984.000    13.8325   4.623902     2.2769     0.1540    90.9658    13.6830    38.7822    29.1821    166.038 0.0000e+00
    985.000    13.8323   4.623935     2.2765     0.1532    90.9801    13.6826    38.7823    29.1823    165.975 0.0000e+00
    986.000    13.8323   4.623979     2.2764     0.1538    90.9724    13.6824    38.7824    29.1824    165.885 0.0000e+00
    987.000    13.8330   4.624119     2.2751     0.1540    90.9681    13.6830    38.7826    29.1823    165.706 0.0000e+00
    988.000    13.8337   4.624240     2.2747     0.1515    90.9749    13.6836    38.7825    29.1822    165.891 0.0000e+00
    989.000    13.8335   4.624256     2.2749     0.1474    90.9682    13.6832    38.7825    29.1823    166.047 0.0000e+00
    990.000    13.8332   4.624246     2.2758     0.1496    90.9723    13.6827    38.7823    29.1822    166.229 0.0000e+00
    991.000    13.8332   4.624297     2.2768     0.1532    90.9790    13.6826    38.7823    29.1822    166.371 0.0000e+00
    992.000    13.8345   4.624531     2.2778     0.1555    90.9807    13.6836    38.7829    29.1825    166.541 0.0000e+00
    993.000    13.8349   4.624619     2.2793     0.1527    90.9727    13.6840    38.7828    29.1823    166.565 0.0000e+00
    994.000    13.8350   4.624687     2.2779     0.1498    90.9829    13.6839    38.7829    29.1824    165.948 0.0000e+00
    995.000    13.8353   4.624775     2.2760     0.1511    90.9771    13.6840    38.7831    29.1826    166.172 0.0000e+00
    996.000    13.8356   4.624847     2.2775     0.1551    90.9781    13.6841    38.7830    29.1824    166.517 0.0000e+00
    997.000    13.8357   4.624919     2.2781     0.1596    90.9765    13.6841    38.7832    29.1826    166.473 0.0000e+00
    998.000    13.8358   4.624972     2.2779     0.1554    90.9734    13.6841    38.7831    29.1826    166.412 0.0000e+00
    999.000    13.8360   4.625039     2.2775     0.1523    90.9824    13.6841    38.7831    29.1826    166.294 0.0000e+00
   1000.000    13.8362   4.625109     2.2774     0.1507    90.9781    13.6842    38.7831    29.1825    166.556 0.0000e+00
   1001.000    13.8367   4.625204     2.2777     0.1520    90.9800    13.6844    38.7832    29.1825    166.517 0.0000e+00
   1002.000    13.8361   4.625164     2.2764     0.1543    90.9814    13.6837    38.7829    29.1825    166.427 0.0000e+00
   1003.000    13.8347   4.625004     2.2766     0.1535    90.9850    13.6822    38.7824    29.1824    166.396 0.0000e+00
   1004.000    13.8353   4.625142     2.2775     0.1546    90.9756    13.6826    38.7827    29.1825    166.526 0.0000e+00
   1005.000    13.8346   4.625115     2.2784     0.1603    90.9887    13.6817    38.7827    29.1827    166.712 0.0000e+00
   1006.000    13.8326   4.624892     2.2783     0.1601    90.9967    13.6796    38.7822    29.1828    166.671 0.0000e+00
