Data/raw_excel/lovbio084d/CTD/bioargomed06.cnv
* Sea-Bird SBE 9 Data File:
* FileName = C:\CTD\raw\bioargomed06.hdr
* Software Version Seasave V 7.23.2
* Temperature SN = 2473
* Conductivity SN = 1313
* Number of Bytes Per Scan = 31
* Number of Voltage Words = 4
* Number of Scans Averaged by the Deck Unit = 1
* NMEA Latitude = 34 13.89 N
* NMEA Longitude = 024 49.68 E
* NMEA UTC (Time) = May 22 2015  10:11:37
* NMEA baud rate = 4800
** Ship: TETHYS 2
** Cruise: BIOARGOMED
** Station: 06
# nquan = 11
# nvalues = 1005                        
# units = specified
# name 0 = prDM: Pressure, Digiquartz [db]
# name 1 = t090C: Temperature [ITS-90, deg C]
# name 2 = c0S/m: Conductivity [S/m]
# name 3 = sbeox0V: Oxygen raw, SBE 43 [V]
# name 4 = flC: Fluorescence, Chelsea Aqua 3 Chl Con [ug/l]
# name 5 = CStarTr0: Beam Transmission, WET Labs C-Star [%]
# name 6 = potemp090C: Potential Temperature [ITS-90, deg C]
# name 7 = sal00: Salinity, Practical [PSU]
# name 8 = sigma-é00: Density [sigma-theta, kg/m^3]
# name 9 = sbeox0Mm/Kg: Oxygen, SBE 43 [umol/kg], WS = 2
# name 10 = flag: flag
# span 0 =      2.000,   1006.000       
# span 1 =    13.8251,    20.2808       
# span 2 =   4.614919,   5.328698       
# span 3 =     2.2747,     3.2958       
# span 4 =     0.1420,     0.3276       
# span 5 =    88.5858,    90.9967       
# span 6 =    13.6796,    20.2804       
# span 7 =    38.7812,    39.1909       
# span 8 =    27.8784,    29.1828       
# span 9 =    163.805,    224.802       
# span 10 = 0.0000e+00, 0.0000e+00      
# interval = decibars: 1                
# start_time = May 22 2015 10:11:37 [NMEA time, header]
# bad_flag = -9.990e-29
*END*
[from data line 525]
    527.000    14.0363   4.631260     2.3914     0.1570    90.8339    13.9566    38.8447    29.1714    167.600 0.0000e+00
    528.000    14.0357   4.631219     2.3928     0.1560    90.8298    13.9558    38.8444    29.1714    167.829 0.0000e+00
    529.000    14.0353   4.631215     2.3943     0.1517    90.8283    13.9553    38.8444    29.1714    167.759 0.0000e+00
    530.000    14.0352   4.631232     2.3933     0.1490    90.8255    13.9550    38.8442    29.1714    167.335 0.0000e+00
    531.000    14.0346   4.631187     2.3917     0.1492    90.8267    13.9543    38.8439    29.1713    167.154 0.0000e+00
    532.000    14.0339   4.631142     2.3900     0.1503    90.8247    13.9534    38.8438    29.1714    167.087 0.0000e+00
    533.000    14.0333   4.631100     2.3890     0.1515    90.8308    13.9527    38.8435    29.1714    166.970 0.0000e+00
    534.000    14.0308   4.630791     2.3871     0.1539    90.8301    13.9500    38.8428    29.1713    166.880 0.0000e+00
    535.000    14.0289   4.630589     2.3866     0.1492    90.8367    13.9479    38.8423    29.1714    167.114 0.0000e+00
    536.000    14.0269   4.630354     2.3870     0.1497    90.8310    13.9458    38.8416    29.1714    167.185 0.0000e+00
    537.000    14.0206   4.629555     2.3868     0.1528    90.8261    13.9393    38.8401    29.1715    167.106 0.0000e+00
    538.000    14.0188   4.629410     2.3863     0.1529    90.8350    13.9374    38.8400    29.1720    167.018 0.0000e+00
    539.000    14.0186   4.629434     2.3851     0.1525    90.8332    13.9371    38.8400    29.1720    166.926 0.0000e+00
    540.000    14.0168   4.629225     2.3850     0.1516    90.8313    13.9351    38.8394    29.1720    167.101 0.0000e+00
    541.000    14.0158   4.629140     2.3851     0.1485    90.8323    13.9340    38.8392    29.1721    167.148 0.0000e+00
    542.000    14.0156   4.629162     2.3852     0.1502    90.8329    13.9337    38.8391    29.1721    167.147 0.0000e+00
    543.000    14.0133   4.628881     2.3845     0.1503    90.8199    13.9312    38.8383    29.1720    166.735 0.0000e+00
    544.000    14.0111   4.628629     2.3815     0.1502    90.8319    13.9288    38.8378    29.1721    166.556 0.0000e+00
    545.000    14.0086   4.628368     2.3812     0.1512    90.8365    13.9262    38.8374    29.1723    166.707 0.0000e+00
    546.000    14.0072   4.628186     2.3803     0.1505    90.8392    13.9246    38.8367    29.1721    166.311 0.0000e+00
    547.000    14.0042   4.627866     2.3771     0.1505    90.8235    13.9215    38.8362    29.1725    166.104 0.0000e+00
    548.000    14.0031   4.627763     2.3768     0.1528    90.8339    13.9202    38.8359    29.1725    166.469 0.0000e+00
    549.000    14.0012   4.627555     2.3762     0.1543    90.8381    13.9183    38.8354    29.1725    166.342 0.0000e+00
    550.000    13.9979   4.627155     2.3759     0.1516    90.8351    13.9147    38.8345    29.1726    166.528 0.0000e+00
    551.000    13.9960   4.626967     2.3767     0.1532    90.8417    13.9127    38.8342    29.1728    166.700 0.0000e+00
    552.000    13.9947   4.626829     2.3771     0.1504    90.8440    13.9113    38.8338    29.1728    166.762 0.0000e+00
    553.000    13.9940   4.626807     2.3780     0.1467    90.8391    13.9104    38.8339    29.1730    166.827 0.0000e+00
    554.000    13.9938   4.626818     2.3777     0.1463    90.8392    13.9100    38.8337    29.1730    166.655 0.0000e+00
    555.000    13.9939   4.626868     2.3775     0.1476    90.8392    13.9100    38.8336    29.1729    166.841 0.0000e+00
    556.000    13.9934   4.626854     2.3786     0.1502    90.8392    13.9094    38.8335    29.1730    167.037 0.0000e+00
    557.000    13.9934   4.626898     2.3790     0.1473    90.8419    13.9093    38.8335    29.1730    166.866 0.0000e+00
    558.000    13.9933   4.626920     2.3781     0.1469    90.8317    13.9089    38.8334    29.1730    166.723 0.0000e+00
    559.000    13.9932   4.626949     2.3773     0.1504    90.8391    13.9087    38.8334    29.1730    166.600 0.0000e+00
    560.000    13.9931   4.626973     2.3764     0.1560    90.8404    13.9084    38.8333    29.1730    166.721 0.0000e+00
    561.000    13.9927   4.626973     2.3768     0.1572    90.8367    13.9079    38.8332    29.1731    166.744 0.0000e+00
    562.000    13.9928   4.627026     2.3758     0.1539    90.8392    13.9079    38.8332    29.1730    166.220 0.0000e+00
    563.000    13.9929   4.627095     2.3724     0.1527    90.8459    13.9078    38.8333    29.1731    165.894 0.0000e+00
    564.000    13.9928   4.627112     2.3710     0.1525    90.8404    13.9075    38.8331    29.1731    166.015 0.0000e+00
    565.000    13.9928   4.627160     2.3697     0.1534    90.8415    13.9074    38.8331    29.1731    166.123 0.0000e+00
    566.000    13.9927   4.627182     2.3704     0.1539    90.8458    13.9072    38.8330    29.1731    166.502 0.0000e+00
    567.000    13.9924   4.627164     2.3717     0.1531    90.8445    13.9067    38.8327    29.1730    166.461 0.0000e+00
    568.000    13.9912   4.627066     2.3707     0.1517    90.8445    13.9053    38.8325    29.1731    166.043 0.0000e+00
    569.000    13.9908   4.627077     2.3689     0.1534    90.8428    13.9048    38.8325    29.1732    166.168 0.0000e+00
    570.000    13.9907   4.627088     2.3703     0.1530    90.8392    13.9045    38.8324    29.1732    166.483 0.0000e+00
    571.000    13.9907   4.627148     2.3701     0.1463    90.8419    13.9044    38.8324    29.1732    166.206 0.0000e+00
    572.000    13.9910   4.627213     2.3690     0.1456    90.8432    13.9045    38.8324    29.1732    166.215 0.0000e+00
    573.000    13.9907   4.627230     2.3695     0.1492    90.8315    13.9041    38.8323    29.1732    166.427 0.0000e+00
    574.000    13.9906   4.627247     2.3699     0.1489    90.8483    13.9039    38.8322    29.1732    166.615 0.0000e+00
    575.000    13.9900   4.627246     2.3715     0.1525    90.8467    13.9031    38.8323    29.1734    166.700 0.0000e+00
    576.000    13.9897   4.627211     2.3710     0.1523    90.8405    13.9027    38.8318    29.1731    166.354 0.0000e+00
    577.000    13.9876   4.626963     2.3696     0.1545    90.8418    13.9004    38.8312    29.1732    166.143 0.0000e+00
    578.000    13.9848   4.626646     2.3682     0.1557    90.8455    13.8974    38.8306    29.1733    165.916 0.0000e+00
    579.000    13.9837   4.626549     2.3656     0.1570    90.8467    13.8961    38.8304    29.1735    165.783 0.0000e+00
    580.000    13.9835   4.626556     2.3652     0.1578    90.8392    13.8958    38.8302    29.1734    166.031 0.0000e+00
    581.000    13.9833   4.626587     2.3649     0.1535    90.8481    13.8954    38.8303    29.1735    165.982 0.0000e+00
    582.000    13.9815   4.626342     2.3645     0.1540    90.8505    13.8935    38.8293    29.1732    166.163 0.0000e+00
    583.000    13.9757   4.625644     2.3657     0.1532    90.8377    13.8876    38.8281    29.1735    166.318 0.0000e+00
    584.000    13.9746   4.625565     2.3654     0.1511    90.8499    13.8863    38.8281    29.1738    166.245 0.0000e+00
    585.000    13.9742   4.625559     2.3658     0.1523    90.8505    13.8858    38.8279    29.1738    166.229 0.0000e+00
    586.000    13.9737   4.625532     2.3650     0.1536    90.8551    13.8852    38.8277    29.1738    166.078 0.0000e+00
    587.000    13.9731   4.625494     2.3640     0.1533    90.8464    13.8844    38.8276    29.1738    165.808 0.0000e+00
    588.000    13.9726   4.625471     2.3619     0.1502    90.8445    13.8837    38.8274    29.1738    165.628 0.0000e+00
    589.000    13.9717   4.625393     2.3608     0.1494    90.8531    13.8827    38.8272    29.1738    165.724 0.0000e+00
    590.000    13.9711   4.625377     2.3604     0.1470    90.8460    13.8820    38.8271    29.1740    165.866 0.0000e+00
    591.000    13.9707   4.625360     2.3609     0.1478    90.8515    13.8814    38.8270    29.1740    166.025 0.0000e+00
    592.000    13.9705   4.625359     2.3613     0.1480    90.8483    13.8810    38.8268    29.1739    166.056 0.0000e+00
    593.000    13.9668   4.624888     2.3616     0.1478    90.8484    13.8772    38.8256    29.1738    165.986 0.0000e+00
    594.000    13.9645   4.624665     2.3606     0.1453    90.8518    13.8747    38.8254    29.1742    165.645 0.0000e+00
    595.000    13.9631   4.624495     2.3585     0.1485    90.8524    13.8732    38.8247    29.1740    165.563 0.0000e+00
    596.000    13.9616   4.624354     2.3586     0.1482    90.8616    13.8716    38.8244    29.1741    165.823 0.0000e+00
    597.000    13.9594   4.624098     2.3582     0.1512    90.8591    13.8692    38.8239    29.1742    165.666 0.0000e+00
    598.000    13.9582   4.623996     2.3569     0.1505    90.8574    13.8679    38.8236    29.1743    165.617 0.0000e+00
    599.000    13.9574   4.623929     2.3568     0.1547    90.8523    13.8669    38.8234    29.1744    165.578 0.0000e+00
    600.000    13.9563   4.623808     2.3555     0.1546    90.8672    13.8656    38.8229    29.1743    165.451 0.0000e+00
    601.000    13.9558   4.623805     2.3551     0.1489    90.8588    13.8650    38.8229    29.1744    165.521 0.0000e+00
    602.000    13.9549   4.623749     2.3547     0.1522    90.8630    13.8640    38.8228    29.1746    165.555 0.0000e+00
    603.000    13.9547   4.623756     2.3546     0.1544    90.8608    13.8636    38.8227    29.1745    165.596 0.0000e+00
    604.000    13.9545   4.623763     2.3544     0.1539    90.8631    13.8632    38.8225    29.1745    165.529 0.0000e+00
    605.000    13.9533   4.623647     2.3538     0.1519    90.8630    13.8619    38.8222    29.1745    165.606 0.0000e+00
    606.000    13.9526   4.623615     2.3546     0.1532    90.8591    13.8610    38.8222    29.1747    165.726 0.0000e+00
    607.000    13.9518   4.623528     2.3541     0.1535    90.8583    13.8601    38.8217    29.1745    165.526 0.0000e+00
    608.000    13.9483   4.623132     2.3535     0.1515    90.8583    13.8565    38.8211    29.1748    165.506 0.0000e+00
    609.000    13.9475   4.623050     2.3526     0.1488    90.8668    13.8555    38.8207    29.1747    165.434 0.0000e+00
    610.000    13.9460   4.622922     2.3523     0.1454    90.8682    13.8539    38.8205    29.1749    165.510 0.0000e+00
    611.000    13.9459   4.622940     2.3521     0.1474    90.8618    13.8536    38.8203    29.1748    165.424 0.0000e+00
    612.000    13.9457   4.622954     2.3511     0.1494    90.8656    13.8533    38.8202    29.1748    165.436 0.0000e+00
    613.000    13.9450   4.622898     2.3517     0.1498    90.8630    13.8524    38.8200    29.1749    165.803 0.0000e+00
    614.000    13.9450   4.622955     2.3532     0.1514    90.8617    13.8523    38.8201    29.1749    165.774 0.0000e+00
    615.000    13.9452   4.623014     2.3518     0.1509    90.8615    13.8523    38.8200    29.1749    165.342 0.0000e+00
    616.000    13.9449   4.623016     2.3509     0.1518    90.8655    13.8519    38.8198    29.1748    165.303 0.0000e+00
    617.000    13.9427   4.622744     2.3498     0.1552    90.8655    13.8495    38.8191    29.1748    165.366 0.0000e+00
    618.000    13.9414   4.622624     2.3494     0.1534    90.8655    13.8480    38.8189    29.1749    165.264 0.0000e+00
    619.000    13.9386   4.622285     2.3482     0.1505    90.8671    13.8451    38.8181    29.1749    165.205 0.0000e+00
    620.000    13.9361   4.622010     2.3480     0.1540    90.8682    13.8424    38.8175    29.1751    165.329 0.0000e+00
    621.000    13.9354   4.621973     2.3479     0.1550    90.8682    13.8416    38.8174    29.1752    165.351 0.0000e+00
    622.000    13.9352   4.621971     2.3476     0.1494    90.8680    13.8413    38.8171    29.1750    165.421 0.0000e+00
    623.000    13.9348   4.621984     2.3481     0.1525    90.8683    13.8407    38.8172    29.1753    165.606 0.0000e+00
    624.000    13.9350   4.622045     2.3489     0.1548    90.8655    13.8408    38.8172    29.1752    165.474 0.0000e+00
    625.000    13.9346   4.622028     2.3474     0.1516    90.8656    13.8402    38.8170    29.1752    165.160 0.0000e+00
    626.000    13.9334   4.621901     2.3464     0.1482    90.8683    13.8389    38.8165    29.1751    165.238 0.0000e+00
    627.000    13.9312   4.621670     2.3463     0.1489    90.8682    13.8366    38.8161    29.1753    165.326 0.0000e+00
    628.000    13.9292   4.621409     2.3461     0.1508    90.8680    13.8344    38.8152    29.1751    165.327 0.0000e+00
    629.000    13.9259   4.621060     2.3459     0.1489    90.8743    13.8310    38.8148    29.1755    165.388 0.0000e+00
    630.000    13.9263   4.621139     2.3459     0.1488    90.8788    13.8311    38.8148    29.1754    165.202 0.0000e+00
    631.000    13.9238   4.620839     2.3439     0.1492    90.8730    13.8285    38.8140    29.1754    164.882 0.0000e+00
    632.000    13.9218   4.620602     2.3427     0.1502    90.8731    13.8264    38.8134    29.1753    165.120 0.0000e+00
    633.000    13.9201   4.620440     2.3435     0.1526    90.8801    13.8245    38.8131    29.1756    165.340 0.0000e+00
    634.000    13.9192   4.620378     2.3435     0.1500    90.8761    13.8235    38.8129    29.1756    165.257 0.0000e+00
    635.000    13.9193   4.620449     2.3434     0.1453    90.8718    13.8234    38.8131    29.1758    165.158 0.0000e+00
    636.000    13.9197   4.620543     2.3419     0.1471    90.8731    13.8237    38.8132    29.1758    164.795 0.0000e+00
    637.000    13.9196   4.620560     2.3402     0.1476    90.8769    13.8235    38.8130    29.1756    164.856 0.0000e+00
    638.000    13.9196   4.620588     2.3404     0.1504    90.8775    13.8232    38.8128    29.1756    165.069 0.0000e+00
    639.000    13.9198   4.620682     2.3403     0.1525    90.8735    13.8233    38.8130    29.1758    165.064 0.0000e+00
    640.000    13.9192   4.620611     2.3405     0.1504    90.8699    13.8225    38.8126    29.1755    164.988 0.0000e+00
    641.000    13.9174   4.620443     2.3392     0.1487    90.8786    13.8207    38.8123    29.1758    164.723 0.0000e+00
    642.000    13.9166   4.620390     2.3378     0.1450    90.8677    13.8197    38.8122    29.1759    164.708 0.0000e+00
    643.000    13.9148   4.620165     2.3376     0.1460    90.8780    13.8177    38.8115    29.1758    164.998 0.0000e+00
    644.000    13.9104   4.619607     2.3385     0.1486    90.8849    13.8131    38.8102    29.1758    165.140 0.0000e+00
    645.000    13.9093   4.619548     2.3386     0.1499    90.8789    13.8119    38.8103    29.1761    164.936 0.0000e+00
    646.000    13.9080   4.619405     2.3376     0.1508    90.8821    13.8105    38.8098    29.1760    164.939 0.0000e+00
    647.000    13.9077   4.619411     2.3383     0.1569    90.8851    13.8100    38.8098    29.1761    165.249 0.0000e+00
    648.000    13.9069   4.619358     2.3393     0.1583    90.8856    13.8091    38.8096    29.1761    165.233 0.0000e+00
    649.000    13.9059   4.619275     2.3389     0.1573    90.8879    13.8080    38.8093    29.1762    165.022 0.0000e+00
    650.000    13.9043   4.619086     2.3380     0.1559    90.8878    13.8062    38.8087    29.1761    164.884 0.0000e+00
    651.000    13.9041   4.619092     2.3370     0.1545    90.8893    13.8058    38.8086    29.1761    164.888 0.0000e+00
    652.000    13.9036   4.619088     2.3366     0.1517    90.8871    13.8052    38.8086    29.1762    164.754 0.0000e+00
    653.000    13.9029   4.619041     2.3342     0.1492    90.8904    13.8043    38.8085    29.1763    164.425 0.0000e+00
    654.000    13.9029   4.619093     2.3331     0.1482    90.8880    13.8042    38.8085    29.1763    164.752 0.0000e+00
    655.000    13.9028   4.619102     2.3343     0.1481    90.8879    13.8040    38.8082    29.1762    165.106 0.0000e+00
    656.000    13.9025   4.619095     2.3352     0.1513    90.8866    13.8035    38.8081    29.1762    165.074 0.0000e+00
