Data/Raw HPLC Argo/lovbio079b/CTD/out_c_200.cnv
* Sea-Bird SBE 9 Data File:
* FileName = C:\OUTPACE_CTD_Classik_DATA\out_c_200.hex
* Software Version Seasave V 7.23.1
* Temperature SN = 0970
* Conductivity SN = 0606
* Number of Bytes Per Scan = 40
* Number of Voltage Words = 5
* Number of Scans Averaged by the Deck Unit = 1
* NMEA Latitude = 18 22.33 S
* NMEA Longitude = 166 03.50 W
* NMEA UTC (Time) = Mar 28 2015  23:37:52
* NMEA baud rate = 4800
# nquan = 23
# nvalues = 1008                        
# units = specified
# name 0 = prDM: Pressure, Digiquartz [db]
# name 1 = t090C: Temperature [ITS-90, deg C]
# name 2 = c0mS/cm: Conductivity [mS/cm]
# name 3 = t190C: Temperature, 2 [ITS-90, deg C]
# name 4 = c1mS/cm: Conductivity, 2 [mS/cm]
# name 5 = sbeox0V: Oxygen raw, SBE 43 [V]
# name 6 = modError: Modulo Error Count
# name 7 = flC: Fluorescence, Chelsea Aqua 3 Chl Con [ug/l]
# name 8 = par: PAR/Irradiance, Biospherical/Licor
# name 9 = spar: SPAR/Surface Irradiance
# name 10 = cpar: CPAR/Corrected Irradiance [%]
# name 11 = CStarAt0: Beam Attenuation, WET Labs C-Star [1/m]
# name 12 = CStarTr0: Beam Transmission, WET Labs C-Star [%]
# name 13 = scan: Scan Count
# name 14 = sal00: Salinity, Practical [PSU]
# name 15 = sal11: Salinity, Practical, 2 [PSU]
# name 16 = potemp090C: Potential Temperature [ITS-90, deg C]
# name 17 = potemp190C: Potential Temperature, 2 [ITS-90, deg C]
# name 18 = sigma-é00: Density [sigma-theta, kg/m^3]
# name 19 = sigma-é11: Density, 2 [sigma-theta, kg/m^3]
# name 20 = depSM: Depth [salt water, m], lat = -18.3722
# name 21 = sbeox0ML/L: Oxygen, SBE 43 [ml/l], WS = 2
# name 22 = flag: flag
# span 0 =      6.000,    510.000       
# span 1 =     8.1294,    29.0193       
# span 2 =  36.054703,  57.639370       
# span 3 =     8.1313,    29.0248       
# span 4 =  36.055753,  57.640166       
# span 5 =     1.6900,     2.7060       
# span 6 =          0,          0       
# span 7 =    -0.0117,     0.2754       
# span 8 = -1.184e-05, 1.3355e+03       
# span 9 = 2.0442e+03, 2.3782e+03       
# span 10 = -5.163e-07, 6.1774e+01      
# span 11 =     0.0016,     0.2352      
# span 12 =    94.2891,    99.9598      
# span 13 =         23,      29287      
# span 14 =    34.4579,    35.9257      
# span 15 =    34.4557,    35.9252      
# span 16 =     8.0768,    29.0176      
# span 17 =     8.0786,    29.0234      
# span 18 =    22.2266,    26.8389      
# span 19 =    22.2224,    26.8387      
# span 20 =      5.964,    506.308      
# span 21 =    3.65480,    4.79403      
# span 22 = 0.0000e+00, 0.0000e+00      
# interval = decibars: 1                
# start_time = Mar 28 2015 23:37:52 [NMEA time, header]
# bad_flag = -9.990e-29
*END*
[from data line 819]
    194.000    21.0914  50.164510    21.0798  50.156100     2.1451          0     0.0277 1.0119e+00 2.2833e+03 4.4319e-02     0.0352    99.1240      24204    35.8420    35.8450    21.0540    21.0424    25.1203    25.1258    192.743    3.91956 0.0000e+00
    193.000    21.1162  50.190713    21.1495  50.237560     2.1459          0     0.0254 1.0459e+00 2.2813e+03 4.5847e-02     0.0360    99.1045      24232    35.8426    35.8523    21.0790    21.1122    25.1140    25.1123    191.749    3.91808 0.0000e+00
    192.000    21.1524  50.239046    21.1686  50.254514     2.1466          0     0.0255 1.0915e+00 2.2800e+03 4.7872e-02     0.0371    99.0780      24255    35.8514    35.8503    21.1153    21.1315    25.1107    25.1054    190.756    3.91654 0.0000e+00
    191.000    21.2284  50.321554    21.2129  50.308985     2.1472          0     0.0253 1.1501e+00 2.2814e+03 5.0411e-02     0.0379    99.0565      24279    35.8543    35.8572    21.1914    21.1759    25.0920    25.0985    189.763    3.90890 0.0000e+00
    190.000    21.2666  50.365749    21.1813  50.268476     2.1458          0     0.0306 1.2002e+00 2.2832e+03 5.2566e-02     0.0386    99.0397      24306    35.8581    35.8516    21.2297    21.1445    25.0844    25.1028    188.770    3.89985 0.0000e+00
    189.000    21.3092  50.418055    21.3020  50.424409     2.1451          0     0.0343 1.2337e+00 2.2846e+03 5.4001e-02     0.0395    99.0177      24333    35.8646    35.8758    21.2725    21.2653    25.0776    25.0880    187.777    3.90121 0.0000e+00
    188.000    21.3172  50.427768    21.3628  50.490963     2.1477          0     0.0326 1.2657e+00 2.2851e+03 5.5391e-02     0.0405    98.9927      24358    35.8661    35.8785    21.2806    21.3262    25.0765    25.0733    186.784    3.91785 0.0000e+00
    187.000    21.4106  50.546374    21.4189  50.554810     2.1539          0     0.0299 1.3096e+00 2.2856e+03 5.7299e-02     0.0417    98.9627      24380    35.8831    35.8830    21.3742    21.3824    25.0636    25.0612    185.791    3.92841 0.0000e+00
    186.000    21.4587  50.596693    21.4474  50.585381     2.1584          0     0.0358 1.3729e+00 2.2856e+03 6.0067e-02     0.0419    98.9582      24403    35.8835    35.8839    21.4224    21.4111    25.0506    25.0539    184.798    3.93365 0.0000e+00
    185.000    21.4679  50.599218    21.4527  50.568520     2.1643          0     0.0372 1.4445e+00 2.2851e+03 6.3215e-02     0.0432    98.9262      24428    35.8781    35.8663    21.4318    21.4166    25.0439    25.0391    183.805    3.94124 0.0000e+00
    184.000    21.4788  50.600988    21.3419  50.457196     2.1645          0     0.0392 1.5032e+00 2.2834e+03 6.5831e-02     0.0439    98.9081      24458    35.8709    35.8703    21.4428    21.3062    25.0353    25.0726    182.812    3.92394 0.0000e+00
    183.000    21.5014  50.632353    21.5081  50.656459     2.1617          0     0.0373 1.5337e+00 2.2817e+03 6.7217e-02     0.0450    98.8828      24485    35.8773    35.8910    21.4656    21.4723    25.0338    25.0424    181.819    3.92287 0.0000e+00
    182.000    21.5579  50.700281    21.5729  50.722200     2.1642          0     0.0347 1.5764e+00 2.2820e+03 6.9080e-02     0.0461    98.8563      24507    35.8846    35.8896    21.5223    21.5372    25.0237    25.0234    180.825    3.92850 0.0000e+00
    181.000    21.6450  50.803535    21.6234  50.782239     2.1650          0     0.0329 1.6318e+00 2.2844e+03 7.1434e-02     0.0470    98.8311      24528    35.8946    35.8956    21.6094    21.5878    25.0071    25.0139    179.832    3.92262 0.0000e+00
    180.000    21.6575  50.817719    21.6709  50.838024     2.1669          0     0.0337 1.7148e+00 2.2851e+03 7.5043e-02     0.0484    98.7975      24549    35.8958    35.9007    21.6221    21.6355    25.0045    25.0045    178.839    3.93083 0.0000e+00
    179.000    21.6999  50.869402    21.6883  50.854906     2.1703          0     0.0385 1.8050e+00 2.2862e+03 7.8955e-02     0.0489    98.7849      24572    35.9019    35.9000    21.6646    21.6531    24.9972    24.9990    177.846    3.93202 0.0000e+00
    178.000    21.7211  50.890164    21.7157  50.888144     2.1711          0     0.0444 1.8950e+00 2.2868e+03 8.2866e-02     0.0498    98.7616      24595    35.9010    35.9039    21.6861    21.6807    24.9906    24.9943    176.853    3.93022 0.0000e+00
    177.000    21.7382  50.909069    21.7519  50.926914     2.1731          0     0.0453 1.9775e+00 2.2868e+03 8.6478e-02     0.0504    98.7466      24618    35.9021    35.9049    21.7034    21.7170    24.9866    24.9849    175.860    3.93188 0.0000e+00
    176.000    21.7654  50.940637    21.7918  50.975221     2.1725          0     0.0489 2.0470e+00 2.2868e+03 8.9514e-02     0.0515    98.7214      24641    35.9049    35.9103    21.7306    21.7571    24.9811    24.9779    174.867    3.92477 0.0000e+00
    175.000    21.7975  50.970859    21.7681  50.922900     2.1734          0     0.0558 2.0989e+00 2.2868e+03 9.1786e-02     0.0528    98.6889      24670    35.9025    35.8889    21.7630    21.7336    24.9702    24.9682    173.874    3.92796 0.0000e+00
    174.000    21.7641  50.943508    21.7511  50.939162     2.1750          0     0.0538 2.1667e+00 2.2858e+03 9.4789e-02     0.0541    98.6569      24706    35.9090    35.9163    21.7298    21.7168    24.9845    24.9937    172.880    3.93267 0.0000e+00
    173.000    21.8310  51.015660    21.8813  51.072288     2.1760          0     0.0551 2.2860e+00 2.2851e+03 1.0004e-01     0.0551    98.6312      24733    35.9108    35.9139    21.7968    21.8470    24.9671    24.9554    171.887    3.92700 0.0000e+00
    172.000    21.8939  51.094814    21.8979  51.102701     2.1744          0     0.0455 2.4111e+00 2.2865e+03 1.0545e-01     0.0561    98.6063      24753    35.9215    35.9244    21.8598    21.8639    24.9576    24.9587    170.894    3.91281 0.0000e+00
    171.000    21.9559  51.157260    21.9429  51.146751     2.1727          0     0.0514 2.5308e+00 2.2868e+03 1.1068e-01     0.0570    98.5855      24772    35.9198    35.9222    21.9219    21.9090    24.9389    24.9444    169.901    3.90492 0.0000e+00
    170.000    21.9724  51.174758    21.9685  51.170533     2.1714          0     0.0456 2.6378e+00 2.2872e+03 1.1533e-01     0.0578    98.5664      24791    35.9202    35.9201    21.9387    21.9348    24.9345    24.9355    168.908    3.90816 0.0000e+00
    169.000    21.9856  51.182923    21.9805  51.178974     2.1753          0     0.0417 2.7332e+00 2.2883e+03 1.1945e-01     0.0585    98.5484      24814    35.9160    35.9172    21.9521    21.9469    24.9276    24.9299    167.915    3.93267 0.0000e+00
    168.000    21.9467  51.140076    21.9558  51.143653     2.1899          0     0.0530 2.8125e+00 2.2884e+03 1.2290e-01     0.0593    98.5267      24847    35.9149    35.9102    21.9133    21.9224    24.9376    24.9314    166.922    3.98598 0.0000e+00
    167.000    21.9446  51.135259    21.9686  51.154169     2.2087          0     0.0588 2.9457e+00 2.2867e+03 1.2882e-01     0.0609    98.4891      24884    35.9132    35.9082    21.9114    21.9354    24.9368    24.9263    165.928    4.01599 0.0000e+00
    166.000    21.9743  51.153133    21.9912  51.156077     2.2117          0     0.0612 3.0841e+00 2.2868e+03 1.3487e-01     0.0618    98.4667      24905    35.9030    35.8913    21.9413    21.9582    24.9206    24.9070    164.935    4.00321 0.0000e+00
    165.000    22.0018  51.146199    22.0025  51.147927     2.2121          0     0.0592 3.1971e+00 2.2868e+03 1.3981e-01     0.0636    98.4216      24922    35.8751    35.8758    21.9690    21.9697    24.8916    24.8920    163.942    3.99759 0.0000e+00
    164.000    22.0110  51.130512    22.0099  51.135791     2.2117          0     0.0516 3.3143e+00 2.2885e+03 1.4483e-01     0.0653    98.3803      24936    35.8554    35.8605    21.9784    21.9773    24.8740    24.8782    162.949    3.99343 0.0000e+00
    163.000    22.0159  51.130941    22.0179  51.129360     2.2109          0     0.0556 3.4389e+00 2.2891e+03 1.5023e-01     0.0654    98.3770      24951    35.8520    35.8491    21.9835    21.9855    24.8700    24.8673    161.956    3.98931 0.0000e+00
    162.000    22.0444  51.153361    22.0355  51.148122     2.2096          0     0.0622 3.6047e+00 2.2901e+03 1.5740e-01     0.0663    98.3568      24969    35.8464    35.8496    22.0122    22.0033    24.8577    24.8627    160.962    3.98567 0.0000e+00
    161.000    22.0119  51.131479    22.0220  51.138262     2.2116          0     0.0571 3.8405e+00 2.2905e+03 1.6767e-01     0.0667    98.3466      25000    35.8565    35.8535    21.9799    21.9900    24.8744    24.8693    159.969    4.00630 0.0000e+00
    160.000    22.0005  51.126502    22.0034  51.126591     2.2244          0     0.0523 4.0322e+00 2.2905e+03 1.7604e-01     0.0678    98.3194      25042    35.8623    35.8599    21.9688    21.9717    24.8820    24.8794    158.976    4.05199 0.0000e+00
    159.000    22.0143  51.140955    22.0109  51.141118     2.2365          0     0.0637 4.2416e+00 2.2901e+03 1.8521e-01     0.0691    98.2856      25075    35.8626    35.8656    21.9827    21.9793    24.8784    24.8816    157.983    4.06474 0.0000e+00
    158.000    22.0710  51.193178    22.0658  51.194911     2.2377          0     0.0710 4.4616e+00 2.2898e+03 1.9484e-01     0.0703    98.2568      25100    35.8572    35.8629    22.0396    22.0343    24.8582    24.8640    156.990    4.05464 0.0000e+00
    157.000    22.1613  51.275386    22.1550  51.271463     2.2406          0     0.0757 4.6233e+00 2.2901e+03 2.0188e-01     0.0725    98.2036      25123    35.8477    35.8497    22.1299    22.1237    24.8255    24.8288    155.996    4.06345 0.0000e+00
    156.000    22.2053  51.320156    22.1889  51.307189     2.2462          0     0.0766 4.7819e+00 2.2909e+03 2.0873e-01     0.0734    98.1811      25145    35.8468    35.8502    22.1741    22.1577    24.8123    24.8195    155.003    4.07701 0.0000e+00
    155.000    22.2471  51.368771    22.2366  51.360186     2.2510          0     0.0865 4.9872e+00 2.2918e+03 2.1760e-01     0.0739    98.1683      25166    35.8509    35.8528    22.2161    22.2056    24.8035    24.8080    154.010    4.07781 0.0000e+00
    154.000    22.2761  51.405577    22.2728  51.406331     2.2527          0     0.0918 5.2605e+00 2.2918e+03 2.2953e-01     0.0751    98.1386      25185    35.8562    35.8595    22.2452    22.2420    24.7993    24.8027    153.017    4.06390 0.0000e+00
    153.000    22.3065  51.438976    22.3037  51.436583     2.2482          0     0.0914 5.5818e+00 2.2918e+03 2.4355e-01     0.0760    98.1179      25204    35.8577    35.8581    22.2758    22.2730    24.7918    24.7929    152.023    4.04338 0.0000e+00
    152.000    22.3257  51.454318    22.3234  51.452098     2.2459          0     0.0917 5.9077e+00 2.2918e+03 2.5777e-01     0.0769    98.0952      25223    35.8542    35.8544    22.2952    22.2929    24.7837    24.7844    151.030    4.04905 0.0000e+00
    151.000    22.3713  51.498351    22.3320  51.452748     2.2502          0     0.0845 6.1936e+00 2.2922e+03 2.7020e-01     0.0782    98.0656      25245    35.8515    35.8481    22.3410    22.3017    24.7686    24.7772    150.037    4.07828 0.0000e+00
    150.000    22.2817  51.400520    22.3108  51.432479     2.2768          0     0.0934 6.4797e+00 2.2919e+03 2.8272e-01     0.0790    98.0464      25287    35.8490    35.8500    22.2516    22.2808    24.7920    24.7846    149.044    4.17504 0.0000e+00
    149.000    22.2955  51.421776    22.3164  51.459027     2.3052          0     0.1086 6.7972e+00 2.2928e+03 2.9645e-01     0.0806    98.0060      25326    35.8547    35.8666    22.2656    22.2865    24.7924    24.7956    148.050    4.21069 0.0000e+00
    148.000    22.3965  51.540548    22.4462  51.587785     2.3069          0     0.1166 7.1081e+00 2.2935e+03 3.0992e-01     0.0827    97.9537      25345    35.8649    35.8608    22.3667    22.4164    24.7714    24.7542    147.057    4.18606 0.0000e+00
    147.000    22.4962  51.617168    22.4927  51.616562     2.3066          0     0.1190 7.4344e+00 2.2936e+03 3.2413e-01     0.0849    97.8995      25361    35.8431    35.8455    22.4665    22.4631    24.7265    24.7293    146.064    4.17194 0.0000e+00
    146.000    22.5397  51.653845    22.5361  51.656514     2.3052          0     0.1132 7.8206e+00 2.2952e+03 3.4074e-01     0.0866    97.8584      25376    35.8363    35.8413    22.5102    22.5066    24.7088    24.7137    145.070    4.16410 0.0000e+00
    145.000    22.5908  51.710960    22.5722  51.688195     2.3038          0     0.1097 8.2997e+00 2.2952e+03 3.6161e-01     0.0872    97.8438      25391    35.8393    35.8368    22.5615    22.5429    24.6964    24.6999    144.077    4.16546 0.0000e+00
    144.000    22.5872  51.699957    22.5754  51.679951     2.3088          0     0.1102 8.8527e+00 2.2952e+03 3.8570e-01     0.0888    97.8050      25411    35.8340    35.8281    22.5580    22.5462    24.6934    24.6923    143.084    4.19553 0.0000e+00
    143.000    22.5341  51.646246    22.5550  51.665807     2.3285          0     0.1111 9.3871e+00 2.2952e+03 4.0898e-01     0.0884    97.8130      25449    35.8360    35.8341    22.5052    22.5261    24.7100    24.7026    142.091    4.26669 0.0000e+00
    142.000    22.5629  51.686376    22.5322  51.643789     2.3626          0     0.1335 9.7089e+00 2.2952e+03 4.2300e-01     0.0897    97.7823      25493    35.8440    35.8360    22.5342    22.5035    24.7078    24.7105    141.097    4.33632 0.0000e+00
    141.000    22.6384  51.754286    22.5662  51.707100     2.3697          0     0.1420 1.0247e+01 2.2951e+03 4.4646e-01     0.0921    97.7238      25515    35.8354    35.8578    22.6098    22.5377    24.6797    24.7173    140.104    4.31917 0.0000e+00
    140.000    22.7281  51.832489    22.7239  51.848071     2.3708          0     0.1369 1.0935e+01 2.2952e+03 4.7644e-01     0.0945    97.6647      25534    35.8231    35.8386    22.6996    22.6955    24.6446    24.6575    139.111    4.32084 0.0000e+00
    139.000    22.7436  51.783316    22.7620  51.807683     2.3792          0     0.1207 1.1515e+01 2.2960e+03 5.0149e-01     0.0966    97.6131      25552    35.7725    35.7763    22.7153    22.7338    24.6016    24.5993    138.117    4.35926 0.0000e+00
    138.000    22.7346  51.763926    22.7403  51.770266     2.3938          0     0.1060 1.2022e+01 2.2969e+03 5.2340e-01     0.0970    97.6054      25574    35.7651    35.7654    22.7066    22.7123    24.5985    24.5971    137.124    4.40298 0.0000e+00
    137.000    22.7161  51.768083    22.7310  51.773661     2.4119          0     0.0856 1.2583e+01 2.2969e+03 5.4781e-01     0.0979    97.5833      25601    35.7838    35.7759    22.6883    22.7032    24.6180    24.6078    136.131    4.43682 0.0000e+00
    136.000    22.7511  51.775562    22.7880  51.792134     2.4253          0     0.0774 1.3314e+01 2.2968e+03 5.7967e-01     0.0981    97.5786      25628    35.7613    35.7440    22.7235    22.7604    24.5908    24.5671    135.137    4.45217 0.0000e+00
    135.000    22.7828  51.792550    22.8092  51.810133     2.4305          0     0.0798 1.3898e+01 2.2956e+03 6.0541e-01     0.0987    97.5637      25651    35.7490    35.7410    22.7553    22.7818    24.5723    24.5587    134.144    4.44778 0.0000e+00
    134.000    22.8813  51.882911    22.8509  51.860416     2.4330          0     0.0693 1.4584e+01 2.2952e+03 6.3540e-01     0.0976    97.5890      25671    35.7390    35.7464    22.8540    22.8236    24.5364    24.5507    133.151    4.44552 0.0000e+00
    133.000    22.9207  51.912906    22.9123  51.908415     2.4366          0     0.0635 1.5128e+01 2.2967e+03 6.5867e-01     0.0969    97.6064      25691    35.7306    35.7340    22.8935    22.8851    24.5186    24.5236    132.157    4.45075 0.0000e+00
