Data/Raw HPLC Argo/lovbio079b/CTD/out_c_200.cnv
* Sea-Bird SBE 9 Data File:
* FileName = C:\OUTPACE_CTD_Classik_DATA\out_c_200.hex
* Software Version Seasave V 7.23.1
* Temperature SN = 0970
* Conductivity SN = 0606
* Number of Bytes Per Scan = 40
* Number of Voltage Words = 5
* Number of Scans Averaged by the Deck Unit = 1
* NMEA Latitude = 18 22.33 S
* NMEA Longitude = 166 03.50 W
* NMEA UTC (Time) = Mar 28 2015  23:37:52
* NMEA baud rate = 4800
# nquan = 23
# nvalues = 1008                        
# units = specified
# name 0 = prDM: Pressure, Digiquartz [db]
# name 1 = t090C: Temperature [ITS-90, deg C]
# name 2 = c0mS/cm: Conductivity [mS/cm]
# name 3 = t190C: Temperature, 2 [ITS-90, deg C]
# name 4 = c1mS/cm: Conductivity, 2 [mS/cm]
# name 5 = sbeox0V: Oxygen raw, SBE 43 [V]
# name 6 = modError: Modulo Error Count
# name 7 = flC: Fluorescence, Chelsea Aqua 3 Chl Con [ug/l]
# name 8 = par: PAR/Irradiance, Biospherical/Licor
# name 9 = spar: SPAR/Surface Irradiance
# name 10 = cpar: CPAR/Corrected Irradiance [%]
# name 11 = CStarAt0: Beam Attenuation, WET Labs C-Star [1/m]
# name 12 = CStarTr0: Beam Transmission, WET Labs C-Star [%]
# name 13 = scan: Scan Count
# name 14 = sal00: Salinity, Practical [PSU]
# name 15 = sal11: Salinity, Practical, 2 [PSU]
# name 16 = potemp090C: Potential Temperature [ITS-90, deg C]
# name 17 = potemp190C: Potential Temperature, 2 [ITS-90, deg C]
# name 18 = sigma-é00: Density [sigma-theta, kg/m^3]
# name 19 = sigma-é11: Density, 2 [sigma-theta, kg/m^3]
# name 20 = depSM: Depth [salt water, m], lat = -18.3722
# name 21 = sbeox0ML/L: Oxygen, SBE 43 [ml/l], WS = 2
# name 22 = flag: flag
# span 0 =      6.000,    510.000       
# span 1 =     8.1294,    29.0193       
# span 2 =  36.054703,  57.639370       
# span 3 =     8.1313,    29.0248       
# span 4 =  36.055753,  57.640166       
# span 5 =     1.6900,     2.7060       
# span 6 =          0,          0       
# span 7 =    -0.0117,     0.2754       
# span 8 = -1.184e-05, 1.3355e+03       
# span 9 = 2.0442e+03, 2.3782e+03       
# span 10 = -5.163e-07, 6.1774e+01      
# span 11 =     0.0016,     0.2352      
# span 12 =    94.2891,    99.9598      
# span 13 =         23,      29287      
# span 14 =    34.4579,    35.9257      
# span 15 =    34.4557,    35.9252      
# span 16 =     8.0768,    29.0176      
# span 17 =     8.0786,    29.0234      
# span 18 =    22.2266,    26.8389      
# span 19 =    22.2224,    26.8387      
# span 20 =      5.964,    506.308      
# span 21 =    3.65480,    4.79403      
# span 22 = 0.0000e+00, 0.0000e+00      
# interval = decibars: 1                
# start_time = Mar 28 2015 23:37:52 [NMEA time, header]
# bad_flag = -9.990e-29
*END*
[from data line 882]
    131.000    22.9400  51.931134    22.9396  51.941406     2.4483          0     0.0560 1.7269e+01 2.2995e+03 7.5098e-01     0.0982    97.5755      25745    35.7296    35.7379    22.9132    22.9128    24.5122    24.5186    130.171    4.47821 0.0000e+00
    130.000    22.9574  51.946969    22.9677  51.954110     2.4509          0     0.0590 1.8009e+01 2.2996e+03 7.8316e-01     0.0989    97.5581      25770    35.7280    35.7252    22.9309    22.9411    24.5059    24.5008    129.177    4.47211 0.0000e+00
    129.000    22.9694  51.962985    22.9672  51.962486     2.4518          0     0.0618 1.8367e+01 2.2986e+03 7.9904e-01     0.0992    97.5507      25792    35.7310    35.7325    22.9430    22.9408    24.5047    24.5064    128.184    4.46828 0.0000e+00
    128.000    23.0154  52.012151    22.9989  51.992914     2.4501          0     0.0629 1.8802e+01 2.2986e+03 8.1798e-01     0.1003    97.5242      25813    35.7319    35.7305    22.9892    22.9727    24.4920    24.4956    127.191    4.46316 0.0000e+00
    127.000    23.0476  52.038732    23.0261  52.013409     2.4536          0     0.0588 1.9562e+01 2.2982e+03 8.5117e-01     0.1009    97.5078      25836    35.7266    35.7245    23.0216    23.0001    24.4785    24.4832    126.197    4.48004 0.0000e+00
    126.000    22.9966  51.988369    23.0110  52.007140     2.4623          0     0.0525 2.1094e+01 2.2972e+03 9.1824e-01     0.1016    97.4917      25868    35.7296    35.7323    22.9708    22.9852    24.4955    24.4934    125.204    4.50880 0.0000e+00
    125.000    23.0351  52.038189    23.0822  52.089448     2.4711          0     0.0527 2.2746e+01 2.2986e+03 9.8957e-01     0.1025    97.4683      25901    35.7371    35.7384    23.0094    23.0566    24.4900    24.4773    124.210    4.52282 0.0000e+00
    124.000    23.0982  52.099642    23.1026  52.103292     2.4781          0     0.0547 2.3595e+01 2.2986e+03 1.0265e+00     0.1034    97.4477      25928    35.7336    35.7328    23.0727    23.0772    24.4690    24.4671    123.217    4.53195 0.0000e+00
    123.000    23.1566  52.169415    23.1505  52.166326     2.4820          0     0.0499 2.4207e+01 2.2986e+03 1.0531e+00     0.1042    97.4290      25951    35.7403    35.7429    23.1313    23.1251    24.4571    24.4609    122.224    4.52983 0.0000e+00
    122.000    23.1990  52.215262    23.1995  52.216555     2.4849          0     0.0438 2.5137e+01 2.2986e+03 1.0936e+00     0.1060    97.3852      25973    35.7415    35.7422    23.1739    23.1743    24.4457    24.4461    121.230    4.52332 0.0000e+00
    121.000    23.2385  52.253588    23.2311  52.249948     2.4814          0     0.0450 2.5912e+01 2.2986e+03 1.1273e+00     0.1056    97.3951      25992    35.7394    35.7426    23.2135    23.2061    24.4326    24.4371    120.237    4.50766 0.0000e+00
    120.000    23.2558  52.270940    23.2561  52.269691     2.4820          0     0.0465 2.6525e+01 2.2983e+03 1.1541e+00     0.1063    97.3776      26009    35.7390    35.7378    23.2310    23.2314    24.4272    24.4261    119.244    4.51361 0.0000e+00
    119.000    23.2687  52.285947    23.2659  52.282405     2.4824          0     0.0446 2.7301e+01 2.2969e+03 1.1886e+00     0.1062    97.3810      26025    35.7405    35.7399    23.2441    23.2414    24.4245    24.4249    118.250    4.51330 0.0000e+00
    118.000    23.2889  52.308616    23.2864  52.305761     2.4829          0     0.0442 2.8881e+01 2.2969e+03 1.2574e+00     0.1065    97.3729      26043    35.7418    35.7416    23.2645    23.2620    24.4196    24.4201    117.257    4.51001 0.0000e+00
    117.000    23.2715  52.284064    23.2668  52.276246     2.4830          0     0.0462 3.1323e+01 2.2970e+03 1.3636e+00     0.1081    97.3342      26070    35.7374    35.7352    23.2473    23.2426    24.4212    24.4209    116.263    4.51821 0.0000e+00
    116.000    23.2379  52.248963    23.2423  52.250861     2.4938          0     0.0441 3.2913e+01 2.2988e+03 1.4318e+00     0.1097    97.2965      26120    35.7379    35.7358    23.2140    23.2184    24.4313    24.4284    115.270    4.55090 0.0000e+00
    115.000    23.2733  52.294717    23.2698  52.293201     2.4959          0     0.0351 3.3419e+01 2.2999e+03 1.4530e+00     0.1101    97.2870      26148    35.7448    35.7464    23.2495    23.2461    24.4262    24.4284    114.276    4.53964 0.0000e+00
    114.000    23.3235  52.355100    23.3181  52.357275     2.4954          0     0.0344 3.4597e+01 2.3003e+03 1.5040e+00     0.1109    97.2667      26167    35.7508    35.7569    23.2999    23.2946    24.4161    24.4222    113.283    4.53313 0.0000e+00
    113.000    23.4125  52.456102    23.4044  52.445974     2.4953          0     0.0327 3.6372e+01 2.3005e+03 1.5810e+00     0.1111    97.2623      26185    35.7567    35.7554    23.3891    23.3810    24.3945    24.3959    112.290    4.52728 0.0000e+00
    112.000    23.4365  52.479147    23.4267  52.469203     2.4966          0     0.0378 3.7715e+01 2.3005e+03 1.6394e+00     0.1119    97.2396      26205    35.7552    35.7555    23.4133    23.4035    24.3863    24.3894    111.296    4.53808 0.0000e+00
    111.000    23.4157  52.447040    23.4193  52.454358     2.5060          0     0.0416 3.9475e+01 2.2988e+03 1.7173e+00     0.1126    97.2238      26234    35.7478    35.7505    23.3927    23.3962    24.3866    24.3877    110.303    4.57539 0.0000e+00
    110.000    23.4086  52.451661    23.4278  52.469935     2.5216          0     0.0386 4.1743e+01 2.2946e+03 1.8191e+00     0.1135    97.2015      26268    35.7574    35.7559    23.3858    23.4049    24.3960    24.3892    109.309    4.59755 0.0000e+00
    109.000    23.4450  52.487688    23.4505  52.490402     2.5202          0     0.0391 4.2873e+01 2.2918e+03 1.8706e+00     0.1142    97.1854      26290    35.7559    35.7536    23.4224    23.4278    24.3841    24.3808    108.316    4.57003 0.0000e+00
    108.000    23.5053  52.572456    23.4859  52.552272     2.5175          0     0.0321 4.4791e+01 2.2918e+03 1.9544e+00     0.1152    97.1599      26306    35.7724    35.7727    23.4829    23.4634    24.3789    24.3849    107.322    4.55699 0.0000e+00
    107.000    23.5938  52.664864    23.5638  52.648566     2.5156          0     0.0313 4.6974e+01 2.2926e+03 2.0489e+00     0.1158    97.1456      26322    35.7720    35.7837    23.5715    23.5415    24.3526    24.3703    106.329    4.54293 0.0000e+00
    106.000    23.6990  52.779534    23.6812  52.765096     2.5110          0     0.0328 4.8793e+01 2.2948e+03 2.1263e+00     0.1165    97.1302      26338    35.7750    35.7783    23.6768    23.6590    24.3239    24.3316    105.335    4.52883 0.0000e+00
    105.000    23.7976  52.864428    23.6604  52.711966     2.5122          0     0.0318 5.0909e+01 2.2959e+03 2.2174e+00     0.1168    97.1218      26359    35.7605    35.7548    23.7756    23.6385    24.2838    24.3199    104.342    4.54458 0.0000e+00
    104.000    23.5994  52.651360    23.6753  52.727239     2.5330          0     0.0316 5.2633e+01 2.2991e+03 2.2893e+00     0.1179    97.0946      26395    35.7581    35.7548    23.5777    23.6536    24.3402    24.3154    103.348    4.63197 0.0000e+00
    103.000    23.5848  52.642771    23.5770  52.630894     2.5546          0     0.0269 5.3790e+01 2.3008e+03 2.3379e+00     0.1193    97.0616      26441    35.7637    35.7609    23.5633    23.5555    24.3487    24.3489    102.355    4.64763 0.0000e+00
    102.000    23.7348  52.825070    23.7372  52.856101     2.5515          0     0.0243 5.5505e+01 2.3000e+03 2.4132e+00     0.1205    97.0338      26467    35.7821    35.8039    23.7134    23.7158    24.3185    24.3343    101.361    4.61938 0.0000e+00
    101.000    23.9125  53.005351    23.9119  53.016632     2.5526          0     0.0276 5.8599e+01 2.2980e+03 2.5500e+00     0.1216    97.0073      26486    35.7766    35.7857    23.8912    23.8906    24.2617    24.2688    100.368    4.61925 0.0000e+00
    100.000    24.0180  53.110619    24.0116  53.104606     2.5564          0     0.0332 6.1945e+01 2.2983e+03 2.6952e+00     0.1226    96.9824      26504    35.7720    35.7726    23.9969    23.9905    24.2269    24.2292     99.374    4.62071 0.0000e+00
     99.000    24.0560  53.157223    24.0482  53.149766     2.5586          0     0.0315 6.5558e+01 2.2991e+03 2.8515e+00     0.1236    96.9587      26523    35.7772    35.7778    24.0350    24.0273    24.2195    24.2222     98.381    4.61750 0.0000e+00
     98.000    24.0724  53.177540    24.0793  53.187656     2.5604          0     0.0308 6.7294e+01 2.3013e+03 2.9241e+00     0.1240    96.9485      26545    35.7797    35.7819    24.0517    24.0586    24.2164    24.2160     97.387    4.62295 0.0000e+00
     97.000    24.0793  53.184470    24.0967  53.202230     2.5657          0     0.0310 6.9123e+01 2.3035e+03 3.0008e+00     0.1240    96.9497      26568    35.7798    35.7793    24.0588    24.0762    24.2144    24.2088     96.394    4.64204 0.0000e+00
     96.000    24.0805  53.185934    24.0916  53.194784     2.5722          0     0.0244 6.9501e+01 2.3055e+03 3.0146e+00     0.1250    96.9254      26591    35.7802    35.7781    24.0602    24.0713    24.2143    24.2093     95.400    4.65375 0.0000e+00
     95.000    24.1372  53.242634    24.1267  53.228733     2.5783          0     0.0180 7.0730e+01 2.3060e+03 3.0672e+00     0.1259    96.8998      26615    35.7781    35.7760    24.1170    24.1066    24.1957    24.1973     94.407    4.66605 0.0000e+00
     94.000    24.1855  53.287731    24.1468  53.254327     2.5884          0     0.0150 7.4737e+01 2.3070e+03 3.2396e+00     0.1275    96.8625      26642    35.7738    35.7795    24.1655    24.1269    24.1780    24.1939     93.413    4.68765 0.0000e+00
     93.000    24.2104  53.308572    24.1984  53.307379     2.5949          0     0.0167 8.0467e+01 2.3070e+03 3.4880e+00     0.1280    96.8489      26671    35.7699    35.7786    24.1906    24.1787    24.1676    24.1777     92.420    4.68285 0.0000e+00
     92.000    24.2782  53.387251    24.2977  53.398757     2.5971          0     0.0170 8.2750e+01 2.3064e+03 3.5878e+00     0.1294    96.8165      26699    35.7753    35.7684    24.2586    24.2782    24.1514    24.1403     91.426    4.69495 0.0000e+00
     91.000    24.4100  53.529834    24.4162  53.546604     2.6100          0     0.0163 8.5054e+01 2.3054e+03 3.6894e+00     0.1304    96.7913      26727    35.7777    35.7854    24.3906    24.3968    24.1136    24.1176     90.433    4.71433 0.0000e+00
     90.000    24.5474  53.670455    24.5184  53.648644     2.6121          0     0.0172 8.8879e+01 2.3054e+03 3.8553e+00     0.1319    96.7567      26753    35.7742    35.7809    24.5281    24.4991    24.0695    24.0834     89.439    4.68600 0.0000e+00
     89.000    24.6331  53.756726    24.6165  53.745022     2.6108          0     0.0151 9.1484e+01 2.3056e+03 3.9680e+00     0.1327    96.7374      26775    35.7709    35.7753    24.6140    24.5974    24.0412    24.0495     88.446    4.67995 0.0000e+00
     88.000    24.6803  53.807154    24.6733  53.801915     2.6116          0     0.0210 9.0852e+01 2.3071e+03 3.9380e+00     0.1343    96.6967      26793    35.7715    35.7731    24.6613    24.6544    24.0273    24.0306     87.452    4.68328 0.0000e+00
     87.000    24.7305  53.859463    24.7248  53.856858     2.6149          0     0.0248 9.3529e+01 2.3071e+03 4.0540e+00     0.1343    96.6990      26811    35.7711    35.7736    24.7117    24.7060    24.0117    24.0154     86.458    4.68688 0.0000e+00
     86.000    24.7954  53.928359    24.7820  53.911633     2.6159          0     0.0168 1.0061e+02 2.3071e+03 4.3610e+00     0.1352    96.6755      26829    35.7713    35.7694    24.7768    24.7634    23.9921    23.9948     85.465    4.68340 0.0000e+00
     85.000    24.7482  53.858311    24.7600  53.870202     2.6228          0     0.0092 1.0939e+02 2.3087e+03 4.7384e+00     0.1360    96.6575      26855    35.7568    35.7563    24.7298    24.7416    23.9954    23.9915     84.471    4.71509 0.0000e+00
     84.000    24.6839  53.804760    24.7421  53.876363     2.6361          0     0.0105 1.0276e+02 2.3085e+03 4.4513e+00     0.1373    96.6246      26891    35.7681    35.7754    24.6658    24.7239    24.0234    24.0113     83.478    4.74371 0.0000e+00
     83.000    24.8667  54.006876    24.8726  54.022783     2.6400          0     0.0099 1.0260e+02 2.3066e+03 4.4480e+00     0.1381    96.6054      26921    35.7743    35.7815    24.8487    24.8546    23.9726    23.9763     82.484    4.72651 0.0000e+00
     82.000    24.9859  54.146966    25.0115  54.177823     2.6426          0     0.0095 1.1921e+02 2.3062e+03 5.1690e+00     0.1384    96.6000      26943    35.7845    35.7871    24.9680    24.9937    23.9439    23.9381     81.491    4.72429 0.0000e+00
     81.000    25.1970  54.344180    25.1728  54.330522     2.6439          0     0.0080 1.2729e+02 2.3071e+03 5.5170e+00     0.1393    96.5778      26963    35.7643    35.7732    25.1793    25.1551    23.8641    23.8783     80.497    4.71314 0.0000e+00
     80.000    25.2703  54.411236    25.2520  54.393290     2.6498          0     0.0120 1.2605e+02 2.3088e+03 5.4597e+00     0.1404    96.5514      26984    35.7564    35.7576    25.2528    25.2344    23.8357    23.8422     79.503    4.72557 0.0000e+00
     79.000    25.2083  54.336026    25.1766  54.294951     2.6544          0     0.0090 1.1958e+02 2.3088e+03 5.1794e+00     0.1416    96.5213      27013    35.7500    35.7445    25.1910    25.1594    23.8497    23.8553     78.510    4.73308 0.0000e+00
     78.000    25.2206  54.367011    25.2709  54.429849     2.6581          0     0.0073 1.2384e+02 2.3079e+03 5.3660e+00     0.1429    96.4914      27042    35.7635    35.7704    25.2035    25.2538    23.8561    23.8459     77.516    4.73893 0.0000e+00
     77.000    25.3387  54.480933    25.3536  54.500223     2.6601          0     0.0049 1.2868e+02 2.3071e+03 5.5774e+00     0.1435    96.4764      27065    35.7551    35.7576    25.3218    25.3367    23.8134    23.8108     76.523    4.73270 0.0000e+00
     76.000    25.4293  54.567336    25.4057  54.544002     2.6628          0     0.0088 1.3182e+02 2.3062e+03 5.7159e+00     0.1442    96.4585      27085    35.7478    35.7492    25.4126    25.3890    23.7800    23.7883     75.529    4.73466 0.0000e+00
     75.000    25.4669  54.597548    25.4604  54.591203     2.6666          0     0.0093 1.4907e+02 2.3040e+03 6.4701e+00     0.1453    96.4327      27107    35.7409    35.7413    25.4503    25.4439    23.7632    23.7654     74.535    4.73514 0.0000e+00
     74.000    25.4637  54.592532    25.4669  54.591754     2.6661          0     0.0059 1.5111e+02 2.3031e+03 6.5611e+00     0.1472    96.3879      27134    35.7400    35.7369    25.4474    25.4506    23.7634    23.7601     73.542    4.73046 0.0000e+00
     73.000    25.4750  54.601785    25.4987  54.624822     2.6690          0     0.0079 1.3868e+02 2.3037e+03 6.0200e+00     0.1470    96.3918      27161    35.7383    35.7366    25.4589    25.4826    23.7585    23.7499     72.548    4.74429 0.0000e+00
     72.000    25.4947  54.627642    25.5249  54.650018     2.6733          0     0.0130 1.4889e+02 2.3037e+03 6.4631e+00     0.1483    96.3612      27184    35.7422    35.7349    25.4788    25.5090    23.7554    23.7405     71.554    4.74870 0.0000e+00
     71.000    25.5897  54.711543    25.5693  54.695114     2.6760          0     0.0115 1.6037e+02 2.3045e+03 6.9591e+00     0.1493    96.3365      27206    35.7297    35.7336    25.5740    25.5536    23.7165    23.7258     70.561    4.75377 0.0000e+00
     70.000    25.6145  54.731522    25.5984  54.712934     2.6863          0     0.0067 1.6751e+02 2.3054e+03 7.2660e+00     0.1506    96.3043      27232    35.7252    35.7242    25.5990    25.5829    23.7054    23.7096     69.567    4.78287 0.0000e+00
