Data/Raw HPLC Argo/lovbio079b/CTD/out_c_200.cnv
* Sea-Bird SBE 9 Data File:
* FileName = C:\OUTPACE_CTD_Classik_DATA\out_c_200.hex
* Software Version Seasave V 7.23.1
* Temperature SN = 0970
* Conductivity SN = 0606
* Number of Bytes Per Scan = 40
* Number of Voltage Words = 5
* Number of Scans Averaged by the Deck Unit = 1
* NMEA Latitude = 18 22.33 S
* NMEA Longitude = 166 03.50 W
* NMEA UTC (Time) = Mar 28 2015  23:37:52
* NMEA baud rate = 4800
# nquan = 23
# nvalues = 1008                        
# units = specified
# name 0 = prDM: Pressure, Digiquartz [db]
# name 1 = t090C: Temperature [ITS-90, deg C]
# name 2 = c0mS/cm: Conductivity [mS/cm]
# name 3 = t190C: Temperature, 2 [ITS-90, deg C]
# name 4 = c1mS/cm: Conductivity, 2 [mS/cm]
# name 5 = sbeox0V: Oxygen raw, SBE 43 [V]
# name 6 = modError: Modulo Error Count
# name 7 = flC: Fluorescence, Chelsea Aqua 3 Chl Con [ug/l]
# name 8 = par: PAR/Irradiance, Biospherical/Licor
# name 9 = spar: SPAR/Surface Irradiance
# name 10 = cpar: CPAR/Corrected Irradiance [%]
# name 11 = CStarAt0: Beam Attenuation, WET Labs C-Star [1/m]
# name 12 = CStarTr0: Beam Transmission, WET Labs C-Star [%]
# name 13 = scan: Scan Count
# name 14 = sal00: Salinity, Practical [PSU]
# name 15 = sal11: Salinity, Practical, 2 [PSU]
# name 16 = potemp090C: Potential Temperature [ITS-90, deg C]
# name 17 = potemp190C: Potential Temperature, 2 [ITS-90, deg C]
# name 18 = sigma-é00: Density [sigma-theta, kg/m^3]
# name 19 = sigma-é11: Density, 2 [sigma-theta, kg/m^3]
# name 20 = depSM: Depth [salt water, m], lat = -18.3722
# name 21 = sbeox0ML/L: Oxygen, SBE 43 [ml/l], WS = 2
# name 22 = flag: flag
# span 0 =      6.000,    510.000       
# span 1 =     8.1294,    29.0193       
# span 2 =  36.054703,  57.639370       
# span 3 =     8.1313,    29.0248       
# span 4 =  36.055753,  57.640166       
# span 5 =     1.6900,     2.7060       
# span 6 =          0,          0       
# span 7 =    -0.0117,     0.2754       
# span 8 = -1.184e-05, 1.3355e+03       
# span 9 = 2.0442e+03, 2.3782e+03       
# span 10 = -5.163e-07, 6.1774e+01      
# span 11 =     0.0016,     0.2352      
# span 12 =    94.2891,    99.9598      
# span 13 =         23,      29287      
# span 14 =    34.4579,    35.9257      
# span 15 =    34.4557,    35.9252      
# span 16 =     8.0768,    29.0176      
# span 17 =     8.0786,    29.0234      
# span 18 =    22.2266,    26.8389      
# span 19 =    22.2224,    26.8387      
# span 20 =      5.964,    506.308      
# span 21 =    3.65480,    4.79403      
# span 22 = 0.0000e+00, 0.0000e+00      
# interval = decibars: 1                
# start_time = Mar 28 2015 23:37:52 [NMEA time, header]
# bad_flag = -9.990e-29
*END*
[from data line 63]
     70.000    25.6623  54.776634    25.6670  54.778564     2.6728          0     0.0339 1.4510e+02 2.2342e+03 6.4928e+00     0.0425    98.9429       3517    35.7209    35.7187    25.6468    25.6515    23.6873    23.6842     69.567    4.72615 0.0000e+00
     71.000    25.6455  54.761969    25.6489  54.765781     2.6713          0     0.0335 1.1434e+02 2.2320e+03 5.1233e+00     0.0424    98.9463       3536    35.7230    35.7231    25.6297    25.6332    23.6942    23.6932     70.561    4.72319 0.0000e+00
     72.000    25.6265  54.746806    25.6308  54.749510     2.6711          0     0.0427 1.2181e+02 2.2620e+03 5.3844e+00     0.0420    98.9551       3553    35.7264    35.7250    25.6105    25.6149    23.7027    23.7003     71.554    4.72881 0.0000e+00
     73.000    25.6121  54.736439    25.6157  54.738155     2.6711          0     0.0468 1.4061e+02 2.2992e+03 6.1138e+00     0.0420    98.9556       3575    35.7298    35.7283    25.5959    25.5995    23.7098    23.7075     72.548    4.72207 0.0000e+00
     74.000    25.6529  54.772151    25.6457  54.766773     2.6645          0     0.0390 1.5565e+02 2.2637e+03 6.8669e+00     0.0419    98.9595       3620    35.7237    35.7254    25.6365    25.6293    23.6926    23.6961     73.542    4.70756 0.0000e+00
     75.000    25.5430  54.669214    25.5517  54.672431     2.6622          0     0.0403 1.1110e+02 2.2602e+03 4.9177e+00     0.0425    98.9414       3656    35.7339    35.7295    25.5265    25.5351    23.7343    23.7284     74.535    4.70754 0.0000e+00
     76.000    25.5149  54.645205    25.5187  54.647593     2.6570          0     0.0348 1.0411e+02 2.3051e+03 4.5164e+00     0.0418    98.9600       3677    35.7379    35.7367    25.4982    25.5019    23.7462    23.7441     75.529    4.69595 0.0000e+00
     77.000    25.4852  54.613926    25.4905  54.616178     2.6543          0     0.0376 1.1925e+02 2.3218e+03 5.1359e+00     0.0420    98.9569       3696    35.7379    35.7354    25.4682    25.4735    23.7554    23.7519     76.523    4.69787 0.0000e+00
     78.000    25.4412  54.575444    25.4465  54.578275     2.6528          0     0.0389 1.1908e+02 2.3219e+03 5.1286e+00     0.0418    98.9613       3715    35.7438    35.7417    25.4240    25.4293    23.7735    23.7703     77.516    4.69825 0.0000e+00
     79.000    25.4151  54.551392    25.4189  54.555800     2.6483          0     0.0371 1.1176e+02 2.3189e+03 4.8197e+00     0.0413    98.9730       3742    35.7463    35.7466    25.3977    25.4015    23.7834    23.7825     78.510    4.68689 0.0000e+00
     80.000    25.3902  54.527648    25.3915  54.527971     2.6423          0     0.0452 1.1035e+02 2.3186e+03 4.7595e+00     0.0422    98.9511       3779    35.7480    35.7472    25.3726    25.3740    23.7925    23.7915     79.503    4.67368 0.0000e+00
     81.000    25.3361  54.471062    25.3406  54.473145     2.6306          0     0.0464 1.0251e+02 2.3182e+03 4.4220e+00     0.0417    98.9631       3810    35.7485    35.7465    25.3183    25.3228    23.8096    23.8067     80.497    4.65074 0.0000e+00
     82.000    25.2551  54.385195    25.2629  54.387025     2.6301          0     0.0494 1.0758e+02 2.3172e+03 4.6426e+00     0.0417    98.9627       3833    35.7485    35.7437    25.2371    25.2450    23.8345    23.8284     81.491    4.67579 0.0000e+00
     83.000    25.1385  54.275740    25.1460  54.278706     2.6320          0     0.0540 1.0469e+02 2.3160e+03 4.5203e+00     0.0413    98.9746       3858    35.7591    35.7553    25.1204    25.1279    23.8783    23.8731     82.484    4.68033 0.0000e+00
     84.000    25.1167  54.268294    25.1203  54.271278     2.6285          0     0.0496 9.8107e+01 2.3156e+03 4.2369e+00     0.0405    98.9928       3884    35.7705    35.7698    25.0984    25.1020    23.8936    23.8920     83.478    4.67858 0.0000e+00
     85.000    25.0846  54.231094    25.0888  54.233678     2.6305          0     0.0400 9.3801e+01 2.3156e+03 4.0509e+00     0.0410    98.9818       3907    35.7679    35.7665    25.0661    25.0703    23.9015    23.8992     84.471    4.68170 0.0000e+00
     86.000    25.0569  54.195106    25.0614  54.197911     2.6257          0     0.0391 9.0742e+01 2.3156e+03 3.9188e+00     0.0416    98.9666       3928    35.7628    35.7613    25.0381    25.0427    23.9062    23.9037     85.465    4.66323 0.0000e+00
     87.000    25.0250  54.168063    25.0286  54.171383     2.6188          0     0.0455 8.6530e+01 2.3156e+03 3.7369e+00     0.0413    98.9733       3954    35.7676    35.7672    25.0061    25.0097    23.9196    23.9182     86.458    4.65512 0.0000e+00
     88.000    25.0096  54.140958    25.0319  54.161954     2.6109          0     0.0551 8.9646e+01 2.3159e+03 3.8709e+00     0.0411    98.9794       3999    35.7592    35.7572    24.9905    25.0128    23.9180    23.9097     87.452    4.64213 0.0000e+00
     89.000    24.7769  53.902132    24.7816  53.903805     2.6083          0     0.0537 8.5706e+01 2.3172e+03 3.6985e+00     0.0414    98.9715       4035    35.7654    35.7629    24.7576    24.7624    23.9935    23.9902     88.446    4.65784 0.0000e+00
     90.000    24.7372  53.859418    24.7440  53.860958     2.6037          0     0.0540 7.5221e+01 2.3166e+03 3.2470e+00     0.0411    98.9771       4058    35.7647    35.7604    24.7177    24.7246    24.0051    23.9998     89.439    4.64326 0.0000e+00
     91.000    24.6598  53.786405    24.6640  53.789135     2.5988          0     0.0531 7.2421e+01 2.3156e+03 3.1276e+00     0.0412    98.9758       4080    35.7713    35.7699    24.6402    24.6445    24.0335    24.0312     90.433    4.63981 0.0000e+00
     92.000    24.6496  53.773648    24.6529  53.776457     2.5952          0     0.0575 7.5017e+01 2.3156e+03 3.2397e+00     0.0419    98.9590       4101    35.7695    35.7690    24.6298    24.6331    24.0353    24.0340     91.426    4.63146 0.0000e+00
     93.000    24.6302  53.756123    24.6344  53.759320     2.5875          0     0.0630 7.8617e+01 2.3128e+03 3.3993e+00     0.0409    98.9823       4123    35.7715    35.7706    24.6102    24.6144    24.0427    24.0408     92.420    4.61089 0.0000e+00
     94.000    24.5626  53.686566    24.5704  53.688743     2.5809          0     0.0583 7.1120e+01 2.3112e+03 3.0772e+00     0.0408    98.9862       4147    35.7728    35.7682    24.5424    24.5503    24.0642    24.0584     93.413    4.60993 0.0000e+00
     95.000    24.4615  53.561649    24.4696  53.564803     2.5770          0     0.0686 6.6792e+01 2.3141e+03 2.8864e+00     0.0411    98.9777       4173    35.7593    35.7552    24.4412    24.4493    24.0844    24.0789     94.407    4.60906 0.0000e+00
     96.000    24.3146  53.403883    24.3238  53.406514     2.5709          0     0.0786 6.5191e+01 2.3156e+03 2.8154e+00     0.0415    98.9697       4200    35.7575    35.7521    24.2941    24.3034    24.1272    24.1204     95.400    4.61199 0.0000e+00
     97.000    24.1876  53.277985    24.1941  53.280976     2.5692          0     0.0736 6.3619e+01 2.3156e+03 2.7475e+00     0.0406    98.9895       4228    35.7638    35.7608    24.1670    24.1735    24.1700    24.1658     96.394    4.61520 0.0000e+00
     98.000    24.1612  53.256920    24.1650  53.260499     2.5625          0     0.0669 6.1410e+01 2.3142e+03 2.6536e+00     0.0405    98.9925       4253    35.7687    35.7683    24.1404    24.1442    24.1816    24.1802     97.387    4.59813 0.0000e+00
     99.000    24.1447  53.248926    24.1488  53.253913     2.5571          0     0.0705 5.7817e+01 2.3123e+03 2.5005e+00     0.0398    99.0106       4281    35.7755    35.7760    24.1237    24.1278    24.1918    24.1909     98.381    4.59811 0.0000e+00
    100.000    24.1579  53.266761    24.1385  53.253606     2.5588          0     0.0732 5.8360e+01 2.3130e+03 2.5231e+00     0.0397    99.0111       4321    35.7781    35.7836    24.1367    24.1173    24.1899    24.1998     99.374    4.60426 0.0000e+00
    101.000    24.1085  53.232118    24.1120  53.235423     2.5557          0     0.0695 5.5772e+01 2.3139e+03 2.4103e+00     0.0391    99.0257       4354    35.7911    35.7908    24.0871    24.0906    24.2145    24.2133    100.368    4.60120 0.0000e+00
    102.000    24.0839  53.188826    24.0860  53.186183     2.5562          0     0.0729 5.1146e+01 2.3139e+03 2.2104e+00     0.0395    99.0167       4376    35.7778    35.7741    24.0623    24.0644    24.2118    24.2084    101.361    4.60691 0.0000e+00
    103.000    24.0268  53.116203    24.0325  53.119245     2.5567          0     0.0724 4.8093e+01 2.3139e+03 2.0785e+00     0.0399    99.0071       4396    35.7682    35.7660    24.0050    24.0107    24.2216    24.2182    102.355    4.61050 0.0000e+00
    104.000    24.0007  53.087486    24.0050  53.090703     2.5543          0     0.0675 4.6126e+01 2.3139e+03 1.9934e+00     0.0395    99.0169       4416    35.7671    35.7660    23.9787    23.9831    24.2285    24.2265    103.348    4.59470 0.0000e+00
    105.000    23.9869  53.072388    23.9899  53.075504     2.5450          0     0.0718 4.4833e+01 2.3139e+03 1.9376e+00     0.0395    99.0169       4440    35.7664    35.7663    23.9647    23.9677    24.2322    24.2312    104.342    4.56753 0.0000e+00
    106.000    23.9792  53.064711    23.9819  53.067847     2.5343          0     0.0746 4.4485e+01 2.3131e+03 1.9232e+00     0.0394    99.0197       4468    35.7664    35.7666    23.9568    23.9595    24.2345    24.2339    105.335    4.54682 0.0000e+00
    107.000    23.9729  53.061274    23.9756  53.064386     2.5263          0     0.0743 4.5534e+01 2.3127e+03 1.9689e+00     0.0391    99.0254       4495    35.7685    35.7687    23.9503    23.9530    24.2380    24.2375    106.329    4.53937 0.0000e+00
    108.000    23.8520  52.919916    23.8662  52.921791     2.5232          0     0.0789 4.3554e+01 2.3132e+03 1.8829e+00     0.0385    99.0400       4519    35.7580    35.7480    23.8293    23.8435    24.2659    24.2542    107.322    4.54345 0.0000e+00
    109.000    23.7295  52.802469    23.7359  52.805374     2.5183          0     0.0806 3.9680e+01 2.3139e+03 1.7149e+00     0.0385    99.0401       4542    35.7669    35.7639    23.7066    23.7130    24.3089    24.3048    108.316    4.53302 0.0000e+00
    110.000    23.6694  52.745849    23.6741  52.750810     2.5076          0     0.0832 3.8763e+01 2.3139e+03 1.6753e+00     0.0385    99.0403       4570    35.7718    35.7718    23.6464    23.6511    24.3304    24.3291    109.309    4.51464 0.0000e+00
    111.000    23.6337  52.700422    23.6038  52.664978     2.5020          0     0.0898 3.7826e+01 2.3134e+03 1.6351e+00     0.0391    99.0262       4612    35.7656    35.7626    23.6105    23.5806    24.3362    24.3428    110.303    4.52361 0.0000e+00
    112.000    23.4942  52.546189    23.4985  52.549403     2.5020          0     0.0944 3.6570e+01 2.3139e+03 1.5805e+00     0.0383    99.0459       4647    35.7599    35.7590    23.4709    23.4752    24.3730    24.3710    111.296    4.52825 0.0000e+00
    113.000    23.4681  52.516981    23.4717  52.519446     2.4992          0     0.0974 3.4041e+01 2.3135e+03 1.4715e+00     0.0381    99.0514       4670    35.7583    35.7574    23.4446    23.4482    24.3795    24.3777    112.289    4.52640 0.0000e+00
    114.000    23.4555  52.504437    23.4584  52.507938     2.4980          0     0.0986 3.0999e+01 2.3136e+03 1.3399e+00     0.0382    99.0493       4689    35.7586    35.7589    23.4319    23.4347    24.3834    24.3828    113.283    4.52621 0.0000e+00
    115.000    23.4453  52.494008    23.4486  52.497274     2.4973          0     0.0991 2.9100e+01 2.3139e+03 1.2576e+00     0.0384    99.0434       4707    35.7585    35.7583    23.4214    23.4247    24.3864    24.3853    114.276    4.52795 0.0000e+00
    116.000    23.4403  52.489326    23.4433  52.492759     2.4967          0     0.1032 2.9624e+01 2.3148e+03 1.2798e+00     0.0382    99.0497       4728    35.7586    35.7588    23.4162    23.4192    24.3880    24.3873    115.270    4.52422 0.0000e+00
    117.000    23.4430  52.493665    23.4469  52.498225     2.4944          0     0.1025 2.9630e+01 2.3160e+03 1.2794e+00     0.0380    99.0540       4760    35.7595    35.7598    23.4187    23.4226    24.3879    24.3870    116.263    4.52343 0.0000e+00
    118.000    23.4002  52.444248    23.4005  52.441446     2.4925          0     0.1092 2.8080e+01 2.3154e+03 1.2128e+00     0.0384    99.0437       4807    35.7559    35.7535    23.3757    23.3760    24.3978    24.3958    117.257    4.51562 0.0000e+00
    119.000    23.3704  52.409329    23.3732  52.412757     2.4866          0     0.1047 2.6982e+01 2.3173e+03 1.1644e+00     0.0385    99.0403       4844    35.7529    35.7532    23.3457    23.3486    24.4043    24.4036    118.250    4.50339 0.0000e+00
    120.000    23.3677  52.406435    23.3700  52.409191     2.4839          0     0.1057 2.5015e+01 2.3158e+03 1.0802e+00     0.0382    99.0492       4866    35.7525    35.7527    23.3428    23.3451    24.4048    24.4043    119.244    4.51191 0.0000e+00
    121.000    23.3523  52.386173    23.3559  52.388910     2.4880          0     0.1049 2.2019e+01 2.3156e+03 9.5093e-01     0.0381    99.0504       4885    35.7490    35.7483    23.3272    23.3308    24.4067    24.4051    120.237    4.52815 0.0000e+00
    122.000    23.3197  52.345875    23.3254  52.348244     2.4896          0     0.1053 1.8882e+01 2.3147e+03 8.1572e-01     0.0383    99.0467       4903    35.7442    35.7414    23.2945    23.3001    24.4126    24.4089    121.230    4.52692 0.0000e+00
    123.000    23.2893  52.313495    23.2936  52.315912     2.4888          0     0.1121 1.7401e+01 2.3136e+03 7.5212e-01     0.0384    99.0435       4919    35.7436    35.7419    23.2638    23.2682    24.4211    24.4186    122.224    4.52138 0.0000e+00
    124.000    23.3032  52.332295    23.2992  52.330090     2.4821          0     0.1148 2.0251e+01 2.3125e+03 8.7574e-01     0.0384    99.0434       4950    35.7465    35.7480    23.2775    23.2735    24.4193    24.4216    123.217    4.49723 0.0000e+00
    125.000    23.2701  52.293286    23.2790  52.299236     2.4720          0     0.1134 2.1061e+01 2.3159e+03 9.0942e-01     0.0389    99.0325       5000    35.7430    35.7403    23.2443    23.2532    24.4263    24.4217    124.211    4.48112 0.0000e+00
    126.000    23.2452  52.264333    23.2484  52.266286     2.4679          0     0.1123 2.0326e+01 2.3173e+03 8.7715e-01     0.0384    99.0424       5026    35.7405    35.7394    23.2192    23.2224    24.4317    24.4300    125.204    4.47353 0.0000e+00
    127.000    23.2066  52.214681    23.2113  52.217573     2.4634          0     0.1215 1.8811e+01 2.3171e+03 8.1181e-01     0.0388    99.0331       5050    35.7333    35.7317    23.1804    23.1851    24.4375    24.4350    126.197    4.46102 0.0000e+00
    128.000    23.1584  52.173863    23.1623  52.177177     2.4556          0     0.1235 1.7763e+01 2.3158e+03 7.6703e-01     0.0384    99.0433       5075    35.7406    35.7399    23.1320    23.1360    24.4572    24.4555    127.191    4.44875 0.0000e+00
    129.000    23.1478  52.167758    23.1503  52.171162     2.4524          0     0.1394 1.7353e+01 2.3146e+03 7.4974e-01     0.0386    99.0395       5102    35.7441    35.7448    23.1213    23.1237    24.4630    24.4627    128.184    4.45136 0.0000e+00
    130.000    23.1080  52.108802    23.1137  52.109843     2.4492          0     0.1386 1.6791e+01 2.3139e+03 7.2566e-01     0.0390    99.0285       5127    35.7306    35.7268    23.0813    23.0870    24.4643    24.4597    129.177    4.44551 0.0000e+00
    131.000    23.0323  52.026771    23.0374  52.028550     2.4467          0     0.1415 1.6011e+01 2.3139e+03 6.9196e-01     0.0391    99.0258       5149    35.7285    35.7257    23.0054    23.0105    24.4847    24.4811    130.171    4.44499 0.0000e+00
