Data/Raw HPLC Argo/lovbio079b/CTD/out_c_200.cnv
* Sea-Bird SBE 9 Data File:
* FileName = C:\OUTPACE_CTD_Classik_DATA\out_c_200.hex
* Software Version Seasave V 7.23.1
* Temperature SN = 0970
* Conductivity SN = 0606
* Number of Bytes Per Scan = 40
* Number of Voltage Words = 5
* Number of Scans Averaged by the Deck Unit = 1
* NMEA Latitude = 18 22.33 S
* NMEA Longitude = 166 03.50 W
* NMEA UTC (Time) = Mar 28 2015  23:37:52
* NMEA baud rate = 4800
# nquan = 23
# nvalues = 1008                        
# units = specified
# name 0 = prDM: Pressure, Digiquartz [db]
# name 1 = t090C: Temperature [ITS-90, deg C]
# name 2 = c0mS/cm: Conductivity [mS/cm]
# name 3 = t190C: Temperature, 2 [ITS-90, deg C]
# name 4 = c1mS/cm: Conductivity, 2 [mS/cm]
# name 5 = sbeox0V: Oxygen raw, SBE 43 [V]
# name 6 = modError: Modulo Error Count
# name 7 = flC: Fluorescence, Chelsea Aqua 3 Chl Con [ug/l]
# name 8 = par: PAR/Irradiance, Biospherical/Licor
# name 9 = spar: SPAR/Surface Irradiance
# name 10 = cpar: CPAR/Corrected Irradiance [%]
# name 11 = CStarAt0: Beam Attenuation, WET Labs C-Star [1/m]
# name 12 = CStarTr0: Beam Transmission, WET Labs C-Star [%]
# name 13 = scan: Scan Count
# name 14 = sal00: Salinity, Practical [PSU]
# name 15 = sal11: Salinity, Practical, 2 [PSU]
# name 16 = potemp090C: Potential Temperature [ITS-90, deg C]
# name 17 = potemp190C: Potential Temperature, 2 [ITS-90, deg C]
# name 18 = sigma-é00: Density [sigma-theta, kg/m^3]
# name 19 = sigma-é11: Density, 2 [sigma-theta, kg/m^3]
# name 20 = depSM: Depth [salt water, m], lat = -18.3722
# name 21 = sbeox0ML/L: Oxygen, SBE 43 [ml/l], WS = 2
# name 22 = flag: flag
# span 0 =      6.000,    510.000       
# span 1 =     8.1294,    29.0193       
# span 2 =  36.054703,  57.639370       
# span 3 =     8.1313,    29.0248       
# span 4 =  36.055753,  57.640166       
# span 5 =     1.6900,     2.7060       
# span 6 =          0,          0       
# span 7 =    -0.0117,     0.2754       
# span 8 = -1.184e-05, 1.3355e+03       
# span 9 = 2.0442e+03, 2.3782e+03       
# span 10 = -5.163e-07, 6.1774e+01      
# span 11 =     0.0016,     0.2352      
# span 12 =    94.2891,    99.9598      
# span 13 =         23,      29287      
# span 14 =    34.4579,    35.9257      
# span 15 =    34.4557,    35.9252      
# span 16 =     8.0768,    29.0176      
# span 17 =     8.0786,    29.0234      
# span 18 =    22.2266,    26.8389      
# span 19 =    22.2224,    26.8387      
# span 20 =      5.964,    506.308      
# span 21 =    3.65480,    4.79403      
# span 22 = 0.0000e+00, 0.0000e+00      
# interval = decibars: 1                
# start_time = Mar 28 2015 23:37:52 [NMEA time, header]
# bad_flag = -9.990e-29
*END*
[from data line 630]
    383.000    12.3930  40.371269    12.4132  40.395664     1.8936          0     0.0018 1.0000e-12 2.2756e+03 4.3944e-14     0.0022    99.9461      19509    34.8295    34.8343    12.3417    12.3618    26.3908    26.3907    380.344    4.03362 0.0000e+00
    382.000    12.5600  40.541323    12.5653  40.553966     1.8948          0     0.0042 1.0000e-12 2.2749e+03 4.3958e-14     0.0021    99.9462      19534    34.8392    34.8465    12.5083    12.5136    26.3658    26.3704    379.352    4.01735 0.0000e+00
    381.000    12.6479  40.626622    12.6363  40.622603     1.8949          0     0.0008 1.0000e-12 2.2749e+03 4.3958e-14     0.0022    99.9450      19554    34.8403    34.8472    12.5962    12.5846    26.3494    26.3571    378.360    4.01079 0.0000e+00
    380.000    12.6633  40.643067    12.6522  40.634145     1.8958          0     0.0051 1.0000e-12 2.2749e+03 4.3958e-14     0.0022    99.9450      19571    34.8422    34.8440    12.6117    12.6006    26.3479    26.3514    377.367    4.01197 0.0000e+00
    379.000    12.6914  40.671787    12.6844  40.671685     1.8959          0     0.0055 1.0000e-12 2.2749e+03 4.3958e-14     0.0022    99.9450      19589    34.8443    34.8507    12.6398    12.6328    26.3439    26.3503    376.375    4.00987 0.0000e+00
    378.000    12.7283  40.712182    12.6973  40.675179     1.8968          0     0.0012 1.0000e-12 2.2742e+03 4.3972e-14     0.0022    99.9461      19610    34.8494    34.8426    12.6767    12.6458    26.3406    26.3414    375.383    4.01039 0.0000e+00
    377.000    12.6875  40.661244    12.6950  40.671646     1.8986          0    -0.0067 1.0000e-12 2.2749e+03 4.3958e-14     0.0020    99.9492      19636    34.8386    34.8417    12.6362    12.6437    26.3402    26.3412    374.391    4.02419 0.0000e+00
    376.000    12.6814  40.662331    12.7310  40.729913     1.9016          0    -0.0049 1.0000e-12 2.2734e+03 4.3987e-14     0.0021    99.9464      19672    34.8458    34.8647    12.6302    12.6797    26.3470    26.3518    373.399    4.03010 0.0000e+00
    375.000    12.7903  40.780692    12.8085  40.801082     1.9037          0     0.0020 1.0000e-12 2.2718e+03 4.4017e-14     0.0020    99.9507      19705    34.8590    34.8617    12.7390    12.7572    26.3358    26.3342    372.407    4.02354 0.0000e+00
    374.000    12.8527  40.849987    12.8582  40.856668     1.9042          0     0.0001 1.0000e-12 2.2729e+03 4.3996e-14     0.0020    99.9496      19730    34.8682    34.8695    12.8013    12.8068    26.3305    26.3304    371.414    4.01768 0.0000e+00
    373.000    12.9408  40.941600    12.9133  40.919326     1.9057          0    -0.0015 1.0000e-12 2.2718e+03 4.4019e-14     0.0022    99.9449      19753    34.8749    34.8789    12.8894    12.8620    26.3181    26.3267    370.422    4.01778 0.0000e+00
    372.000    12.9942  40.994160    12.9772  40.985093     1.9070          0     0.0029 1.0000e-12 2.2715e+03 4.4024e-14     0.0020    99.9496      19775    34.8762    34.8832    12.9428    12.9258    26.3085    26.3173    369.430    4.01436 0.0000e+00
    371.000    13.0448  41.049486    13.0238  41.029926     1.9078          0     0.0035 1.0000e-12 2.2724e+03 4.4007e-14     0.0019    99.9519      19798    34.8828    34.8835    12.9934    12.9724    26.3034    26.3081    368.438    4.00944 0.0000e+00
    370.000    13.0398  41.037637    13.0159  41.022166     1.9089          0     0.0033 1.0000e-12 2.2728e+03 4.3999e-14     0.0019    99.9517      19823    34.8765    34.8838    12.9885    12.9647    26.2996    26.3099    367.446    4.01725 0.0000e+00
    369.000    13.0630  41.068642    13.1254  41.138442     1.9113          0     0.0032 1.0000e-12 2.2696e+03 4.4060e-14     0.0021    99.9478      19852    34.8851    34.8941    13.0118    13.0741    26.3015    26.2959    366.453    4.02390 0.0000e+00
    368.000    13.1402  41.148819    13.1592  41.180548     1.9138          0    -0.0014 1.0000e-12 2.2669e+03 4.4113e-14     0.0021    99.9468      19881    34.8908    34.9034    13.0889    13.1079    26.2904    26.2963    365.461    4.02479 0.0000e+00
    367.000    13.1839  41.199166    13.2160  41.235706     1.9165          0     0.0035 1.0000e-12 2.2655e+03 4.4139e-14     0.0022    99.9459      19911    34.8988    34.9040    13.1327    13.1648    26.2878    26.2853    364.469    4.02354 0.0000e+00
    366.000    13.3206  41.351687    13.3095  41.354098     1.9171          0    -0.0004 1.0000e-12 2.2636e+03 4.4177e-14     0.0020    99.9500      19936    34.9183    34.9307    13.2692    13.2581    26.2751    26.2870    363.477    4.00803 0.0000e+00
    365.000    13.4124  41.447298    13.4038  41.445134     1.9177          0     0.0019 1.0000e-12 2.2612e+03 4.4222e-14     0.0020    99.9492      19956    34.9249    34.9308    13.3609    13.3523    26.2616    26.2679    362.484    4.00431 0.0000e+00
    364.000    13.4760  41.512311    13.4555  41.497557     1.9186          0     0.0020 1.0000e-12 2.2613e+03 4.4221e-14     0.0021    99.9465      19974    34.9285    34.9333    13.4244    13.4040    26.2514    26.2593    361.492    4.00297 0.0000e+00
    363.000    13.5069  41.542190    13.4941  41.531866     1.9197          0    -0.0004 1.0000e-12 2.2603e+03 4.4243e-14     0.0020    99.9489      19993    34.9288    34.9307    13.4554    13.4427    26.2452    26.2494    360.500    4.00196 0.0000e+00
    362.000    13.4860  41.513656    13.4706  41.497642     1.9208          0     0.0001 1.0000e-12 2.2582e+03 4.4283e-14     0.0022    99.9459      20019    34.9214    34.9204    13.4347    13.4194    26.2438    26.2461    359.508    4.00709 0.0000e+00
    361.000    13.4443  41.474505    13.4522  41.476888     1.9226          0     0.0056 1.0000e-12 2.2527e+03 4.4391e-14     0.0022    99.9457      20057    34.9231    34.9181    13.3933    13.4012    26.2535    26.2481    358.515    4.01083 0.0000e+00
    360.000    13.5034  41.533200    13.4585  41.503493     1.9223          0     0.0064 1.0000e-12 2.2479e+03 4.4486e-14     0.0022    99.9460      20089    34.9247    34.9378    13.4524    13.4075    26.2427    26.2621    357.523    4.00307 0.0000e+00
    359.000    13.5364  41.582527    13.5447  41.590728     1.9231          0     0.0017 1.0000e-12 2.2456e+03 4.4531e-14     0.0021    99.9463      20112    34.9414    34.9415    13.4854    13.4937    26.2488    26.2472    356.531    4.00895 0.0000e+00
    358.000    13.5988  41.640311    13.5848  41.630567     1.9248          0     0.0016 1.0000e-12 2.2444e+03 4.4555e-14     0.0020    99.9488      20133    34.9392    34.9428    13.5478    13.5338    26.2343    26.2400    355.539    4.00929 0.0000e+00
    357.000    13.6338  41.678176    13.6143  41.654828     1.9266          0     0.0093 1.0000e-12 2.2450e+03 4.4543e-14     0.0023    99.9432      20156    34.9432    34.9390    13.5828    13.5635    26.2302    26.2310    354.546    4.01393 0.0000e+00
    356.000    13.5935  41.630026    13.6191  41.671441     1.9296          0     0.0069 1.0000e-12 2.2474e+03 4.4497e-14     0.0016    99.9598      20185    34.9351    34.9507    13.5428    13.5683    26.2322    26.2390    353.554    4.02314 0.0000e+00
    355.000    13.6203  41.668167    13.6763  41.726805     1.9312          0     0.0113 1.0000e-12 2.2491e+03 4.4461e-14     0.0021    99.9466      20217    34.9469    34.9508    13.5697    13.6256    26.2357    26.2272    352.562    4.01923 0.0000e+00
    354.000    13.6748  41.723582    13.7043  41.763505     1.9320          0     0.0090 1.0000e-12 2.2514e+03 4.4418e-14     0.0022    99.9461      20244    34.9496    34.9601    13.6242    13.6536    26.2266    26.2286    351.570    4.01511 0.0000e+00
    353.000    13.7597  41.821737    13.7675  41.830729     1.9323          0     0.0071 1.0000e-12 2.2529e+03 4.4387e-14     0.0020    99.9493      20266    34.9646    34.9659    13.7090    13.7168    26.2206    26.2200    350.577    4.00576 0.0000e+00
    352.000    13.8277  41.890087    13.8036  41.871491     1.9325          0     0.0085 1.0000e-12 2.2543e+03 4.4361e-14     0.0019    99.9525      20284    34.9670    34.9715    13.7770    13.7530    26.2083    26.2168    349.585    4.00036 0.0000e+00
    351.000    13.8742  41.938466    13.8591  41.927950     1.9325          0     0.0069 1.0000e-12 2.2551e+03 4.4344e-14     0.0021    99.9463      20302    34.9703    34.9742    13.8235    13.8085    26.2012    26.2073    348.593    3.99923 0.0000e+00
    350.000    13.8958  41.959351    13.8476  41.904879     1.9337          0     0.0073 1.0000e-12 2.2563e+03 4.4322e-14     0.0020    99.9502      20324    34.9705    34.9636    13.8453    13.7971    26.1968    26.2014    347.600    4.00193 0.0000e+00
    349.000    13.8666  41.922029    13.8523  41.925332     1.9347          0     0.0093 1.0000e-12 2.2571e+03 4.4305e-14     0.0023    99.9433      20353    34.9627    34.9788    13.8162    13.8020    26.1968    26.2122    346.608    4.00675 0.0000e+00
    348.000    13.8809  41.949578    13.9525  42.028279     1.9373          0     0.0050 1.0000e-12 2.2566e+03 4.4315e-14     0.0023    99.9433      20384    34.9758    34.9841    13.8307    13.9021    26.2039    26.1954    345.616    4.02085 0.0000e+00
    347.000    13.9591  42.028013    13.9654  42.039855     1.9408          0     0.0029 1.0000e-12 2.2564e+03 4.4320e-14     0.0021    99.9475      20416    34.9782    34.9835    13.9088    13.9151    26.1894    26.1922    344.623    4.01913 0.0000e+00
    346.000    13.9804  42.048560    13.9733  42.044235     1.9422          0     0.0069 1.0000e-12 2.2594e+03 4.4261e-14     0.0020    99.9489      20449    34.9784    34.9809    13.9302    13.9231    26.1851    26.1885    343.631    4.01634 0.0000e+00
    345.000    14.1727  42.286091    14.1483  42.268537     1.9440          0     0.0105 1.0000e-12 2.2645e+03 4.4159e-14     0.0021    99.9470      20479    35.0250    35.0309    14.1221    14.0978    26.1806    26.1904    342.639    4.00442 0.0000e+00
    344.000    14.3641  42.473460    14.3123  42.437709     1.9446          0     0.0024 1.0000e-12 2.2686e+03 4.4078e-14     0.0021    99.9477      20502    35.0255    35.0394    14.3133    14.2616    26.1404    26.1622    341.647    3.99149 0.0000e+00
    343.000    14.4548  42.569448    14.4217  42.549997     1.9461          0    -0.0032 1.0000e-12 2.2723e+03 4.4009e-14     0.0018    99.9554      20521    35.0326    35.0445    14.4039    14.3708    26.1265    26.1428    340.654    3.98841 0.0000e+00
    342.000    14.4916  42.607319    14.4763  42.594815     1.9471          0    -0.0011 1.0000e-12 2.2759e+03 4.3938e-14     0.0021    99.9463      20540    35.0346    35.0369    14.4408    14.4255    26.1201    26.1252    339.662    3.98491 0.0000e+00
    341.000    14.5164  42.633473    14.4926  42.608952     1.9475          0     0.0001 1.0000e-12 2.2763e+03 4.3930e-14     0.0020    99.9505      20563    35.0367    35.0356    14.4657    14.4419    26.1164    26.1207    338.669    3.98025 0.0000e+00
    340.000    14.5082  42.622883    14.5109  42.632764     1.9475          0    -0.0024 1.0000e-12 2.2744e+03 4.3968e-14     0.0020    99.9498      20586    35.0348    35.0414    14.4576    14.4603    26.1167    26.1212    337.677    3.98250 0.0000e+00
    339.000    14.5197  42.639146    14.5381  42.670133     1.9486          0     0.0028 1.0000e-12 2.2732e+03 4.3991e-14     0.0021    99.9477      20606    35.0398    35.0516    14.4692    14.4876    26.1180    26.1232    336.685    3.98212 0.0000e+00
    338.000    14.6024  42.738854    14.5992  42.734768     1.9479          0     0.0062 1.0000e-12 2.2730e+03 4.3994e-14     0.0020    99.9490      20626    35.0573    35.0564    14.5518    14.5487    26.1137    26.1137    335.692    3.96606 0.0000e+00
    337.000    14.6613  42.784890    14.5869  42.700809     1.9469          0     0.0011 1.0000e-12 2.2732e+03 4.3991e-14     0.0022    99.9451      20649    35.0468    35.0367    14.6108    14.5366    26.0929    26.1011    334.700    3.96556 0.0000e+00
    336.000    14.5777  42.692754    14.5399  42.647531     1.9507          0    -0.0030 1.0000e-12 2.2718e+03 4.4018e-14     0.0022    99.9450      20686    35.0379    35.0304    14.5276    14.4899    26.1041    26.1064    333.708    3.99401 0.0000e+00
    335.000    14.4948  42.607582    14.4935  42.604581     1.9556          0    -0.0018 1.0000e-12 2.2714e+03 4.4025e-14     0.0023    99.9437      20733    35.0348    35.0332    14.4449    14.4437    26.1194    26.1184    332.715    4.01128 0.0000e+00
    334.000    14.6243  42.771061    14.6142  42.783978     1.9580          0    -0.0057 1.0000e-12 2.2708e+03 4.4037e-14     0.0022    99.9451      20766    35.0686    35.0896    14.5743    14.5642    26.1176    26.1360    331.723    3.99889 0.0000e+00
    333.000    14.8099  42.964327    14.8042  42.966645     1.9583          0    -0.0060 1.0000e-12 2.2685e+03 4.4081e-14     0.0022    99.9450      20786    35.0790    35.0863    14.7597    14.7540    26.0854    26.0923    330.730    3.97670 0.0000e+00
    332.000    14.8739  43.022786    14.8532  43.011707     1.9569          0    -0.0020 1.0000e-12 2.2683e+03 4.4085e-14     0.0021    99.9468      20802    35.0753    35.0838    14.8237    14.8030    26.0687    26.0797    329.738    3.96520 0.0000e+00
    331.000    14.9011  43.051848    14.8909  43.047122     1.9562          0    -0.0021 1.0000e-12 2.2698e+03 4.4056e-14     0.0022    99.9450      20817    35.0778    35.0826    14.8510    14.8408    26.0646    26.0706    328.746    3.96492 0.0000e+00
    330.000    14.9312  43.092413    14.9165  43.079489     1.9566          0    -0.0009 1.5321e-04 2.2714e+03 6.7448e-06     0.0023    99.9433      20831    35.0882    35.0895    14.8811    14.8665    26.0660    26.0703    327.753    3.96662 0.0000e+00
    329.000    14.9683  43.125707    14.9569  43.122276     1.9569          0    -0.0008 5.0321e-04 2.2731e+03 2.2137e-05     0.0022    99.9450      20846    35.0856    35.0927    14.9183    14.9069    26.0559    26.0639    326.761    3.96448 0.0000e+00
    328.000    14.9700  43.124418    14.9858  43.146229     1.9571          0     0.0032 1.3185e-03 2.2757e+03 5.7940e-05     0.0022    99.9450      20865    35.0833    35.0890    14.9202    14.9359    26.0537    26.0547    325.768    3.96519 0.0000e+00
    327.000    14.9061  43.053846    14.9396  43.087257     1.9581          0     0.0012 3.1565e-03 2.2787e+03 1.3851e-04     0.0022    99.9440      20896    35.0767    35.0771    14.8565    14.8899    26.0626    26.0556    324.776    3.97445 0.0000e+00
    326.000    14.8798  43.023171    14.9121  43.061603     1.9635          0     0.0024 5.0979e-04 2.2814e+03 2.2322e-05     0.0023    99.9429      20964    35.0727    35.0788    14.8305    14.8627    26.0652    26.0628    323.784    3.99709 0.0000e+00
    325.000    14.9368  43.098888    14.9076  43.074552     1.9644          0     0.0102 9.5780e-04 2.2815e+03 4.1987e-05     0.0022    99.9451      20991    35.0910    35.0950    14.8875    14.8584    26.0669    26.0763    322.791    3.98489 0.0000e+00
    324.000    15.0076  43.176878    15.0094  43.194768     1.9650          0     0.0083 2.2132e-03 2.2817e+03 9.6999e-05     0.0024    99.9395      21008    35.0989    35.1136    14.9583    14.9601    26.0574    26.0684    321.799    3.98263 0.0000e+00
    323.000    15.1204  43.301302    15.0966  43.286793     1.9653          0    -0.0000 4.3901e-03 2.2817e+03 1.9241e-04     0.0022    99.9452      21022    35.1113    35.1195    15.0710    15.0472    26.0422    26.0537    320.806    3.97641 0.0000e+00
    322.000    15.2121  43.397561    15.1855  43.386046     1.9668          0     0.0019 5.4457e-03 2.2817e+03 2.3867e-04     0.0024    99.9413      21036    35.1170    35.1304    15.1626    15.1361    26.0263    26.0425    319.814    3.97306 0.0000e+00
