Data/Raw HPLC Argo/lovbio077b/CTD/out_c_151.cnv
* Sea-Bird SBE 9 Data File:
* FileName = C:\OUTPACE_CTD_Classik_DATA\out_c_151.hex
* Software Version Seasave V 7.23.1
* Temperature SN = 0970
* Conductivity SN = 0606
* Number of Bytes Per Scan = 40
* Number of Voltage Words = 5
* Number of Scans Averaged by the Deck Unit = 1
* NMEA Latitude = 18 10.47 S
* NMEA Longitude = 170 44.31 W
* NMEA UTC (Time) = Mar 20 2015  14:16:13
* NMEA baud rate = 4800
# nquan = 23
# nvalues = 4074                        
# units = specified
# name 0 = prDM: Pressure, Digiquartz [db]
# name 1 = t090C: Temperature [ITS-90, deg C]
# name 2 = t190C: Temperature, 2 [ITS-90, deg C]
# name 3 = c0mS/cm: Conductivity [mS/cm]
# name 4 = c1mS/cm: Conductivity, 2 [mS/cm]
# name 5 = sbeox0V: Oxygen raw, SBE 43 [V]
# name 6 = modError: Modulo Error Count
# name 7 = flC: Fluorescence, Chelsea Aqua 3 Chl Con [ug/l]
# name 8 = par: PAR/Irradiance, Biospherical/Licor
# name 9 = spar: SPAR/Surface Irradiance
# name 10 = cpar: CPAR/Corrected Irradiance [%]
# name 11 = CStarAt0: Beam Attenuation, WET Labs C-Star [1/m]
# name 12 = CStarTr0: Beam Transmission, WET Labs C-Star [%]
# name 13 = scan: Scan Count
# name 14 = sal00: Salinity, Practical [PSU]
# name 15 = sal11: Salinity, Practical, 2 [PSU]
# name 16 = potemp090C: Potential Temperature [ITS-90, deg C]
# name 17 = potemp190C: Potential Temperature, 2 [ITS-90, deg C]
# name 18 = sigma-é00: Density [sigma-theta, kg/m^3]
# name 19 = sigma-é11: Density, 2 [sigma-theta, kg/m^3]
# name 20 = depSM: Depth [salt water, m], lat = -18.1745
# name 21 = sbeox0ML/L: Oxygen, SBE 43 [ml/l], WS = 2
# name 22 = flag: flag
# span 0 =      6.000,   2043.000       
# span 1 =     2.2428,    29.9274       
# span 2 =     2.2436,    29.9291       
# span 3 =  31.569525,  58.382537       
# span 4 =  31.570526,  58.382295       
# span 5 =     1.1908,     2.7303       
# span 6 =          0,          0       
# span 7 =    -0.0160,     0.3245       
# span 8 = -1.894e-04, 1.8691e-01       
# span 9 = 1.6939e+00, 1.6939e+00       
# span 10 = -1.118e-02, 1.1034e+01      
# span 11 =    -0.0126,     0.4249      
# span 12 =    89.9224,   100.3166      
# span 13 =       -148,     133921      
# span 14 =    34.3672,    35.8183      
# span 15 =    34.3603,    35.8176      
# span 16 =     2.0990,    29.9217      
# span 17 =     2.0999,    29.9234      
# span 18 =    21.7961,    27.6671      
# span 19 =    21.7944,    27.6670      
# span 20 =      5.964,   2020.866      
# span 21 =    3.13804,    4.69810      
# span 22 = 0.0000e+00, 0.0000e+00      
# interval = decibars: 1                
# start_time = Mar 20 2015 14:16:13 [NMEA time, header]
# bad_flag = -9.990e-29
*END*
[from data line 2205]
   1875.000     2.3648     2.3652  31.603595  31.604050     1.2086          0     0.0077 3.0662e-03 1.6939e+00 1.8101e-01    -0.0123   100.3094      59140    34.6189    34.6190     2.2336     2.2340    27.6475    27.6476   1855.417    3.15662 0.0000e+00
   1874.000     2.3650     2.3659  31.603361  31.604115     1.2086          0     0.0119 2.9356e-03 1.6939e+00 1.7330e-01    -0.0124   100.3099      59166    34.6189    34.6188     2.2339     2.2348    27.6475    27.6473   1854.432    3.15777 0.0000e+00
   1873.000     2.3653     2.3661  31.603168  31.603705     1.2087          0     0.0150 2.8713e-03 1.6939e+00 1.6951e-01    -0.0121   100.3037      59192    34.6188    34.6187     2.2342     2.2350    27.6474    27.6472   1853.447    3.16312 0.0000e+00
   1872.000     2.3652     2.3653  31.602579  31.602816     1.2093          0     0.0157 1.7755e-03 1.6939e+00 1.0482e-01    -0.0121   100.3038      59225    34.6188    34.6189     2.2342     2.2343    27.6474    27.6475   1852.462    3.15933 0.0000e+00
   1871.000     2.3664     2.3674  31.603287  31.604253     1.2090          0     0.0196 1.5552e-03 1.6939e+00 9.1810e-02    -0.0121   100.3043      59253    34.6188    34.6189     2.2355     2.2365    27.6473    27.6472   1851.476    3.16016 0.0000e+00
   1870.000     2.3672     2.3676  31.603495  31.603866     1.2093          0     0.0174 1.3161e-03 1.6939e+00 7.7699e-02    -0.0125   100.3137      59273    34.6187    34.6187     2.2363     2.2368    27.6471    27.6471   1850.491    3.15566 0.0000e+00
   1869.000     2.3684     2.3691  31.603940  31.604636     1.2090          0     0.0167 2.7267e-03 1.6939e+00 1.6097e-01    -0.0124   100.3110      59292    34.6184    34.6186     2.2376     2.2383    27.6468    27.6469   1849.506    3.15990 0.0000e+00
   1868.000     2.3683     2.3694  31.603538  31.604305     1.2097          0     0.0208 2.6295e-03 1.6939e+00 1.5523e-01    -0.0123   100.3080      59315    34.6185    34.6183     2.2376     2.2387    27.6469    27.6466   1848.521    3.16228 0.0000e+00
   1867.000     2.3675     2.3685  31.602469  31.603328     1.2096          0     0.0146 3.7750e-03 1.6939e+00 2.2286e-01    -0.0124   100.3112      59356    34.6186    34.6186     2.2369     2.2379    27.6470    27.6469   1847.535    3.16171 0.0000e+00
   1866.000     2.3678     2.3690  31.602211  31.603550     1.2099          0     0.0061 3.5853e-03 1.6939e+00 2.1166e-01    -0.0125   100.3124      59386    34.6185    34.6188     2.2373     2.2385    27.6469    27.6470   1846.550    3.16383 0.0000e+00
   1865.000     2.3684     2.3699  31.602601  31.603546     1.2104          0     0.0068 5.0818e-03 1.6939e+00 3.0001e-01    -0.0122   100.3052      59405    34.6187    34.6184     2.2380     2.2394    27.6470    27.6466   1845.565    3.16286 0.0000e+00
   1864.000     2.3714     2.3716  31.604461  31.604956     1.2099          0     0.0077 5.0627e-03 1.6939e+00 2.9888e-01    -0.0125   100.3149      59421    34.6184    34.6187     2.2410     2.2412    27.6464    27.6467   1844.580    3.15969 0.0000e+00
   1863.000     2.3718     2.3731  31.604168  31.605439     1.2106          0     0.0090 2.7728e-03 1.6939e+00 1.6370e-01    -0.0124   100.3119      59437    34.6180    34.6182     2.2415     2.2428    27.6462    27.6462   1843.594    3.16665 0.0000e+00
   1862.000     2.3724     2.3736  31.604318  31.605183     1.2105          0     0.0069 3.1956e-03 1.6939e+00 1.8866e-01    -0.0123   100.3088      59456    34.6181    34.6179     2.2421     2.2433    27.6462    27.6459   1842.609    3.16564 0.0000e+00
   1861.000     2.3723     2.3720  31.603605  31.603311     1.2109          0     0.0137 4.3145e-03 1.6939e+00 2.5471e-01    -0.0122   100.3065      59481    34.6178    34.6178     2.2422     2.2418    27.6459    27.6460   1841.624    3.16754 0.0000e+00
   1860.000     2.3720     2.3730  31.603299  31.604232     1.2115          0     0.0109 5.1029e-03 1.6939e+00 3.0125e-01    -0.0123   100.3088      59506    34.6183    34.6183     2.2419     2.2429    27.6463    27.6463   1840.639    3.16518 0.0000e+00
   1859.000     2.3728     2.3740  31.603085  31.604168     1.2111          0     0.0124 2.3623e-03 1.6939e+00 1.3946e-01    -0.0125   100.3117      59524    34.6177    34.6177     2.2427     2.2440    27.6458    27.6457   1839.653    3.16327 0.0000e+00
   1858.000     2.3745     2.3747  31.604437  31.604765     1.2114          0     0.0092 2.7446e-03 1.6939e+00 1.6203e-01    -0.0124   100.3113      59541    34.6180    34.6181     2.2446     2.2448    27.6459    27.6460   1838.668    3.16357 0.0000e+00
   1857.000     2.3760     2.3767  31.604831  31.605846     1.2114          0     0.0122 3.1056e-03 1.6939e+00 1.8334e-01    -0.0121   100.3038      59557    34.6174    34.6178     2.2461     2.2468    27.6453    27.6456   1837.683    3.15860 0.0000e+00
   1856.000     2.3764     2.3771  31.604768  31.605329     1.2114          0     0.0127 1.9046e-03 1.6939e+00 1.1244e-01    -0.0123   100.3077      59577    34.6174    34.6173     2.2466     2.2473    27.6452    27.6451   1836.698    3.16389 0.0000e+00
   1855.000     2.3740     2.3752  31.602440  31.603438     1.2116          0     0.0168 2.2888e-03 1.6939e+00 1.3512e-01    -0.0123   100.3076      59623    34.6176    34.6175     2.2443     2.2455    27.6456    27.6455   1835.712    3.16185 0.0000e+00
   1854.000     2.3730     2.3741  31.601619  31.602551     1.2118          0     0.0121 2.8932e-03 1.6939e+00 1.7080e-01    -0.0123   100.3086      59667    34.6181    34.6181     2.2434     2.2445    27.6461    27.6459   1834.727    3.16562 0.0000e+00
   1853.000     2.3759     2.3758  31.603203  31.603222     1.2120          0     0.0208 2.1224e-03 1.6939e+00 1.2530e-01    -0.0120   100.3000      59698    34.6175    34.6176     2.2463     2.2462    27.6453    27.6455   1833.742    3.16687 0.0000e+00
   1852.000     2.3768     2.3776  31.603823  31.604868     1.2120          0     0.0198 8.8787e-04 1.6939e+00 5.2415e-02    -0.0124   100.3118      59725    34.6177    34.6182     2.2473     2.2481    27.6454    27.6458   1832.756    3.16216 0.0000e+00
   1851.000     2.3789     2.3796  31.604849  31.605717     1.2123          0     0.0207 1.1378e-03 1.6939e+00 6.7169e-02    -0.0123   100.3085      59745    34.6173    34.6176     2.2494     2.2501    27.6450    27.6451   1831.771    3.16512 0.0000e+00
   1850.000     2.3803     2.3808  31.605787  31.606480     1.2123          0     0.0175 3.9937e-03 1.6939e+00 2.3577e-01    -0.0124   100.3130      59761    34.6174    34.6177     2.2509     2.2514    27.6449    27.6451   1830.786    3.15949 0.0000e+00
   1849.000     2.3820     2.3830  31.606617  31.607712     1.2120          0     0.0173 3.0046e-03 1.6939e+00 1.7738e-01    -0.0122   100.3068      59776    34.6171    34.6174     2.2527     2.2537    27.6445    27.6446   1829.800    3.16119 0.0000e+00
   1848.000     2.3827     2.3838  31.606878  31.607708     1.2126          0     0.0145 1.8299e-03 1.6939e+00 1.0803e-01    -0.0125   100.3146      59791    34.6172    34.6171     2.2535     2.2545    27.6445    27.6443   1828.815    3.16642 0.0000e+00
   1847.000     2.3833     2.3842  31.606687  31.607631     1.2123          0     0.0095 1.7586e-03 1.6939e+00 1.0382e-01    -0.0123   100.3092      59806    34.6169    34.6170     2.2541     2.2550    27.6442    27.6442   1827.830    3.15839 0.0000e+00
   1846.000     2.3835     2.3844  31.606567  31.607405     1.2122          0     0.0084 3.5843e-03 1.6939e+00 2.1160e-01    -0.0124   100.3104      59822    34.6170    34.6170     2.2544     2.2553    27.6443    27.6442   1826.845    3.15832 0.0000e+00
   1845.000     2.3835     2.3845  31.606145  31.606882     1.2123          0     0.0095 1.8171e-03 1.6939e+00 1.0727e-01    -0.0124   100.3115      59842    34.6169    34.6167     2.2545     2.2556    27.6442    27.6440   1825.859    3.16244 0.0000e+00
   1844.000     2.3822     2.3835  31.604621  31.605741     1.2125          0     0.0150 2.6453e-03 1.6939e+00 1.5617e-01    -0.0123   100.3079      59873    34.6170    34.6170     2.2533     2.2546    27.6444    27.6442   1824.874    3.16188 0.0000e+00
   1843.000     2.3807     2.3819  31.603037  31.603961     1.2127          0     0.0133 3.3054e-03 1.6939e+00 1.9514e-01    -0.0125   100.3143      59913    34.6171    34.6170     2.2519     2.2531    27.6446    27.6444   1823.889    3.16514 0.0000e+00
   1842.000     2.3821     2.3832  31.603994  31.604954     1.2128          0     0.0125 3.3188e-03 1.6939e+00 1.9593e-01    -0.0122   100.3054      59942    34.6173    34.6173     2.2534     2.2545    27.6446    27.6445   1822.903    3.16187 0.0000e+00
   1841.000     2.3835     2.3843  31.604518  31.605244     1.2131          0     0.0139 1.8536e-03 1.6939e+00 1.0943e-01    -0.0125   100.3136      59970    34.6169    34.6169     2.2549     2.2557    27.6442    27.6441   1821.918    3.16870 0.0000e+00
   1840.000     2.3840     2.3843  31.604411  31.604597     1.2135          0     0.0116 3.1877e-04 1.6939e+00 1.8819e-02    -0.0122   100.3057      60003    34.6167    34.6167     2.2554     2.2557    27.6440    27.6439   1820.932    3.16675 0.0000e+00
   1839.000     2.3841     2.3847  31.603902  31.604880     1.2139          0     0.0009 2.6902e-03 1.6939e+00 1.5882e-01    -0.0124   100.3112      60032    34.6165    34.6170     2.2557     2.2562    27.6438    27.6442   1819.947    3.16852 0.0000e+00
   1838.000     2.3852     2.3862  31.604823  31.605330     1.2140          0    -0.0061 7.7371e-04 1.6939e+00 4.5676e-02    -0.0122   100.3063      60052    34.6169    34.6166     2.2568     2.2578    27.6440    27.6436   1818.962    3.16736 0.0000e+00
   1837.000     2.3889     2.3884  31.607251  31.607571     1.2141          0    -0.0019 2.0468e-03 1.6939e+00 1.2083e-01    -0.0121   100.3030      60067    34.6165    34.6174     2.2605     2.2600    27.6434    27.6441   1817.976    3.16172 0.0000e+00
   1836.000     2.3909     2.3921  31.608113  31.609614     1.2136          0     0.0017 1.8565e-03 1.6939e+00 1.0960e-01    -0.0124   100.3120      60080    34.6159    34.6165     2.2626     2.2637    27.6427    27.6431   1816.991    3.16119 0.0000e+00
   1835.000     2.3926     2.3935  31.609325  31.610153     1.2141          0     0.0057 3.1473e-03 1.6939e+00 1.8580e-01    -0.0123   100.3081      60092    34.6160    34.6161     2.2644     2.2652    27.6427    27.6427   1816.006    3.16782 0.0000e+00
   1834.000     2.3932     2.3945  31.609108  31.610318     1.2141          0     0.0061 2.3003e-03 1.6939e+00 1.3580e-01    -0.0123   100.3075      60106    34.6156    34.6158     2.2651     2.2663    27.6423    27.6423   1815.020    3.16162 0.0000e+00
   1833.000     2.3925     2.3936  31.608210  31.609159     1.2140          0     0.0077 1.7972e-03 1.6939e+00 1.0610e-01    -0.0123   100.3077      60126    34.6158    34.6158     2.2644     2.2655    27.6425    27.6424   1814.035    3.15961 0.0000e+00
   1832.000     2.3912     2.3909  31.606911  31.606672     1.2144          0     0.0191 6.7671e-04 1.6939e+00 3.9949e-02    -0.0120   100.3000      60187    34.6161    34.6161     2.2632     2.2629    27.6429    27.6428   1813.049    3.16918 0.0000e+00
   1831.000     2.3913     2.3928  31.606486  31.608016     1.2147          0     0.0124 1.7668e-04 1.6939e+00 1.0430e-02    -0.0123   100.3071      60208    34.6159    34.6163     2.2634     2.2649    27.6427    27.6428   1812.064    3.17270 0.0000e+00
   1830.000     2.3929     2.3944  31.607390  31.608687     1.2152          0     0.0148 2.5115e-03 1.6939e+00 1.4827e-01    -0.0122   100.3048      60229    34.6158    34.6158     2.2651     2.2665    27.6425    27.6424   1811.079    3.17074 0.0000e+00
   1829.000     2.3932     2.3944  31.607136  31.608077     1.2154          0     0.0111 2.4364e-03 1.6939e+00 1.4383e-01    -0.0121   100.3043      60256    34.6157    34.6156     2.2654     2.2666    27.6424    27.6421   1810.093    3.17424 0.0000e+00
   1828.000     2.3939     2.3950  31.607368  31.608574     1.2159          0     0.0097 3.3125e-03 1.6939e+00 1.9556e-01    -0.0122   100.3056      60288    34.6158    34.6160     2.2662     2.2673    27.6423    27.6424   1809.108    3.16949 0.0000e+00
   1827.000     2.3945     2.3959  31.607230  31.608291     1.2159          0     0.0138 1.2868e-03 1.6939e+00 7.5967e-02    -0.0125   100.3136      60310    34.6154    34.6152     2.2669     2.2683    27.6420    27.6417   1808.122    3.17208 0.0000e+00
   1826.000     2.3974     2.3973  31.609356  31.609773     1.2164          0     0.0123 4.5188e-03 1.6939e+00 2.6677e-01    -0.0123   100.3080      60328    34.6155    34.6160     2.2698     2.2697    27.6418    27.6422   1807.137    3.17471 0.0000e+00
   1825.000     2.3993     2.4000  31.610265  31.611166     1.2164          0     0.0147 3.8032e-03 1.6939e+00 2.2452e-01    -0.0125   100.3131      60344    34.6151    34.6153     2.2718     2.2725    27.6413    27.6415   1806.152    3.16996 0.0000e+00
   1824.000     2.3997     2.4008  31.610204  31.611028     1.2163          0     0.0150 2.4689e-03 1.6939e+00 1.4575e-01    -0.0124   100.3104      60360    34.6150    34.6149     2.2723     2.2733    27.6412    27.6410   1805.166    3.17144 0.0000e+00
   1823.000     2.3998     2.4008  31.609932  31.610776     1.2167          0     0.0120 2.9948e-03 1.6939e+00 1.7680e-01    -0.0123   100.3075      60380    34.6151    34.6150     2.2725     2.2734    27.6412    27.6411   1804.181    3.17205 0.0000e+00
   1822.000     2.3989     2.4005  31.608605  31.609882     1.2168          0     0.0150 2.7177e-03 1.6939e+00 1.6044e-01    -0.0125   100.3128      60405    34.6150    34.6148     2.2716     2.2732    27.6412    27.6410   1803.195    3.17097 0.0000e+00
   1821.000     2.3984     2.4001  31.607874  31.609476     1.2169          0     0.0129 2.4000e-03 1.6939e+00 1.4168e-01    -0.0121   100.3029      60436    34.6150    34.6152     2.2712     2.2729    27.6413    27.6413   1802.210    3.17348 0.0000e+00
   1820.000     2.3993     2.4010  31.608274  31.609605     1.2172          0     0.0106 1.6137e-03 1.6939e+00 9.5267e-02    -0.0124   100.3104      60461    34.6150    34.6149     2.2722     2.2739    27.6412    27.6410   1801.224    3.17244 0.0000e+00
   1819.000     2.3995     2.4009  31.607947  31.609090     1.2171          0     0.0138 3.9691e-03 1.6939e+00 2.3432e-01    -0.0122   100.3054      60483    34.6150    34.6148     2.2725     2.2739    27.6411    27.6409   1800.239    3.16840 0.0000e+00
   1818.000     2.4002     2.4011  31.608044  31.608910     1.2173          0     0.0128 2.6216e-03 1.6939e+00 1.5477e-01    -0.0123   100.3078      60504    34.6148    34.6149     2.2733     2.2741    27.6410    27.6410   1799.253    3.17170 0.0000e+00
   1817.000     2.4004     2.4015  31.607771  31.608758     1.2173          0     0.0174 1.0027e-03 1.6939e+00 5.9197e-02    -0.0124   100.3119      60527    34.6148    34.6148     2.2735     2.2746    27.6410    27.6409   1798.268    3.17129 0.0000e+00
   1816.000     2.4008     2.4018  31.607773  31.608611     1.2175          0     0.0184 1.4133e-03 1.6939e+00 8.3434e-02    -0.0123   100.3088      60553    34.6148    34.6148     2.2741     2.2750    27.6409    27.6409   1797.283    3.17158 0.0000e+00
   1815.000     2.4003     2.4016  31.606825  31.607972     1.2177          0     0.0154 1.5845e-03 1.6939e+00 9.3543e-02    -0.0124   100.3101      60590    34.6148    34.6148     2.2736     2.2749    27.6409    27.6408   1796.297    3.17270 0.0000e+00
   1814.000     2.3999     2.4012  31.606273  31.607145     1.2180          0     0.0116 1.0368e-03 1.6939e+00 6.1208e-02    -0.0125   100.3131      60640    34.6150    34.6146     2.2733     2.2746    27.6411    27.6407   1795.312    3.16995 0.0000e+00
