Data/Raw HPLC Argo/lovbio077b/CTD/out_c_152.cnv
* Sea-Bird SBE 9 Data File:
* FileName = C:\OUTPACE_CTD_Classik_DATA\out_c_152.hex
* Software Version Seasave V 7.23.1
* Temperature SN = 0970
* Conductivity SN = 0606
* Number of Bytes Per Scan = 40
* Number of Voltage Words = 5
* Number of Scans Averaged by the Deck Unit = 1
* NMEA Latitude = 18 12.04 S
* NMEA Longitude = 169 04.37 W
* NMEA UTC (Time) = Mar 21 2015  10:27:03
* NMEA baud rate = 4800
# nquan = 23
# nvalues = 1035                        
# units = specified
# name 0 = prDM: Pressure, Digiquartz [db]
# name 1 = t090C: Temperature [ITS-90, deg C]
# name 2 = t190C: Temperature, 2 [ITS-90, deg C]
# name 3 = c0mS/cm: Conductivity [mS/cm]
# name 4 = c1mS/cm: Conductivity, 2 [mS/cm]
# name 5 = sbeox0V: Oxygen raw, SBE 43 [V]
# name 6 = modError: Modulo Error Count
# name 7 = flC: Fluorescence, Chelsea Aqua 3 Chl Con [ug/l]
# name 8 = par: PAR/Irradiance, Biospherical/Licor
# name 9 = spar: SPAR/Surface Irradiance
# name 10 = cpar: CPAR/Corrected Irradiance [%]
# name 11 = CStarAt0: Beam Attenuation, WET Labs C-Star [1/m]
# name 12 = CStarTr0: Beam Transmission, WET Labs C-Star [%]
# name 13 = scan: Scan Count
# name 14 = sal00: Salinity, Practical [PSU]
# name 15 = sal11: Salinity, Practical, 2 [PSU]
# name 16 = potemp090C: Potential Temperature [ITS-90, deg C]
# name 17 = potemp190C: Potential Temperature, 2 [ITS-90, deg C]
# name 18 = sigma-é00: Density [sigma-theta, kg/m^3]
# name 19 = sigma-é11: Density, 2 [sigma-theta, kg/m^3]
# name 20 = depSM: Depth [salt water, m], lat = -18.2007
# name 21 = sbeox0ML/L: Oxygen, SBE 43 [ml/l], WS = 2
# name 22 = flag: flag
# span 0 =      4.000,    522.000       
# span 1 =     8.2828,    29.6176       
# span 2 =     8.2844,    29.6197       
# span 3 =  36.201633,  58.095795       
# span 4 =  36.202601,  58.096882       
# span 5 =     1.7463,     2.7003       
# span 6 =          0,          0       
# span 7 =    -0.0164,     0.3011       
# span 8 = -2.433e-03, 3.1598e-01       
# span 9 = 1.6939e+00, 1.6939e+00       
# span 10 = -1.436e-01, 1.8654e+01      
# span 11 =    -0.0031,     0.2506      
# span 12 =    93.9285,   100.0780      
# span 13 =        305,      54724      
# span 14 =    34.4597,    35.9735      
# span 15 =    34.4512,    35.9741      
# span 16 =     8.2290,    29.6138      
# span 17 =     8.2304,    29.6153      
# span 18 =    21.9268,    26.8193      
# span 19 =    21.9261,    26.8188      
# span 20 =      3.976,    518.211      
# span 21 =    3.78727,    4.73191      
# span 22 = 0.0000e+00, 0.0000e+00      
# interval = decibars: 1                
# start_time = Mar 21 2015 10:27:03 [NMEA time, header]
# bad_flag = -9.990e-29
*END*
[from data line 819]
    219.000    20.0162    20.0487  48.915160  48.956676     2.0734          0     0.0022 1.0000e-12 1.6939e+00 5.9036e-11     0.0408    98.9847      28517    35.7256    35.7321    19.9754    20.0079    25.3218    25.3182    217.569    3.82912 0.0000e+00
    218.000    20.0591    20.0856  48.973340  49.009026     2.0721          0    -0.0031 1.0000e-12 1.6939e+00 5.9036e-11     0.0421    98.9545      28552    35.7373    35.7440    20.0185    20.0450    25.3193    25.3175    216.576    3.82098 0.0000e+00
    217.000    20.1164    20.1319  49.036942  49.053321     2.0737          0     0.0027 1.0000e-12 1.6939e+00 5.9036e-11     0.0432    98.9253      28586    35.7411    35.7414    20.0759    20.0914    25.3071    25.3031    215.583    3.83189 0.0000e+00
    216.000    20.1522    20.1476  49.081369  49.077504     2.0775          0     0.0008 1.0000e-12 1.6939e+00 5.9036e-11     0.0444    98.8970      28615    35.7475    35.7483    20.1119    20.1072    25.3024    25.3042    214.591    3.83612 0.0000e+00
    215.000    20.2082    20.1865  49.154103  49.130938     2.0789          0     0.0053 1.0000e-12 1.6939e+00 5.9036e-11     0.0450    98.8818      28638    35.7600    35.7594    20.1679    20.1463    25.2970    25.3023    213.598    3.83149 0.0000e+00
    214.000    20.2771    20.2421  49.229744  49.192110     2.0796          0     0.0114 1.0000e-12 1.6939e+00 5.9036e-11     0.0457    98.8647      28658    35.7637    35.7626    20.2370    20.2020    25.2815    25.2900    212.605    3.82579 0.0000e+00
    213.000    20.3066    20.2776  49.262704  49.231827     2.0796          0     0.0096 1.0000e-12 1.6939e+00 5.9036e-11     0.0463    98.8497      28678    35.7661    35.7654    20.2666    20.2376    25.2753    25.2826    211.612    3.81569 0.0000e+00
    212.000    20.3442    20.3165  49.314515  49.285437     2.0769          0     0.0081 1.0000e-12 1.6939e+00 5.9036e-11     0.0497    98.7645      28698    35.7769    35.7766    20.3043    20.2767    25.2735    25.2806    210.619    3.80822 0.0000e+00
    211.000    20.3963    20.3302  49.364598  49.268130     2.0774          0     0.0124 1.0000e-12 1.6939e+00 5.9036e-11     0.0482    98.8029      28721    35.7740    35.7512    20.3566    20.2906    25.2573    25.2576    209.626    3.81009 0.0000e+00
    210.000    20.3324    20.2563  49.287958  49.206166     2.0777          0     0.0129 1.0000e-12 1.6939e+00 5.9036e-11     0.0491    98.7814      28750    35.7659    35.7636    20.2930    20.2169    25.2681    25.2867    208.633    3.81453 0.0000e+00
    209.000    20.3018    20.3941  49.253300  49.374561     2.0783          0     0.0145 1.0000e-12 1.6939e+00 5.9036e-11     0.0501    98.7542      28791    35.7639    35.7847    20.2626    20.3547    25.2747    25.2660    207.640    3.82042 0.0000e+00
    208.000    20.3440    20.4005  49.299632  49.369265     2.0820          0     0.0221 1.0000e-12 1.6939e+00 5.9036e-11     0.0514    98.7236      28845    35.7664    35.7753    20.3049    20.3613    25.2653    25.2570    206.647    3.83358 0.0000e+00
    207.000    20.3903    20.4966  49.384255  49.490744     2.0918          0     0.0224 1.0000e-12 1.6939e+00 5.9036e-11     0.0535    98.6727      28895    35.7965    35.7933    20.3513    20.4575    25.2759    25.2450    205.654    3.84936 0.0000e+00
    206.000    20.5933    20.5497  49.596632  49.557832     2.0903          0     0.0196 1.0000e-12 1.6939e+00 5.9036e-11     0.0553    98.6260      28923    35.7981    35.8034    20.5543    20.5107    25.2226    25.2383    204.661    3.81925 0.0000e+00
    205.000    20.6175    20.6099  49.613752  49.607445     2.0899          0     0.0235 1.0000e-12 1.6939e+00 5.9036e-11     0.0562    98.6040      28946    35.7920    35.7933    20.5786    20.5710    25.2114    25.2144    203.668    3.82234 0.0000e+00
    204.000    20.6181    20.6153  49.613448  49.607800     2.0903          0     0.0269 1.0000e-12 1.6939e+00 5.9036e-11     0.0569    98.5875      28971    35.7915    35.7893    20.5794    20.5766    25.2108    25.2099    202.675    3.82321 0.0000e+00
    203.000    20.6142    20.6129  49.609624  49.610838     2.0908          0     0.0220 1.0000e-12 1.6939e+00 5.9036e-11     0.0579    98.5630      29001    35.7921    35.7942    20.5756    20.5744    25.2123    25.2142    201.682    3.82265 0.0000e+00
    202.000    20.6135    20.6255  49.606679  49.617723     2.0902          0     0.0237 1.0000e-12 1.6939e+00 5.9036e-11     0.0586    98.5446      29029    35.7906    35.7895    20.5752    20.5872    25.2113    25.2072    200.689    3.81987 0.0000e+00
    201.000    20.6174    20.6329  49.612217  49.629034     2.0928          0     0.0189 1.0000e-12 1.6939e+00 5.9036e-11     0.0627    98.4442      29161    35.7922    35.7927    20.5793    20.5948    25.2113    25.2076    199.696    3.82802 0.0000e+00
    200.000    20.6557    20.6609  49.657590  49.662547     2.0943          0     0.0149 1.0000e-12 1.6939e+00 5.9036e-11     0.0806    98.0066      29827    35.7970    35.7967    20.6177    20.6229    25.2047    25.2030    198.703    3.82412 0.0000e+00
    199.000    20.7025    20.7019  49.716098  49.714564     2.0953          0     0.0277 1.0000e-12 1.6939e+00 5.9036e-11     0.1088    97.3178      30940    35.8054    35.8046    20.6646    20.6641    25.1984    25.1979    197.710    3.82009 0.0000e+00
    198.000    20.7193    20.7153  49.734998  49.728782     2.0931          0     0.0304 1.0000e-12 1.6939e+00 5.9036e-11     0.1093    97.3059      30959    35.8069    35.8052    20.6816    20.6776    25.1949    25.1947    196.717    3.81446 0.0000e+00
    197.000    20.7380    20.7448  49.759073  49.767240     2.0931          0     0.0297 1.0000e-12 1.6939e+00 5.9036e-11     0.1098    97.2945      30981    35.8110    35.8118    20.7004    20.7073    25.1929    25.1917    195.723    3.82444 0.0000e+00
    196.000    20.7908    20.7887  49.830626  49.829586     2.0968          0     0.0246 1.0000e-12 1.6939e+00 5.9036e-11     0.1100    97.2897      31002    35.8248    35.8257    20.7534    20.7513    25.1891    25.1903    194.730    3.83166 0.0000e+00
    195.000    20.8484    20.7876  49.895845  49.795360     2.0988          0     0.0259 1.0000e-12 1.6939e+00 5.9036e-11     0.1109    97.2673      31026    35.8294    35.7993    20.8111    20.7503    25.1769    25.1705    193.737    3.82769 0.0000e+00
    194.000    20.8629    20.7589  49.899747  49.788907     2.0997          0     0.0237 1.0000e-12 1.6939e+00 5.9036e-11     0.1116    97.2473      31056    35.8207    35.8186    20.8257    20.7219    25.1663    25.1929    192.744    3.81787 0.0000e+00
    193.000    20.7668    20.8530  49.797974  49.921392     2.0942          0     0.0242 1.0000e-12 1.6939e+00 5.9036e-11     0.1121    97.2349      31090    35.8196    35.8468    20.7299    20.8161    25.1916    25.1888    191.751    3.80610 0.0000e+00
    192.000    20.9037    20.9727  49.979396  50.037674     2.0947          0     0.0264 1.0000e-12 1.6939e+00 5.9036e-11     0.1127    97.2216      31119    35.8513    35.8403    20.8669    20.9358    25.1785    25.1513    190.758    3.81862 0.0000e+00
    191.000    21.0373    21.0164  50.132047  50.098855     2.0988          0     0.0261 1.0000e-12 1.6939e+00 5.9036e-11     0.1136    97.1993      31146    35.8624    35.8532    21.0005    20.9796    25.1505    25.1492    189.765    3.81215 0.0000e+00
    190.000    20.9167    20.9225  49.971061  49.972900     2.0999          0     0.0249 1.0000e-12 1.6939e+00 5.9036e-11     0.1148    97.1704      31190    35.8344    35.8310    20.8802    20.8861    25.1619    25.1578    188.772    3.82294 0.0000e+00
    189.000    21.0546    21.0308  50.164323  50.145697     2.1054          0     0.0336 1.0000e-12 1.6939e+00 5.9036e-11     0.1152    97.1614      31227    35.8746    35.8795    21.0181    20.9944    25.1549    25.1651    187.779    3.83000 0.0000e+00
    188.000    21.1524    21.1454  50.261992  50.248596     2.1063          0     0.0311 1.0000e-12 1.6939e+00 5.9036e-11     0.1158    97.1472      31247    35.8713    35.8664    21.1161    21.1091    25.1256    25.1238    186.786    3.81597 0.0000e+00
    187.000    21.1895    21.1816  50.295949  50.289858     2.1059          0     0.0306 1.0000e-12 1.6939e+00 5.9036e-11     0.1163    97.1342      31263    35.8677    35.8695    21.1533    21.1454    25.1127    25.1162    185.793    3.80866 0.0000e+00
    186.000    21.1940    21.1906  50.301956  50.297228     2.1050          0     0.0260 1.0000e-12 1.6939e+00 5.9036e-11     0.1164    97.1326      31279    35.8692    35.8682    21.1580    21.1546    25.1125    25.1128    184.800    3.80635 0.0000e+00
    185.000    21.2319    21.2118  50.351462  50.328327     2.1047          0     0.0288 1.0000e-12 1.6939e+00 5.9036e-11     0.1172    97.1131      31295    35.8774    35.8758    21.1961    21.1760    25.1083    25.1126    183.807    3.80366 0.0000e+00
    184.000    21.2764    21.2403  50.400651  50.343281     2.1042          0     0.0357 1.0000e-12 1.6939e+00 5.9036e-11     0.1174    97.1065      31314    35.8799    35.8642    21.2407    21.2046    25.0979    25.0960    182.813    3.80051 0.0000e+00
    183.000    21.2546    21.2130  50.362104  50.324942     2.1056          0     0.0300 1.0000e-12 1.6939e+00 5.9036e-11     0.1180    97.0934      31340    35.8676    35.8728    21.2191    21.1775    25.0945    25.1099    181.820    3.81073 0.0000e+00
    182.000    21.1989    21.2098  50.301862  50.308891     2.1134          0     0.0181 1.0000e-12 1.6939e+00 5.9036e-11     0.1190    97.0681      31393    35.8664    35.8629    21.1637    21.1746    25.1088    25.1032    180.827    3.84425 0.0000e+00
    181.000    21.2172    21.2166  50.325576  50.322344     2.1278          0     0.0202 1.0000e-12 1.6939e+00 5.9036e-11     0.1204    97.0352      31443    35.8704    35.8683    21.1822    21.1816    25.1068    25.1054    179.834    3.87502 0.0000e+00
    180.000    21.2747    21.2781  50.379964  50.390318     2.1329          0     0.0260 1.0000e-12 1.6939e+00 5.9036e-11     0.1217    97.0042      31473    35.8662    35.8716    21.2398    21.2432    25.0877    25.0910    178.841    3.88229 0.0000e+00
    179.000    21.3332    21.3323  50.435834  50.429732     2.1376          0     0.0290 1.0000e-12 1.6939e+00 5.9036e-11     0.1230    96.9718      31495    35.8623    35.8582    21.2984    21.2975    25.0686    25.0658    177.848    3.88133 0.0000e+00
    178.000    21.3719    21.3566  50.475024  50.458977     2.1374          0     0.0349 1.0000e-12 1.6939e+00 5.9036e-11     0.1239    96.9499      31513    35.8617    35.8616    21.3372    21.3219    25.0575    25.0617    176.855    3.87014 0.0000e+00
    177.000    21.3957    21.3850  50.504912  50.493418     2.1374          0     0.0349 1.0000e-12 1.6939e+00 5.9036e-11     0.1245    96.9353      31530    35.8660    35.8657    21.3612    21.3505    25.0541    25.0569    175.862    3.86776 0.0000e+00
    176.000    21.4158    21.4064  50.527170  50.516725     2.1371          0     0.0354 1.0000e-12 1.6939e+00 5.9036e-11     0.1250    96.9237      31548    35.8673    35.8668    21.3815    21.3721    25.0495    25.0518    174.868    3.86650 0.0000e+00
    175.000    21.4479    21.4449  50.563373  50.564897     2.1380          0     0.0439 1.0000e-12 1.6939e+00 5.9036e-11     0.1256    96.9096      31569    35.8698    35.8735    21.4137    21.4108    25.0425    25.0461    173.875    3.87461 0.0000e+00
    174.000    21.4662    21.4407  50.579833  50.543833     2.1426          0     0.0476 1.0000e-12 1.6939e+00 5.9036e-11     0.1258    96.9027      31592    35.8680    35.8605    21.4322    21.4068    25.0360    25.0374    172.882    3.88897 0.0000e+00
    173.000    21.4133    21.4113  50.511891  50.506982     2.1498          0     0.0538 1.0000e-12 1.6939e+00 5.9036e-11     0.1268    96.8786      31622    35.8583    35.8560    21.3795    21.3776    25.0432    25.0420    171.889    3.91083 0.0000e+00
    172.000    21.4357    21.5056  50.553621  50.650817     2.1543          0     0.0568 1.0000e-12 1.6939e+00 5.9036e-11     0.1280    96.8495      31659    35.8732    35.8924    21.4022    21.4720    25.0483    25.0435    170.896    3.90646 0.0000e+00
    171.000    21.5799    21.6530  50.714671  50.806202     2.1556          0     0.0574 1.0000e-12 1.6939e+00 5.9036e-11     0.1294    96.8159      31691    35.8816    35.8935    21.5464    21.6194    25.0147    25.0035    169.903    3.89989 0.0000e+00
    170.000    21.7232    21.7740  50.901651  50.952238     2.1564          0     0.0588 1.0000e-12 1.6939e+00 5.9036e-11     0.1306    96.7872      31719    35.9111    35.9090    21.6897    21.7404    24.9973    24.9815    168.909    3.88669 0.0000e+00
    169.000    21.8989    21.8360  51.081799  50.995811     2.1567          0     0.0640 1.0000e-12 1.6939e+00 5.9036e-11     0.1324    96.7429      31751    35.9081    35.8924    21.8655    21.8025    24.9458    24.9515    167.916    3.88032 0.0000e+00
    168.000    21.8176    21.8323  51.000972  51.045908     2.1611          0     0.0643 1.0000e-12 1.6939e+00 5.9036e-11     0.1337    96.7136      31792    35.9121    35.9354    21.7844    21.7991    24.9715    24.9851    166.923    3.89889 0.0000e+00
    167.000    21.9328    21.9532  51.125017  51.148272     2.1636          0     0.0679 1.0000e-12 1.6939e+00 5.9036e-11     0.1342    96.7005      31826    35.9149    35.9163    21.8997    21.9201    24.9414    24.9367    165.930    3.89424 0.0000e+00
    166.000    22.0120    21.9897  51.224322  51.203160     2.1675          0     0.0758 1.0000e-12 1.6939e+00 5.9036e-11     0.1353    96.6730      31856    35.9279    35.9297    21.9790    21.9568    24.9290    24.9366    164.937    3.90105 0.0000e+00
    165.000    22.0802    22.0799  51.301870  51.305831     2.1701          0     0.0775 1.0000e-12 1.6939e+00 5.9036e-11     0.1368    96.6365      31879    35.9328    35.9362    22.0474    22.0471    24.9135    24.9161    163.944    3.90069 0.0000e+00
    164.000    22.1264    22.1200  51.352057  51.346427     2.1724          0     0.0793 1.0000e-12 1.6939e+00 5.9036e-11     0.1372    96.6283      31896    35.9344    35.9353    22.0937    22.0873    24.9017    24.9041    162.950    3.89729 0.0000e+00
    163.000    22.1439    22.1432  51.373459  51.375445     2.1717          0     0.0770 1.0000e-12 1.6939e+00 5.9036e-11     0.1380    96.6071      31911    35.9371    35.9393    22.1114    22.1107    24.8987    24.9005    161.957    3.88846 0.0000e+00
    162.000    22.1735    22.1742  51.406613  51.410186     2.1708          0     0.0792 1.0000e-12 1.6939e+00 5.9036e-11     0.1383    96.6015      31924    35.9391    35.9413    22.1411    22.1418    24.8918    24.8933    160.964    3.88275 0.0000e+00
    161.000    22.1940    22.1962  51.425771  51.428195     2.1701          0     0.0820 1.0000e-12 1.6939e+00 5.9036e-11     0.1390    96.5832      31936    35.9375    35.9376    22.1618    22.1640    24.8848    24.8842    159.971    3.88151 0.0000e+00
    160.000    22.2090    22.2085  51.440305  51.440450     2.1700          0     0.0822 1.0000e-12 1.6939e+00 5.9036e-11     0.1395    96.5719      31949    35.9368    35.9374    22.1770    22.1765    24.8799    24.8805    158.977    3.88186 0.0000e+00
    159.000    22.2151    22.2228  51.446577  51.450905     2.1706          0     0.0790 1.0000e-12 1.6939e+00 5.9036e-11     0.1401    96.5591      31964    35.9371    35.9341    22.1833    22.1910    24.8783    24.8739    157.984    3.88127 0.0000e+00
    158.000    22.1942    22.1899  51.420354  51.411685     2.1721          0     0.0809 1.0000e-12 1.6939e+00 5.9036e-11     0.1409    96.5389      32008    35.9341    35.9309    22.1626    22.1583    24.8819    24.8807    156.991    3.88698 0.0000e+00
