Data/Raw HPLC Argo/lovbio077b/CTD/out_c_151.cnv
* Sea-Bird SBE 9 Data File:
* FileName = C:\OUTPACE_CTD_Classik_DATA\out_c_151.hex
* Software Version Seasave V 7.23.1
* Temperature SN = 0970
* Conductivity SN = 0606
* Number of Bytes Per Scan = 40
* Number of Voltage Words = 5
* Number of Scans Averaged by the Deck Unit = 1
* NMEA Latitude = 18 10.47 S
* NMEA Longitude = 170 44.31 W
* NMEA UTC (Time) = Mar 20 2015  14:16:13
* NMEA baud rate = 4800
# nquan = 23
# nvalues = 4074                        
# units = specified
# name 0 = prDM: Pressure, Digiquartz [db]
# name 1 = t090C: Temperature [ITS-90, deg C]
# name 2 = t190C: Temperature, 2 [ITS-90, deg C]
# name 3 = c0mS/cm: Conductivity [mS/cm]
# name 4 = c1mS/cm: Conductivity, 2 [mS/cm]
# name 5 = sbeox0V: Oxygen raw, SBE 43 [V]
# name 6 = modError: Modulo Error Count
# name 7 = flC: Fluorescence, Chelsea Aqua 3 Chl Con [ug/l]
# name 8 = par: PAR/Irradiance, Biospherical/Licor
# name 9 = spar: SPAR/Surface Irradiance
# name 10 = cpar: CPAR/Corrected Irradiance [%]
# name 11 = CStarAt0: Beam Attenuation, WET Labs C-Star [1/m]
# name 12 = CStarTr0: Beam Transmission, WET Labs C-Star [%]
# name 13 = scan: Scan Count
# name 14 = sal00: Salinity, Practical [PSU]
# name 15 = sal11: Salinity, Practical, 2 [PSU]
# name 16 = potemp090C: Potential Temperature [ITS-90, deg C]
# name 17 = potemp190C: Potential Temperature, 2 [ITS-90, deg C]
# name 18 = sigma-é00: Density [sigma-theta, kg/m^3]
# name 19 = sigma-é11: Density, 2 [sigma-theta, kg/m^3]
# name 20 = depSM: Depth [salt water, m], lat = -18.1745
# name 21 = sbeox0ML/L: Oxygen, SBE 43 [ml/l], WS = 2
# name 22 = flag: flag
# span 0 =      6.000,   2043.000       
# span 1 =     2.2428,    29.9274       
# span 2 =     2.2436,    29.9291       
# span 3 =  31.569525,  58.382537       
# span 4 =  31.570526,  58.382295       
# span 5 =     1.1908,     2.7303       
# span 6 =          0,          0       
# span 7 =    -0.0160,     0.3245       
# span 8 = -1.894e-04, 1.8691e-01       
# span 9 = 1.6939e+00, 1.6939e+00       
# span 10 = -1.118e-02, 1.1034e+01      
# span 11 =    -0.0126,     0.4249      
# span 12 =    89.9224,   100.3166      
# span 13 =       -148,     133921      
# span 14 =    34.3672,    35.8183      
# span 15 =    34.3603,    35.8176      
# span 16 =     2.0990,    29.9217      
# span 17 =     2.0999,    29.9234      
# span 18 =    21.7961,    27.6671      
# span 19 =    21.7944,    27.6670      
# span 20 =      5.964,   2020.866      
# span 21 =    3.13804,    4.69810      
# span 22 = 0.0000e+00, 0.0000e+00      
# interval = decibars: 1                
# start_time = Mar 20 2015 14:16:13 [NMEA time, header]
# bad_flag = -9.990e-29
*END*
[from data line 2646]
   1434.000     2.8007     2.8026  31.771769  31.773692     1.2585          0     0.0152 5.6059e-04 1.6939e+00 3.3094e-02    -0.0116   100.2898      74991    34.5804    34.5807     2.7005     2.7024    27.5770    27.5771   1420.500    3.15463 0.0000e+00
   1433.000     2.8012     2.8035  31.771416  31.772848     1.2585          0     0.0178 4.0231e-05 1.6939e+00 2.3750e-03    -0.0116   100.2898      75008    34.5799    34.5792     2.7011     2.7034    27.5766    27.5758   1419.512    3.15392 0.0000e+00
   1432.000     2.7989     2.8007  31.769264  31.770655     1.2585          0     0.0148 9.0363e-04 1.6939e+00 5.3346e-02    -0.0116   100.2898      75041    34.5802    34.5800     2.6989     2.7007    27.5770    27.5767   1418.525    3.15365 0.0000e+00
   1431.000     2.7971     2.7984  31.767428  31.768465     1.2585          0     0.0165 8.0142e-04 1.6939e+00 4.7312e-02    -0.0116   100.2898      75087    34.5804    34.5803     2.6972     2.6985    27.5773    27.5771   1417.538    3.15329 0.0000e+00
   1430.000     2.7990     2.8008  31.768472  31.770020     1.2588          0     0.0154 1.7833e-03 1.6939e+00 1.0528e-01    -0.0116   100.2898      75134    34.5801    34.5801     2.6992     2.7010    27.5769    27.5767   1416.551    3.15740 0.0000e+00
   1429.000     2.7997     2.8026  31.768831  31.771030     1.2596          0     0.0234 6.5888e-04 1.6939e+00 3.8898e-02    -0.0116   100.2898      75185    34.5804    34.5800     2.6999     2.7028    27.5771    27.5765   1415.564    3.16240 0.0000e+00
   1428.000     2.8070     2.8060  31.774596  31.774554     1.2592          0     0.0189 4.7404e-04 1.6939e+00 2.7985e-02    -0.0116   100.2898      75208    34.5801    34.5811     2.7072     2.7063    27.5762    27.5770   1414.576    3.15746 0.0000e+00
   1427.000     2.8110     2.8121  31.776610  31.777437     1.2601          0     0.0203 2.2744e-03 1.6939e+00 1.3427e-01    -0.0116   100.2898      75226    34.5787    34.5787     2.7113     2.7123    27.5748    27.5746   1413.589    3.16398 0.0000e+00
   1426.000     2.8126     2.8132  31.777264  31.778081     1.2599          0     0.0189 3.6267e-04 1.6939e+00 2.1411e-02    -0.0116   100.2898      75243    34.5784    34.5788     2.7130     2.7135    27.5743    27.5746   1412.602    3.15840 0.0000e+00
   1425.000     2.8134     2.8144  31.777477  31.778303     1.2603          0     0.0129 8.4881e-04 1.6939e+00 5.0110e-02    -0.0116   100.2898      75261    34.5783    34.5782     2.7138     2.7148    27.5742    27.5740   1411.615    3.15921 0.0000e+00
   1424.000     2.8126     2.8136  31.776404  31.777180     1.2604          0     0.0089 5.5088e-04 1.6939e+00 3.2521e-02    -0.0116   100.2898      75288    34.5784    34.5783     2.7131     2.7141    27.5743    27.5741   1410.627    3.16133 0.0000e+00
   1423.000     2.8118     2.8133  31.775454  31.776640     1.2609          0     0.0180 9.6332e-04 1.6939e+00 5.6870e-02    -0.0116   100.2898      75326    34.5785    34.5784     2.7124     2.7139    27.5745    27.5742   1409.640    3.16337 0.0000e+00
   1422.000     2.8121     2.8142  31.775186  31.776910     1.2612          0     0.0141 3.1352e-04 1.6939e+00 1.8509e-02    -0.0116   100.2898      75348    34.5785    34.5783     2.7128     2.7149    27.5744    27.5741   1408.653    3.16535 0.0000e+00
   1421.000     2.8133     2.8147  31.775663  31.776713     1.2615          0     0.0086 8.9590e-04 1.6939e+00 5.2890e-02    -0.0116   100.2898      75365    34.5782    34.5781     2.7141     2.7154    27.5741    27.5738   1407.665    3.16311 0.0000e+00
   1420.000     2.8140     2.8149  31.775493  31.776236     1.2617          0     0.0082 5.0584e-04 1.6939e+00 2.9863e-02    -0.0116   100.2898      75381    34.5778    34.5777     2.7148     2.7157    27.5737    27.5736   1406.678    3.16216 0.0000e+00
   1419.000     2.8138     2.8149  31.774875  31.775726     1.2614          0     0.0150 3.7904e-04 1.6939e+00 2.2377e-02    -0.0116   100.2898      75396    34.5778    34.5776     2.7147     2.7158    27.5737    27.5735   1405.691    3.16116 0.0000e+00
   1418.000     2.8136     2.8146  31.774264  31.775078     1.2618          0     0.0144 1.3386e-04 1.6939e+00 7.9024e-03    -0.0116   100.2898      75415    34.5778    34.5776     2.7146     2.7156    27.5737    27.5735   1404.704    3.16394 0.0000e+00
   1417.000     2.8132     2.8144  31.773755  31.774658     1.2620          0     0.0101 6.4713e-04 1.6939e+00 3.8204e-02    -0.0116   100.2898      75464    34.5780    34.5779     2.7143     2.7155    27.5739    27.5737   1403.716    3.16200 0.0000e+00
   1416.000     2.8133     2.8144  31.773226  31.774227     1.2621          0     0.0119 8.9416e-04 1.6939e+00 5.2787e-02    -0.0116   100.2898      75507    34.5779    34.5779     2.7144     2.7155    27.5738    27.5737   1402.729    3.16129 0.0000e+00
   1415.000     2.8135     2.8147  31.772894  31.773841     1.2623          0     0.0124 4.1808e-04 1.6939e+00 2.4682e-02    -0.0116   100.2898      75526    34.5778    34.5775     2.7147     2.7159    27.5737    27.5734   1401.742    3.16440 0.0000e+00
   1414.000     2.8163     2.8178  31.775138  31.776567     1.2624          0     0.0064 4.4401e-04 1.6939e+00 2.6212e-02    -0.0116   100.2898      75546    34.5779    34.5781     2.7176     2.7191    27.5736    27.5736   1400.754    3.16488 0.0000e+00
   1413.000     2.8152     2.8171  31.773553  31.774889     1.2627          0     0.0112 4.7832e-04 1.6939e+00 2.8238e-02    -0.0115   100.2865      75598    34.5777    34.5773     2.7166     2.7184    27.5734    27.5730   1399.767    3.16240 0.0000e+00
   1412.000     2.8176     2.8180  31.775357  31.775913     1.2626          0     0.0216 9.0574e-05 1.6939e+00 5.3471e-03    -0.0116   100.2898      75634    34.5779    34.5781     2.7190     2.7194    27.5734    27.5735   1398.780    3.15734 0.0000e+00
   1411.000     2.8199     2.8207  31.776446  31.777782     1.2624          0     0.0223 1.0821e-04 1.6939e+00 6.3879e-03    -0.0116   100.2898      75648    34.5773    34.5780     2.7214     2.7222    27.5727    27.5732   1397.792    3.15726 0.0000e+00
   1410.000     2.8212     2.8224  31.777191  31.778194     1.2627          0     0.0220 9.1660e-04 1.6939e+00 5.4113e-02    -0.0116   100.2898      75660    34.5773    34.5772     2.7227     2.7240    27.5726    27.5724   1396.805    3.16025 0.0000e+00
   1409.000     2.8216     2.8229  31.777190  31.778055     1.2621          0     0.0204 9.1271e-04 1.6939e+00 5.3883e-02    -0.0116   100.2898      75673    34.5773    34.5771     2.7232     2.7245    27.5726    27.5723   1395.818    3.15900 0.0000e+00
   1408.000     2.8218     2.8228  31.777025  31.777684     1.2627          0     0.0158 4.8793e-04 1.6939e+00 2.8805e-02    -0.0116   100.2898      75689    34.5775    34.5771     2.7235     2.7245    27.5727    27.5723   1394.830    3.16207 0.0000e+00
   1407.000     2.8211     2.8223  31.775887  31.776803     1.2628          0     0.0126 1.3029e-03 1.6939e+00 7.6919e-02    -0.0116   100.2898      75728    34.5773    34.5772     2.7229     2.7240    27.5726    27.5724   1393.843    3.16145 0.0000e+00
   1406.000     2.8204     2.8217  31.774977  31.775909     1.2632          0     0.0127 1.2463e-03 1.6939e+00 7.3579e-02    -0.0116   100.2898      75776    34.5774    34.5772     2.7223     2.7236    27.5727    27.5724   1392.856    3.16492 0.0000e+00
   1405.000     2.8208     2.8218  31.774856  31.775609     1.2634          0     0.0168 4.0900e-04 1.6939e+00 2.4146e-02    -0.0116   100.2898      75815    34.5774    34.5772     2.7227     2.7238    27.5727    27.5724   1391.868    3.16253 0.0000e+00
   1404.000     2.8207     2.8215  31.774211  31.774827     1.2637          0     0.0212 1.2287e-04 1.6939e+00 7.2538e-03    -0.0116   100.2898      75870    34.5773    34.5771     2.7227     2.7236    27.5726    27.5723   1390.881    3.16949 0.0000e+00
   1403.000     2.8195     2.8210  31.771864  31.773246     1.2644          0     0.0209 9.0665e-04 1.6939e+00 5.3525e-02    -0.0116   100.2898      75896    34.5762    34.5763     2.7216     2.7231    27.5718    27.5717   1389.894    3.16879 0.0000e+00
   1402.000     2.8217     2.8216  31.773735  31.773486     1.2644          0     0.0185 1.4675e-03 1.6939e+00 8.6638e-02    -0.0116   100.2907      75922    34.5766    34.5764     2.7239     2.7238    27.5719    27.5718   1388.906    3.16631 0.0000e+00
   1401.000     2.8243     2.8239  31.775114  31.774638     1.2649          0     0.0200 2.9939e-03 1.6939e+00 1.7675e-01    -0.0116   100.2912      75980    34.5760    34.5758     2.7266     2.7262    27.5712    27.5711   1387.919    3.16675 0.0000e+00
   1400.000     2.8253     2.8242  31.776146  31.775083     1.2649          0     0.0209 2.4810e-03 1.6939e+00 1.4647e-01    -0.0116   100.2898      76026    34.5767    34.5766     2.7276     2.7265    27.5716    27.5717   1386.932    3.16508 0.0000e+00
   1399.000     2.8279     2.8279  31.777798  31.777969     1.2652          0     0.0172 1.7135e-03 1.6939e+00 1.0116e-01    -0.0116   100.2898      76056    34.5765    34.5767     2.7303     2.7302    27.5713    27.5715   1385.944    3.16839 0.0000e+00
   1398.000     2.8301     2.8312  31.778964  31.779823     1.2654          0     0.0130 2.1074e-03 1.6939e+00 1.2441e-01    -0.0116   100.2898      76091    34.5760    34.5759     2.7325     2.7336    27.5707    27.5705   1384.957    3.16659 0.0000e+00
   1397.000     2.8304     2.8314  31.778512  31.779373     1.2657          0     0.0068 2.3327e-03 1.6939e+00 1.3772e-01    -0.0116   100.2904      76129    34.5757    34.5756     2.7329     2.7339    27.5704    27.5703   1383.969    3.17376 0.0000e+00
   1396.000     2.8294     2.8310  31.777426  31.778559     1.2660          0     0.0119 1.7244e-03 1.6939e+00 1.0180e-01    -0.0117   100.2912      76170    34.5760    34.5756     2.7320     2.7336    27.5707    27.5703   1382.982    3.16701 0.0000e+00
   1395.000     2.8331     2.8331  31.780396  31.780528     1.2663          0     0.0140 2.6443e-04 1.6939e+00 1.5611e-02    -0.0116   100.2898      76204    34.5762    34.5763     2.7357     2.7357    27.5705    27.5706   1381.995    3.17094 0.0000e+00
   1394.000     2.8343     2.8343  31.780692  31.780349     1.2666          0     0.0139 7.8755e-04 1.6939e+00 4.6494e-02    -0.0116   100.2898      76240    34.5757    34.5753     2.7370     2.7370    27.5700    27.5697   1381.007    3.17153 0.0000e+00
   1393.000     2.8362     2.8364  31.781970  31.782403     1.2668          0     0.0077 2.0561e-03 1.6939e+00 1.2138e-01    -0.0116   100.2898      76278    34.5757    34.5761     2.7390     2.7391    27.5699    27.5702   1380.020    3.17343 0.0000e+00
   1392.000     2.8376     2.8385  31.782427  31.783363     1.2672          0     0.0119 1.5260e-03 1.6939e+00 9.0091e-02    -0.0116   100.2898      76305    34.5753    34.5755     2.7404     2.7413    27.5694    27.5695   1379.032    3.17297 0.0000e+00
   1391.000     2.8372     2.8384  31.780724  31.781969     1.2674          0     0.0131 1.0528e-03 1.6939e+00 6.2150e-02    -0.0116   100.2898      76337    34.5742    34.5745     2.7401     2.7412    27.5686    27.5687   1378.045    3.17301 0.0000e+00
   1390.000     2.8361     2.8377  31.779833  31.781056     1.2679          0     0.0115 5.8207e-04 1.6939e+00 3.4363e-02    -0.0116   100.2898      76385    34.5747    34.5746     2.7392     2.7407    27.5691    27.5688   1377.057    3.17588 0.0000e+00
   1389.000     2.8366     2.8380  31.779314  31.780448     1.2680          0     0.0137 4.1810e-04 1.6939e+00 2.4683e-02    -0.0116   100.2898      76427    34.5742    34.5741     2.7396     2.7410    27.5686    27.5684   1376.070    3.17307 0.0000e+00
   1388.000     2.8359     2.8374  31.779048  31.780389     1.2685          0     0.0132 2.8703e-03 1.6939e+00 1.6945e-01    -0.0116   100.2898      76514    34.5750    34.5751     2.7391     2.7405    27.5693    27.5693   1375.083    3.17671 0.0000e+00
   1387.000     2.8410     2.8422  31.782567  31.783812     1.2687          0     0.0158 1.0559e-03 1.6939e+00 6.2336e-02    -0.0116   100.2898      76533    34.5744    34.5746     2.7442     2.7454    27.5684    27.5684   1374.095    3.17546 0.0000e+00
   1386.000     2.8451     2.8460  31.785064  31.786010     1.2687          0     0.0131 1.7917e-03 1.6939e+00 1.0577e-01    -0.0116   100.2898      76553    34.5736    34.5737     2.7484     2.7493    27.5673    27.5674   1373.108    3.17517 0.0000e+00
   1385.000     2.8450     2.8464  31.784474  31.785498     1.2690          0     0.0098 1.5613e-03 1.6939e+00 9.2174e-02    -0.0116   100.2898      76584    34.5735    34.5733     2.7484     2.7496    27.5672    27.5670   1372.120    3.17730 0.0000e+00
   1384.000     2.8446     2.8457  31.783814  31.784711     1.2692          0     0.0069 7.6373e-04 1.6939e+00 4.5087e-02    -0.0116   100.2898      76631    34.5736    34.5735     2.7480     2.7491    27.5674    27.5672   1371.133    3.17814 0.0000e+00
   1383.000     2.8466     2.8483  31.785276  31.786533     1.2698          0     0.0143 1.0511e-03 1.6939e+00 6.2054e-02    -0.0116   100.2898      76650    34.5738    34.5735     2.7501     2.7517    27.5674    27.5670   1370.145    3.18074 0.0000e+00
   1382.000     2.8496     2.8499  31.787134  31.787814     1.2696          0     0.0222 1.3081e-03 1.6939e+00 7.7226e-02    -0.0116   100.2898      76668    34.5733    34.5738     2.7531     2.7534    27.5667    27.5671   1369.158    3.17467 0.0000e+00
   1381.000     2.8510     2.8519  31.787312  31.788165     1.2698          0     0.0208 1.2476e-03 1.6939e+00 7.3655e-02    -0.0116   100.2898      76686    34.5726    34.5727     2.7546     2.7554    27.5660    27.5660   1368.170    3.17423 0.0000e+00
   1380.000     2.8499     2.8503  31.786113  31.786511     1.2698          0     0.0230 1.7356e-03 1.6939e+00 1.0246e-01    -0.0116   100.2898      76744    34.5729    34.5728     2.7535     2.7540    27.5663    27.5663   1367.183    3.17725 0.0000e+00
   1379.000     2.8495     2.8506  31.785409  31.786281     1.2699          0     0.0203 1.9223e-03 1.6939e+00 1.1348e-01    -0.0116   100.2898      76824    34.5729    34.5728     2.7532     2.7544    27.5664    27.5662   1366.195    3.17694 0.0000e+00
   1378.000     2.8492     2.8505  31.784716  31.785666     1.2707          0     0.0178 4.9962e-04 1.6939e+00 2.9495e-02    -0.0116   100.2898      76887    34.5729    34.5726     2.7530     2.7543    27.5664    27.5661   1365.208    3.19231 0.0000e+00
   1377.000     2.8505     2.8516  31.784384  31.785393     1.2718          0     0.0071 5.4226e-04 1.6939e+00 3.2013e-02    -0.0116   100.2898      76909    34.5716    34.5717     2.7544     2.7555    27.5652    27.5652   1364.221    3.19872 0.0000e+00
   1376.000     2.8503     2.8514  31.782800  31.783771     1.2727          0     0.0078 8.6282e-04 1.6939e+00 5.0937e-02    -0.0116   100.2898      76928    34.5704    34.5704     2.7543     2.7554    27.5643    27.5642   1363.233    3.20426 0.0000e+00
   1375.000     2.8497     2.8509  31.780990  31.782022     1.2736          0     0.0115 3.1889e-04 1.6939e+00 1.8826e-02    -0.0113   100.2820      76947    34.5694    34.5693     2.7537     2.7550    27.5635    27.5634   1362.246    3.20131 0.0000e+00
   1374.000     2.8490     2.8503  31.780346  31.781430     1.2743          0     0.0125 1.0825e-03 1.6939e+00 6.3903e-02    -0.0116   100.2892      76974    34.5699    34.5697     2.7531     2.7545    27.5640    27.5637   1361.258    3.20053 0.0000e+00
   1373.000     2.8492     2.8506  31.780446  31.781278     1.2756          0     0.0145 9.4533e-04 1.6939e+00 5.5809e-02    -0.0116   100.2898      77022    34.5702    34.5698     2.7535     2.7548    27.5642    27.5637   1360.271    3.20938 0.0000e+00
