Data/Raw HPLC Argo/lovbio077b/CTD/out_c_152.cnv
* Sea-Bird SBE 9 Data File:
* FileName = C:\OUTPACE_CTD_Classik_DATA\out_c_152.hex
* Software Version Seasave V 7.23.1
* Temperature SN = 0970
* Conductivity SN = 0606
* Number of Bytes Per Scan = 40
* Number of Voltage Words = 5
* Number of Scans Averaged by the Deck Unit = 1
* NMEA Latitude = 18 12.04 S
* NMEA Longitude = 169 04.37 W
* NMEA UTC (Time) = Mar 21 2015  10:27:03
* NMEA baud rate = 4800
# nquan = 23
# nvalues = 1035                        
# units = specified
# name 0 = prDM: Pressure, Digiquartz [db]
# name 1 = t090C: Temperature [ITS-90, deg C]
# name 2 = t190C: Temperature, 2 [ITS-90, deg C]
# name 3 = c0mS/cm: Conductivity [mS/cm]
# name 4 = c1mS/cm: Conductivity, 2 [mS/cm]
# name 5 = sbeox0V: Oxygen raw, SBE 43 [V]
# name 6 = modError: Modulo Error Count
# name 7 = flC: Fluorescence, Chelsea Aqua 3 Chl Con [ug/l]
# name 8 = par: PAR/Irradiance, Biospherical/Licor
# name 9 = spar: SPAR/Surface Irradiance
# name 10 = cpar: CPAR/Corrected Irradiance [%]
# name 11 = CStarAt0: Beam Attenuation, WET Labs C-Star [1/m]
# name 12 = CStarTr0: Beam Transmission, WET Labs C-Star [%]
# name 13 = scan: Scan Count
# name 14 = sal00: Salinity, Practical [PSU]
# name 15 = sal11: Salinity, Practical, 2 [PSU]
# name 16 = potemp090C: Potential Temperature [ITS-90, deg C]
# name 17 = potemp190C: Potential Temperature, 2 [ITS-90, deg C]
# name 18 = sigma-é00: Density [sigma-theta, kg/m^3]
# name 19 = sigma-é11: Density, 2 [sigma-theta, kg/m^3]
# name 20 = depSM: Depth [salt water, m], lat = -18.2007
# name 21 = sbeox0ML/L: Oxygen, SBE 43 [ml/l], WS = 2
# name 22 = flag: flag
# span 0 =      4.000,    522.000       
# span 1 =     8.2828,    29.6176       
# span 2 =     8.2844,    29.6197       
# span 3 =  36.201633,  58.095795       
# span 4 =  36.202601,  58.096882       
# span 5 =     1.7463,     2.7003       
# span 6 =          0,          0       
# span 7 =    -0.0164,     0.3011       
# span 8 = -2.433e-03, 3.1598e-01       
# span 9 = 1.6939e+00, 1.6939e+00       
# span 10 = -1.436e-01, 1.8654e+01      
# span 11 =    -0.0031,     0.2506      
# span 12 =    93.9285,   100.0780      
# span 13 =        305,      54724      
# span 14 =    34.4597,    35.9735      
# span 15 =    34.4512,    35.9741      
# span 16 =     8.2290,    29.6138      
# span 17 =     8.2304,    29.6153      
# span 18 =    21.9268,    26.8193      
# span 19 =    21.9261,    26.8188      
# span 20 =      3.976,    518.211      
# span 21 =    3.78727,    4.73191      
# span 22 = 0.0000e+00, 0.0000e+00      
# interval = decibars: 1                
# start_time = Mar 21 2015 10:27:03 [NMEA time, header]
# bad_flag = -9.990e-29
*END*
[from data line 252]
    258.000    18.9478    18.9498  47.666657  47.669732     2.0396          0     0.0080 1.0000e-12 1.6939e+00 5.9036e-11     0.0118    99.7051       8176    35.5876    35.5884    18.9016    18.9036    25.4955    25.4957    256.290    3.83816 0.0000e+00
    259.000    19.0243    19.0500  47.736892  47.765887     2.0316          0    -0.0036 1.0000e-12 1.6939e+00 5.9036e-11     0.0118    99.7054       8237    35.5804    35.5827    18.9778    19.0035    25.4705    25.4657    257.283    3.79679 0.0000e+00
    260.000    18.8525    18.8494  47.536258  47.536054     2.0269          0    -0.0001 1.0000e-12 1.6939e+00 5.9036e-11     0.0118    99.7064       8268    35.5592    35.5617    18.8062    18.8031    25.4982    25.5008    258.276    3.80745 0.0000e+00
    261.000    18.8028    18.8107  47.474050  47.478778     2.0242          0     0.0066 1.0000e-12 1.6939e+00 5.9036e-11     0.0118    99.7064       8287    35.5493    35.5465    18.7564    18.7642    25.5032    25.4991    259.269    3.80640 0.0000e+00
    262.000    18.7342    18.7416  47.397837  47.402344     2.0235          0     0.0101 1.0000e-12 1.6939e+00 5.9036e-11     0.0117    99.7080       8304    35.5438    35.5412    18.6877    18.6951    25.5164    25.5126    260.261    3.80897 0.0000e+00
    263.000    18.6933    18.6989  47.351023  47.355313     2.0208          0     0.0102 1.0000e-12 1.6939e+00 5.9036e-11     0.0118    99.7064       8321    35.5391    35.5379    18.6467    18.6523    25.5232    25.5209    261.254    3.80332 0.0000e+00
    264.000    18.6505    18.6579  47.297778  47.302564     2.0189          0     0.0080 1.0000e-12 1.6939e+00 5.9036e-11     0.0115    99.7142       8338    35.5307    35.5284    18.6038    18.6112    25.5277    25.5240    262.247    3.81176 0.0000e+00
    265.000    18.5914    18.6000  47.224620  47.229345     2.0202          0     0.0044 1.0000e-12 1.6939e+00 5.9036e-11     0.0116    99.7106       8356    35.5194    35.5160    18.5446    18.5532    25.5340    25.5292    263.240    3.83258 0.0000e+00
    266.000    18.5083    18.5161  47.129856  47.134219     2.0237          0     0.0018 1.0000e-12 1.6939e+00 5.9036e-11     0.0112    99.7202       8375    35.5105    35.5076    18.4615    18.4693    25.5481    25.5438    264.232    3.84840 0.0000e+00
    267.000    18.4454    18.4532  47.057555  47.063074     2.0250          0     0.0075 1.0000e-12 1.6939e+00 5.9036e-11     0.0117    99.7090       8395    35.5033    35.5012    18.3985    18.4063    25.5583    25.5548    265.225    3.84814 0.0000e+00
    268.000    18.3840    18.3909  46.986460  46.992812     2.0250          0     0.0098 1.0000e-12 1.6939e+00 5.9036e-11     0.0111    99.7238       8419    35.4956    35.4951    18.3371    18.3439    25.5679    25.5657    266.218    3.84605 0.0000e+00
    269.000    18.4435    18.4663  47.062729  47.106269     2.0157          0     0.0029 1.0000e-12 1.6939e+00 5.9036e-11     0.0111    99.7235       8486    35.5085    35.5257    18.3963    18.4191    25.5628    25.5703    267.210    3.81008 0.0000e+00
    270.000    18.2917    18.3529  46.833652  46.858235     2.0092          0     0.0037 1.0000e-12 1.6939e+00 5.9036e-11     0.0107    99.7316       8543    35.4448    35.4128    18.2446    18.3057    25.5520    25.5123    268.203    3.81753 0.0000e+00
    271.000    18.0574    18.0725  46.597292  46.602246     2.0098          0     0.0066 1.0000e-12 1.6939e+00 5.9036e-11     0.0111    99.7237       8560    35.4457    35.4369    18.0106    18.0256    25.6109    25.6004    269.196    3.84218 0.0000e+00
    272.000    17.9321    17.9454  46.446141  46.449657     2.0113          0     0.0083 1.0000e-12 1.6939e+00 5.9036e-11     0.0109    99.7276       8576    35.4247    35.4163    17.8853    17.8986    25.6257    25.6160    270.189    3.85575 0.0000e+00
    273.000    17.8661    17.8727  46.376139  46.379098     2.0117          0     0.0137 1.0000e-12 1.6939e+00 5.9036e-11     0.0107    99.7330       8592    35.4217    35.4185    17.8193    17.8258    25.6396    25.6356    271.181    3.85638 0.0000e+00
    274.000    17.7548    17.7679  46.244206  46.248043     2.0109          0     0.0145 1.0000e-12 1.6939e+00 5.9036e-11     0.0105    99.7363       8608    35.4048    35.3967    17.7080    17.7211    25.6540    25.6446    272.174    3.86040 0.0000e+00
    275.000    17.7097    17.7145  46.202809  46.207736     2.0107          0     0.0203 1.0000e-12 1.6939e+00 5.9036e-11     0.0106    99.7344       8624    35.4081    35.4081    17.6627    17.6676    25.6675    25.6664    273.167    3.86262 0.0000e+00
    276.000    17.6675    17.6753  46.150356  46.154942     2.0094          0     0.0187 1.0000e-12 1.6939e+00 5.9036e-11     0.0107    99.7329       8641    35.3992    35.3964    17.6205    17.6283    25.6710    25.6670    274.159    3.86347 0.0000e+00
    277.000    17.6260    17.6327  46.104034  46.108655     2.0094          0     0.0176 1.0000e-12 1.6939e+00 5.9036e-11     0.0104    99.7400       8657    35.3951    35.3932    17.5789    17.5856    25.6781    25.6750    275.152    3.86527 0.0000e+00
    278.000    17.6231    17.6418  46.106795  46.134484     2.0068          0     0.0158 1.0000e-12 1.6939e+00 5.9036e-11     0.0106    99.7356       8688    35.3996    35.4072    17.5758    17.5944    25.6822    25.6836    276.145    3.85545 0.0000e+00
    279.000    17.6507    17.6713  46.126022  46.145321     2.0016          0     0.0061 1.0000e-12 1.6939e+00 5.9036e-11     0.0107    99.7328       8762    35.3917    35.3905    17.6032    17.6237    25.6695    25.6636    277.137    3.83783 0.0000e+00
    280.000    17.3753    17.3935  45.799715  45.801529     1.9976          0     0.0012 1.0000e-12 1.6939e+00 5.9036e-11     0.0101    99.7471       8791    35.3496    35.3353    17.3282    17.3464    25.7039    25.6886    278.130    3.84778 0.0000e+00
    281.000    17.2373    17.2457  45.659331  45.663387     1.9950          0     0.0002 1.0000e-12 1.6939e+00 5.9036e-11     0.0101    99.7462       8810    35.3480    35.3442    17.1903    17.1986    25.7359    25.7310    279.123    3.84667 0.0000e+00
    282.000    17.2194    17.2233  45.639703  45.644183     1.9911          0    -0.0014 1.0000e-12 1.6939e+00 5.9036e-11     0.0100    99.7500       8828    35.3463    35.3468    17.1722    17.1761    25.7389    25.7383    280.115    3.83428 0.0000e+00
    283.000    17.1921    17.1973  45.607263  45.611759     1.9873          0    -0.0046 1.0000e-12 1.6939e+00 5.9036e-11     0.0097    99.7562       8845    35.3415    35.3409    17.1449    17.1500    25.7418    25.7401    281.108    3.83354 0.0000e+00
    284.000    17.1472    17.1547  45.551373  45.555442     1.9857          0    -0.0008 1.0000e-12 1.6939e+00 5.9036e-11     0.0096    99.7594       8862    35.3318    35.3288    17.0999    17.1073    25.7451    25.7411    282.100    3.84641 0.0000e+00
    285.000    17.0569    17.0656  45.444186  45.444807     1.9867          0    -0.0006 1.0000e-12 1.6939e+00 5.9036e-11     0.0098    99.7550       8880    35.3171    35.3101    17.0096    17.0182    25.7554    25.7480    283.093    3.86185 0.0000e+00
    286.000    16.9716    16.9857  45.338469  45.343573     1.9871          0    -0.0020 1.0000e-12 1.6939e+00 5.9036e-11     0.0097    99.7579       8898    35.2992    35.2913    16.9243    16.9384    25.7620    25.7526    284.086    3.86713 0.0000e+00
    287.000    16.7888    16.8109  45.132627  45.137345     1.9869          0     0.0033 1.0000e-12 1.6939e+00 5.9036e-11     0.0096    99.7594       8914    35.2792    35.2639    16.7416    16.7637    25.7899    25.7729    285.078    3.87916 0.0000e+00
    288.000    16.6987    16.7125  45.033869  45.044417     1.9867          0     0.0033 1.0000e-12 1.6939e+00 5.9036e-11     0.0097    99.7579       8930    35.2713    35.2685    16.6515    16.6653    25.8050    25.7996    286.071    3.88456 0.0000e+00
    289.000    16.7132    16.7629  45.067883  45.131781     1.9846          0     0.0055 1.0000e-12 1.6939e+00 5.9036e-11     0.0096    99.7590       8968    35.2881    35.3004    16.6659    16.7155    25.8145    25.8123    287.064    3.87262 0.0000e+00
    290.000    16.5637    16.5864  44.885030  44.885455     1.9809          0    -0.0000 1.0000e-12 1.6939e+00 5.9036e-11     0.0096    99.7594       9014    35.2584    35.2389    16.5165    16.5391    25.8268    25.8065    288.056    3.88007 0.0000e+00
    291.000    16.5268    16.5299  44.851411  44.856000     1.9810          0    -0.0019 1.0000e-12 1.6939e+00 5.9036e-11     0.0096    99.7594       9042    35.2610    35.2623    16.4795    16.4826    25.8374    25.8377    289.049    3.88530 0.0000e+00
    292.000    16.4525    16.4560  44.766750  44.770002     1.9806          0    -0.0029 1.0000e-12 1.6939e+00 5.9036e-11     0.0096    99.7594       9073    35.2514    35.2512    16.4052    16.4087    25.8474    25.8464    290.041    3.89119 0.0000e+00
    293.000    16.4268    16.4290  44.743221  44.747155     1.9803          0     0.0014 1.0000e-12 1.6939e+00 5.9036e-11     0.0096    99.7594       9102    35.2530    35.2544    16.3793    16.3816    25.8546    25.8552    291.034    3.88989 0.0000e+00
    294.000    16.4149    16.4178  44.728815  44.732460     1.9797          0    -0.0089 1.0000e-12 1.6939e+00 5.9036e-11     0.0096    99.7594       9126    35.2504    35.2509    16.3673    16.3703    25.8554    25.8552    292.027    3.89376 0.0000e+00
    295.000    16.3898    16.3940  44.696852  44.698947     1.9804          0    -0.0117 1.0000e-12 1.6939e+00 5.9036e-11     0.0096    99.7594       9145    35.2439    35.2420    16.3421    16.3463    25.8563    25.8538    293.019    3.89711 0.0000e+00
    296.000    16.3286    16.3344  44.631461  44.634445     1.9797          0    -0.0105 1.0000e-12 1.6939e+00 5.9036e-11     0.0096    99.7594       9161    35.2396    35.2372    16.2809    16.2866    25.8673    25.8640    294.012    3.89930 0.0000e+00
    297.000    16.3137    16.3167  44.612855  44.614817     1.9800          0    -0.0057 1.0000e-12 1.6939e+00 5.9036e-11     0.0096    99.7594       9177    35.2360    35.2351    16.2658    16.2688    25.8679    25.8665    295.004    3.90143 0.0000e+00
    298.000    16.2770    16.2808  44.577223  44.580602     1.9793          0     0.0041 1.0000e-12 1.6939e+00 5.9036e-11     0.0096    99.7594       9192    35.2364    35.2361    16.2291    16.2328    25.8768    25.8757    295.997    3.90297 0.0000e+00
    299.000    16.2700    16.2726  44.573011  44.576556     1.9796          0     0.0051 1.0000e-12 1.6939e+00 5.9036e-11     0.0096    99.7594       9208    35.2385    35.2393    16.2220    16.2245    25.8800    25.8800    296.989    3.90928 0.0000e+00
    300.000    16.2669    16.2690  44.572923  44.576809     1.9803          0     0.0140 1.0000e-12 1.6939e+00 5.9036e-11     0.0096    99.7594       9224    35.2408    35.2424    16.2187    16.2207    25.8825    25.8833    297.982    3.91730 0.0000e+00
    301.000    16.2679    16.2665  44.577898  44.576365     1.9835          0     0.0218 1.0000e-12 1.6939e+00 5.9036e-11     0.0095    99.7610       9246    35.2439    35.2438    16.2195    16.2181    25.8848    25.8850    298.974    3.93397 0.0000e+00
    302.000    16.2894    16.2987  44.594953  44.608569     1.9886          0     0.0200 1.0000e-12 1.6939e+00 5.9036e-11     0.0095    99.7616       9297    35.2397    35.2434    16.2407    16.2501    25.8765    25.8773    299.967    3.92772 0.0000e+00
    303.000    16.1611    16.1759  44.458222  44.465244     1.9850          0     0.0151 1.0000e-12 1.6939e+00 5.9036e-11     0.0094    99.7643       9344    35.2314    35.2246    16.1126    16.1273    25.8998    25.8911    300.960    3.92875 0.0000e+00
    304.000    16.0777    16.0782  44.359123  44.360484     1.9865          0     0.0126 1.0000e-12 1.6939e+00 5.9036e-11     0.0094    99.7663       9379    35.2168    35.2176    16.0292    16.0297    25.9077    25.9082    301.952    3.95041 0.0000e+00
    305.000    16.0268    16.0326  44.300909  44.304921     1.9893          0     0.0059 1.0000e-12 1.6939e+00 5.9036e-11     0.0093    99.7666       9405    35.2097    35.2081    15.9783    15.9840    25.9139    25.9114    302.945    3.96943 0.0000e+00
    306.000    15.9553    15.9639  44.225057  44.229129     1.9930          0     0.0036 1.0000e-12 1.6939e+00 5.9036e-11     0.0092    99.7706       9425    35.2051    35.2011    15.9067    15.9153    25.9268    25.9217    303.937    3.98705 0.0000e+00
    307.000    15.9302    15.9343  44.204913  44.208463     1.9957          0     0.0014 1.0000e-12 1.6939e+00 5.9036e-11     0.0095    99.7610       9443    35.2090    35.2085    15.8816    15.8856    25.9355    25.9342    304.930    3.98774 0.0000e+00
    308.000    15.9148    15.9187  44.188081  44.191371     1.9959          0     0.0033 1.0000e-12 1.6939e+00 5.9036e-11     0.0092    99.7703       9460    35.2073    35.2068    15.8660    15.8698    25.9378    25.9365    305.922    3.98544 0.0000e+00
    309.000    15.8874    15.8919  44.157947  44.161270     1.9966          0     0.0028 1.0000e-12 1.6939e+00 5.9036e-11     0.0093    99.7674       9478    35.2042    35.2033    15.8385    15.8430    25.9417    25.9399    306.915    3.98868 0.0000e+00
    310.000    15.8597    15.8624  44.129132  44.132253     1.9969          0     0.0007 1.0000e-12 1.6939e+00 5.9036e-11     0.0091    99.7721       9501    35.2028    35.2031    15.8107    15.8134    25.9469    25.9465    307.907    3.98795 0.0000e+00
    311.000    15.8439    15.8463  44.114333  44.118022     1.9965          0     0.0045 1.0000e-12 1.6939e+00 5.9036e-11     0.0091    99.7727       9527    35.2032    35.2043    15.7948    15.7972    25.9508    25.9511    308.900    3.99254 0.0000e+00
    312.000    15.8338    15.8365  44.101197  44.103850     1.9980          0     0.0104 1.0000e-12 1.6939e+00 5.9036e-11     0.0092    99.7714       9551    35.2000    35.2000    15.7845    15.7872    25.9507    25.9501    309.892    3.99955 0.0000e+00
    313.000    15.8067    15.8102  44.072489  44.075774     1.9979          0     0.0120 1.0000e-12 1.6939e+00 5.9036e-11     0.0094    99.7660       9572    35.1980    35.1978    15.7574    15.7609    25.9553    25.9544    310.885    3.99382 0.0000e+00
    314.000    15.7888    15.7917  44.053349  44.056110     1.9967          0     0.0123 1.0000e-12 1.6939e+00 5.9036e-11     0.0090    99.7752       9591    35.1964    35.1963    15.7393    15.7422    25.9582    25.9575    311.877    3.99011 0.0000e+00
    315.000    15.7458    15.7506  43.999675  44.001466     1.9955          0     0.0131 1.0000e-12 1.6939e+00 5.9036e-11     0.0091    99.7738       9613    35.1862    35.1835    15.6962    15.7011    25.9601    25.9569    312.870    3.99100 0.0000e+00
    316.000    15.7438    15.7372  44.008439  44.012388     1.9946          0     0.0074 1.0000e-12 1.6939e+00 5.9036e-11     0.0089    99.7777       9652    35.1954    35.2048    15.6941    15.6875    25.9676    25.9764    313.862    3.99403 0.0000e+00
    317.000    15.7116    15.7317  43.963391  43.974886     1.9939          0     0.0173 1.0000e-12 1.6939e+00 5.9036e-11     0.0088    99.7814       9702    35.1833    35.1758    15.6618    15.6818    25.9656    25.9553    314.855    3.99289 0.0000e+00
    318.000    15.6475    15.6510  43.898320  43.900988     1.9923          0     0.0111 1.0000e-12 1.6939e+00 5.9036e-11     0.0092    99.7697       9728    35.1816    35.1809    15.5977    15.6012    25.9788    25.9775    315.847    3.98644 0.0000e+00
    319.000    15.6294    15.6310  43.881195  43.883043     1.9892          0     0.0022 1.0000e-12 1.6939e+00 5.9036e-11     0.0091    99.7726       9751    35.1820    35.1822    15.5794    15.5811    25.9832    25.9830    316.840    3.98033 0.0000e+00
