Data/Raw HPLC Argo/lovbio077b/CTD/out_c_152.cnv
* Sea-Bird SBE 9 Data File:
* FileName = C:\OUTPACE_CTD_Classik_DATA\out_c_152.hex
* Software Version Seasave V 7.23.1
* Temperature SN = 0970
* Conductivity SN = 0606
* Number of Bytes Per Scan = 40
* Number of Voltage Words = 5
* Number of Scans Averaged by the Deck Unit = 1
* NMEA Latitude = 18 12.04 S
* NMEA Longitude = 169 04.37 W
* NMEA UTC (Time) = Mar 21 2015  10:27:03
* NMEA baud rate = 4800
# nquan = 23
# nvalues = 1035                        
# units = specified
# name 0 = prDM: Pressure, Digiquartz [db]
# name 1 = t090C: Temperature [ITS-90, deg C]
# name 2 = t190C: Temperature, 2 [ITS-90, deg C]
# name 3 = c0mS/cm: Conductivity [mS/cm]
# name 4 = c1mS/cm: Conductivity, 2 [mS/cm]
# name 5 = sbeox0V: Oxygen raw, SBE 43 [V]
# name 6 = modError: Modulo Error Count
# name 7 = flC: Fluorescence, Chelsea Aqua 3 Chl Con [ug/l]
# name 8 = par: PAR/Irradiance, Biospherical/Licor
# name 9 = spar: SPAR/Surface Irradiance
# name 10 = cpar: CPAR/Corrected Irradiance [%]
# name 11 = CStarAt0: Beam Attenuation, WET Labs C-Star [1/m]
# name 12 = CStarTr0: Beam Transmission, WET Labs C-Star [%]
# name 13 = scan: Scan Count
# name 14 = sal00: Salinity, Practical [PSU]
# name 15 = sal11: Salinity, Practical, 2 [PSU]
# name 16 = potemp090C: Potential Temperature [ITS-90, deg C]
# name 17 = potemp190C: Potential Temperature, 2 [ITS-90, deg C]
# name 18 = sigma-é00: Density [sigma-theta, kg/m^3]
# name 19 = sigma-é11: Density, 2 [sigma-theta, kg/m^3]
# name 20 = depSM: Depth [salt water, m], lat = -18.2007
# name 21 = sbeox0ML/L: Oxygen, SBE 43 [ml/l], WS = 2
# name 22 = flag: flag
# span 0 =      4.000,    522.000       
# span 1 =     8.2828,    29.6176       
# span 2 =     8.2844,    29.6197       
# span 3 =  36.201633,  58.095795       
# span 4 =  36.202601,  58.096882       
# span 5 =     1.7463,     2.7003       
# span 6 =          0,          0       
# span 7 =    -0.0164,     0.3011       
# span 8 = -2.433e-03, 3.1598e-01       
# span 9 = 1.6939e+00, 1.6939e+00       
# span 10 = -1.436e-01, 1.8654e+01      
# span 11 =    -0.0031,     0.2506      
# span 12 =    93.9285,   100.0780      
# span 13 =        305,      54724      
# span 14 =    34.4597,    35.9735      
# span 15 =    34.4512,    35.9741      
# span 16 =     8.2290,    29.6138      
# span 17 =     8.2304,    29.6153      
# span 18 =    21.9268,    26.8193      
# span 19 =    21.9261,    26.8188      
# span 20 =      3.976,    518.211      
# span 21 =    3.78727,    4.73191      
# span 22 = 0.0000e+00, 0.0000e+00      
# interval = decibars: 1                
# start_time = Mar 21 2015 10:27:03 [NMEA time, header]
# bad_flag = -9.990e-29
*END*
[from data line 630]
    408.000    11.3836    11.4124  39.320051  39.357176     1.8975          0     0.0025 1.0000e-12 1.6939e+00 5.9036e-11    -0.0019   100.0495      20370    34.7342    34.7438    11.3319    11.3605    26.5079    26.5102    405.150    4.15102 0.0000e+00
    407.000    11.4091    11.4252  39.352282  39.372239     1.9014          0     0.0047 1.0000e-12 1.6939e+00 5.9036e-11    -0.0020   100.0511      20425    34.7425    34.7471    11.3574    11.3735    26.5097    26.5103    404.158    4.16698 0.0000e+00
    406.000    11.4755    11.4832  39.428399  39.443404     1.9047          0     0.0038 1.0000e-12 1.6939e+00 5.9036e-11    -0.0020   100.0511      20448    34.7557    34.7633    11.4237    11.4314    26.5077    26.5122    403.166    4.17139 0.0000e+00
    405.000    11.5226    11.5241  39.474494  39.477579     1.9070          0     0.0042 1.0000e-12 1.6939e+00 5.9036e-11    -0.0020   100.0511      20469    34.7574    34.7589    11.4708    11.4723    26.5003    26.5012    402.174    4.16386 0.0000e+00
    404.000    11.5439    11.5419  39.497278  39.492640     1.9075          0     0.0080 1.0000e-12 1.6939e+00 5.9036e-11    -0.0020   100.0511      20488    34.7603    34.7576    11.4922    11.4902    26.4986    26.4968    401.182    4.15434 0.0000e+00
    403.000    11.5801    11.5583  39.536666  39.521839     1.9074          0     0.0081 1.0000e-12 1.6939e+00 5.9036e-11    -0.0020   100.0511      20506    34.7655    34.7713    11.5284    11.5067    26.4959    26.5045    400.190    4.14980 0.0000e+00
    402.000    11.6082    11.6021  39.565047  39.557983     1.9077          0     0.0068 1.0000e-12 1.6939e+00 5.9036e-11    -0.0020   100.0522      20527    34.7675    34.7663    11.5565    11.5505    26.4922    26.4924    399.198    4.14803 0.0000e+00
    401.000    11.5612    11.5593  39.508054  39.507004     1.9100          0     0.0006 1.0000e-12 1.6939e+00 5.9036e-11    -0.0020   100.0511      20595    34.7560    34.7567    11.5098    11.5079    26.4919    26.4928    398.206    4.15846 0.0000e+00
    400.000    11.6263    11.6350  39.575588  39.590375     1.9179          0     0.0008 1.0000e-12 1.6939e+00 5.9036e-11    -0.0022   100.0558      20811    34.7618    34.7682    11.5748    11.5835    26.4843    26.4876    397.213    4.18468 0.0000e+00
    399.000    11.8158    11.8133  39.789833  39.793405     1.9302          0     0.0046 1.0000e-12 1.6939e+00 5.9036e-11    -0.0030   100.0766      22035    34.7950    34.8008    11.7640    11.7614    26.4746    26.4797    396.221    4.19394 0.0000e+00
    398.000    11.8435    11.8575  39.819907  39.838848     1.9309          0     0.0067 1.0000e-12 1.6939e+00 5.9036e-11    -0.0031   100.0776      22120    34.7989    34.8044    11.7917    11.8056    26.4725    26.4741    395.229    4.19759 0.0000e+00
    397.000    11.8907    11.8915  39.866951  39.869270     1.9321          0     0.0075 1.0000e-12 1.6939e+00 5.9036e-11    -0.0030   100.0763      22150    34.8013    34.8028    11.8389    11.8397    26.4654    26.4664    394.237    4.19606 0.0000e+00
    396.000    11.8728    11.8772  39.845157  39.849391     1.9331          0     0.0071 1.0000e-12 1.6939e+00 5.9036e-11    -0.0029   100.0721      22209    34.7971    34.7971    11.8212    11.8256    26.4655    26.4646    393.245    4.18526 0.0000e+00
    395.000    11.8658    11.8709  39.843255  39.848878     1.9240          0     0.0057 1.0000e-12 1.6939e+00 5.9036e-11    -0.0021   100.0536      22263    34.8022    34.8029    11.8143    11.8194    26.4707    26.4704    392.253    4.13301 0.0000e+00
    394.000    11.9411    11.9396  39.916602  39.925233     1.9193          0     0.0002 1.0000e-12 1.6939e+00 5.9036e-11    -0.0031   100.0780      22288    34.8039    34.8138    11.8896    11.8880    26.4578    26.4658    391.261    4.12585 0.0000e+00
    393.000    12.0259    12.0249  40.012692  40.022744     1.9171          0     0.0004 1.0000e-12 1.6939e+00 5.9036e-11    -0.0031   100.0776      22306    34.8190    34.8296    11.9742    11.9733    26.4534    26.4619    390.269    4.11293 0.0000e+00
    392.000    12.0900    12.0883  40.060061  40.062339     1.9153          0     0.0014 1.0000e-12 1.6939e+00 5.9036e-11    -0.0031   100.0776      22320    34.8058    34.8096    12.0383    12.0366    26.4309    26.4342    389.277    4.10011 0.0000e+00
    391.000    12.1010    12.0999  40.071819  40.073842     1.9131          0     0.0039 1.0000e-12 1.6939e+00 5.9036e-11    -0.0031   100.0776      22333    34.8073    34.8103    12.0494    12.0483    26.4300    26.4326    388.285    4.09349 0.0000e+00
    390.000    12.1121    12.1118  40.083742  40.085862     1.9119          0     0.0028 1.0000e-12 1.6939e+00 5.9036e-11    -0.0029   100.0729      22345    34.8090    34.8114    12.0606    12.0603    26.4292    26.4310    387.292    4.09486 0.0000e+00
    389.000    12.1321    12.1285  40.112262  40.110047     1.9108          0    -0.0001 1.0000e-12 1.6939e+00 5.9036e-11    -0.0031   100.0776      22356    34.8185    34.8197    12.0807    12.0771    26.4327    26.4343    386.300    4.09497 0.0000e+00
    388.000    12.1815    12.1602  40.157776  40.145966     1.9111          0     0.0007 1.0000e-12 1.6939e+00 5.9036e-11    -0.0031   100.0776      22367    34.8172    34.8255    12.1301    12.1088    26.4222    26.4327    385.308    4.09489 0.0000e+00
    387.000    12.1999    12.1999  40.177000  40.182673     1.9105          0     0.0045 1.0000e-12 1.6939e+00 5.9036e-11    -0.0031   100.0776      22379    34.8192    34.8247    12.1485    12.1485    26.4202    26.4245    384.316    4.09443 0.0000e+00
    386.000    12.2178    12.2154  40.192195  40.195176     1.9107          0     0.0041 1.0000e-12 1.6939e+00 5.9036e-11    -0.0030   100.0758      22392    34.8177    34.8228    12.1666    12.1641    26.4155    26.4200    383.324    4.09611 0.0000e+00
    385.000    12.2259    12.2363  40.196068  40.199185     1.9117          0    -0.0050 1.0000e-12 1.6939e+00 5.9036e-11    -0.0029   100.0737      22409    34.8144    34.8078    12.1747    12.1851    26.4114    26.4043    382.332    4.10288 0.0000e+00
    384.000    12.1645    12.1664  40.132017  40.131384     1.9122          0    -0.0072 1.0000e-12 1.6939e+00 5.9036e-11    -0.0031   100.0770      22445    34.8098    34.8074    12.1136    12.1155    26.4196    26.4174    381.340    4.09242 0.0000e+00
    383.000    12.1207    12.1248  40.088479  40.095252     1.9065          0    -0.0095 1.0000e-12 1.6939e+00 5.9036e-11    -0.0027   100.0676      22489    34.8086    34.8114    12.0701    12.0742    26.4270    26.4284    380.347    4.06144 0.0000e+00
    382.000    12.1773    12.1885  40.153635  40.171316     1.9012          0    -0.0062 1.0000e-12 1.6939e+00 5.9036e-11    -0.0026   100.0663      22516    34.8196    34.8263    12.1267    12.1379    26.4247    26.4278    379.355    4.05128 0.0000e+00
    381.000    12.2529    12.2713  40.217912  40.240900     1.9021          0    -0.0093 1.0000e-12 1.6939e+00 5.9036e-11    -0.0030   100.0753      22550    34.8121    34.8173    12.2023    12.2206    26.4043    26.4048    378.363    4.06534 0.0000e+00
    380.000    12.2829    12.3109  40.251600  40.290222     1.8983          0    -0.0005 1.0000e-12 1.6939e+00 5.9036e-11    -0.0031   100.0777      22595    34.8173    34.8286    12.2323    12.2602    26.4025    26.4060    377.371    4.02499 0.0000e+00
    379.000    12.3812    12.5452  40.374516  40.564912     1.8934          0     0.0061 1.0000e-12 1.6939e+00 5.9036e-11    -0.0028   100.0711      22629    34.8453    34.8768    12.3305    12.4940    26.4053    26.3978    376.379    4.00085 0.0000e+00
    378.000    12.7040    12.7222  40.742173  40.754738     1.8892          0     0.0032 1.0000e-12 1.6939e+00 5.9036e-11    -0.0029   100.0730      22650    34.9005    34.8957    12.6525    12.6707    26.3849    26.3777    375.387    3.95333 0.0000e+00
    377.000    12.9603    12.9201  40.963463  40.956198     1.8854          0     0.0014 1.0000e-12 1.6939e+00 5.9036e-11    -0.0030   100.0738      22665    34.8761    34.9061    12.9083    12.8682    26.3153    26.3466    374.394    3.92828 0.0000e+00
    376.000    12.9855    12.9951  40.988948  41.004392     1.8840          0     0.0024 1.0000e-12 1.6939e+00 5.9036e-11    -0.0029   100.0732      22678    34.8776    34.8835    12.9336    12.9431    26.3114    26.3140    373.402    3.93015 0.0000e+00
    375.000    13.0087    13.0128  41.013159  41.022407     1.8829          0     0.0065 1.0000e-12 1.6939e+00 5.9036e-11    -0.0024   100.0619      22690    34.8798    34.8848    12.9568    12.9609    26.3084    26.3115    372.410    3.93040 0.0000e+00
    374.000    13.0376    13.0349  41.048135  41.046830     1.8825          0     0.0074 1.0000e-12 1.6939e+00 5.9036e-11    -0.0025   100.0621      22701    34.8869    34.8881    12.9858    12.9831    26.3081    26.3096    371.418    3.93064 0.0000e+00
    373.000    13.0705    13.0647  41.076398  41.079024     1.8824          0     0.0040 1.0000e-12 1.6939e+00 5.9036e-11    -0.0025   100.0621      22713    34.8840    34.8917    13.0187    13.0130    26.2992    26.3064    370.426    3.93261 0.0000e+00
    372.000    13.0900    13.0965  41.097837  41.113934     1.8827          0     0.0027 1.0000e-12 1.6939e+00 5.9036e-11    -0.0030   100.0755      22726    34.8868    34.8961    13.0383    13.0448    26.2975    26.3034    369.433    3.93229 0.0000e+00
    371.000    13.1274    13.1253  41.140694  41.138496     1.8830          0     0.0022 1.0000e-12 1.6939e+00 5.9036e-11    -0.0020   100.0508      22741    34.8936    34.8934    13.0758    13.0737    26.2952    26.2955    368.441    3.92840 0.0000e+00
    370.000    13.0905    13.0821  41.092259  41.068770     1.8830          0    -0.0025 1.0000e-12 1.6939e+00 5.9036e-11    -0.0022   100.0563      22758    34.8819    34.8673    13.0391    13.0308    26.2936    26.2839    367.449    3.93176 0.0000e+00
    369.000    13.0905    13.0420  41.084447  41.046286     1.8833          0    -0.0083 1.0000e-12 1.6939e+00 5.9036e-11    -0.0022   100.0548      22779    34.8749    34.8831    13.0393    12.9909    26.2880    26.3042    366.457    3.93200 0.0000e+00
    368.000    13.0392    13.0386  41.034263  41.033177     1.8832          0    -0.0032 1.0000e-12 1.6939e+00 5.9036e-11    -0.0021   100.0542      22806    34.8747    34.8742    12.9883    12.9877    26.2981    26.2979    365.465    3.93643 0.0000e+00
    367.000    13.1294    13.1408  41.128800  41.140633     1.8912          0     0.0028 1.0000e-12 1.6939e+00 5.9036e-11    -0.0022   100.0556      22874    34.8820    34.8829    13.0784    13.0897    26.2857    26.2841    364.472    3.97069 0.0000e+00
    366.000    13.1027    13.1008  41.099436  41.082815     1.8973          0     0.0013 1.0000e-12 1.6939e+00 5.9036e-11    -0.0021   100.0537      22914    34.8791    34.8651    13.0519    13.0500    26.2888    26.2783    363.480    3.97957 0.0000e+00
    365.000    13.1720    13.1758  41.219873  41.276328     1.8984          0     0.0049 1.0000e-12 1.6939e+00 5.9036e-11    -0.0021   100.0529      22931    34.9302    34.9802    13.1210    13.1248    26.3144    26.3523    362.488    3.96741 0.0000e+00
    364.000    13.4446    13.4862  41.498439  41.567642     1.8981          0     0.0079 1.0000e-12 1.6939e+00 5.9036e-11    -0.0020   100.0511      22947    34.9442    34.9713    13.3931    13.4346    26.2699    26.2824    361.496    3.94218 0.0000e+00
    363.000    13.5762    13.5859  41.624826  41.643805     1.8987          0     0.0116 1.0000e-12 1.6939e+00 5.9036e-11    -0.0020   100.0511      22962    34.9432    34.9521    13.5246    13.5342    26.2422    26.2471    360.503    3.94134 0.0000e+00
    362.000    13.6087    13.6274  41.651345  41.674467     1.9011          0     0.0097 1.0000e-12 1.6939e+00 5.9036e-11    -0.0020   100.0511      22980    34.9388    34.9435    13.5571    13.5757    26.2321    26.2319    359.511    3.95377 0.0000e+00
    361.000    13.6352    13.6290  41.680401  41.660831     1.9045          0     0.0032 1.0000e-12 1.6939e+00 5.9036e-11    -0.0021   100.0523      23000    34.9423    34.9296    13.5837    13.5775    26.2293    26.2208    358.519    3.95941 0.0000e+00
    360.000    13.6291    13.6263  41.670406  41.686411     1.9068          0     0.0002 1.0000e-12 1.6939e+00 5.9036e-11    -0.0020   100.0511      23021    34.9390    34.9565    13.5777    13.5749    26.2280    26.2421    357.527    3.95786 0.0000e+00
    359.000    13.6200    13.6063  41.664850  41.632818     1.9078          0     0.0047 1.0000e-12 1.6939e+00 5.9036e-11    -0.0021   100.0524      23042    34.9424    34.9249    13.5688    13.5552    26.2324    26.2217    356.534    3.95933 0.0000e+00
    358.000    13.6769    13.6562  41.740441  41.737618     1.9097          0     0.0082 1.0000e-12 1.6939e+00 5.9036e-11    -0.0020   100.0511      23063    34.9618    34.9781    13.6257    13.6050    26.2357    26.2526    355.542    3.95990 0.0000e+00
    357.000    13.8300    13.8099  41.903624  41.898002     1.9106          0     0.0056 1.0000e-12 1.6939e+00 5.9036e-11    -0.0020   100.0511      23084    34.9755    34.9885    13.7785    13.7585    26.2146    26.2288    354.550    3.94460 0.0000e+00
    356.000    13.9077    13.9007  41.977064  41.974800     1.9115          0     0.0001 1.0000e-12 1.6939e+00 5.9036e-11    -0.0020   100.0511      23105    34.9738    34.9781    13.8562    13.8492    26.1971    26.2018    353.557    3.94137 0.0000e+00
    355.000    13.9287    13.9331  41.999344  42.007080     1.9124          0    -0.0030 1.0000e-12 1.6939e+00 5.9036e-11    -0.0020   100.0523      23127    34.9759    34.9791    13.8773    13.8817    26.1942    26.1959    352.565    3.94497 0.0000e+00
    354.000    13.9597    13.9591  42.031307  42.038134     1.9143          0    -0.0011 1.0000e-12 1.6939e+00 5.9036e-11    -0.0020   100.0511      23148    34.9780    34.9848    13.9084    13.9078    26.1893    26.1948    351.573    3.95029 0.0000e+00
    353.000    13.9747    13.9570  42.040664  42.012261     1.9166          0     0.0057 1.0000e-12 1.6939e+00 5.9036e-11    -0.0020   100.0511      23172    34.9735    34.9630    13.9234    13.9058    26.1827    26.1783    350.581    3.95646 0.0000e+00
    352.000    13.9098    13.9229  41.977068  41.994864     1.9203          0     0.0008 1.0000e-12 1.6939e+00 5.9036e-11    -0.0020   100.0521      23200    34.9736    34.9783    13.8589    13.8719    26.1963    26.1972    349.588    3.97618 0.0000e+00
    351.000    13.9427    14.0227  42.026935  42.130048     1.9236          0     0.0012 1.0000e-12 1.6939e+00 5.9036e-11    -0.0020   100.0511      23227    34.9905    35.0138    13.8918    13.9717    26.2025    26.2038    348.596    3.97596 0.0000e+00
    350.000    14.0831    14.0829  42.176840  42.179664     1.9253          0     0.0035 1.0000e-12 1.6939e+00 5.9036e-11    -0.0020   100.0511      23249    35.0029    35.0057    14.0320    14.0319    26.1826    26.1848    347.604    3.96275 0.0000e+00
    349.000    14.1985    14.1734  42.295324  42.280074     1.9255          0     0.0018 1.0000e-12 1.6939e+00 5.9036e-11    -0.0020   100.0511      23270    35.0086    35.0173    14.1473    14.1223    26.1627    26.1747    346.611    3.94715 0.0000e+00
    348.000    14.2255    14.2149  42.324949  42.307047     1.9248          0    -0.0004 1.0000e-12 1.6939e+00 5.9036e-11    -0.0020   100.0511      23293    35.0120    35.0051    14.1744    14.1638    26.1595    26.1564    345.619    3.93956 0.0000e+00
    347.000    14.2288    14.1612  42.319064  42.248705     1.9249          0    -0.0047 1.0000e-12 1.6939e+00 5.9036e-11    -0.0020   100.0511      23325    35.0040    35.0000    14.1778    14.1104    26.1526    26.1638    344.627    3.94898 0.0000e+00
