Data/Raw HPLC Argo/lovbio077b/CTD/out_c_152.cnv
* Sea-Bird SBE 9 Data File:
* FileName = C:\OUTPACE_CTD_Classik_DATA\out_c_152.hex
* Software Version Seasave V 7.23.1
* Temperature SN = 0970
* Conductivity SN = 0606
* Number of Bytes Per Scan = 40
* Number of Voltage Words = 5
* Number of Scans Averaged by the Deck Unit = 1
* NMEA Latitude = 18 12.04 S
* NMEA Longitude = 169 04.37 W
* NMEA UTC (Time) = Mar 21 2015  10:27:03
* NMEA baud rate = 4800
# nquan = 23
# nvalues = 1035                        
# units = specified
# name 0 = prDM: Pressure, Digiquartz [db]
# name 1 = t090C: Temperature [ITS-90, deg C]
# name 2 = t190C: Temperature, 2 [ITS-90, deg C]
# name 3 = c0mS/cm: Conductivity [mS/cm]
# name 4 = c1mS/cm: Conductivity, 2 [mS/cm]
# name 5 = sbeox0V: Oxygen raw, SBE 43 [V]
# name 6 = modError: Modulo Error Count
# name 7 = flC: Fluorescence, Chelsea Aqua 3 Chl Con [ug/l]
# name 8 = par: PAR/Irradiance, Biospherical/Licor
# name 9 = spar: SPAR/Surface Irradiance
# name 10 = cpar: CPAR/Corrected Irradiance [%]
# name 11 = CStarAt0: Beam Attenuation, WET Labs C-Star [1/m]
# name 12 = CStarTr0: Beam Transmission, WET Labs C-Star [%]
# name 13 = scan: Scan Count
# name 14 = sal00: Salinity, Practical [PSU]
# name 15 = sal11: Salinity, Practical, 2 [PSU]
# name 16 = potemp090C: Potential Temperature [ITS-90, deg C]
# name 17 = potemp190C: Potential Temperature, 2 [ITS-90, deg C]
# name 18 = sigma-é00: Density [sigma-theta, kg/m^3]
# name 19 = sigma-é11: Density, 2 [sigma-theta, kg/m^3]
# name 20 = depSM: Depth [salt water, m], lat = -18.2007
# name 21 = sbeox0ML/L: Oxygen, SBE 43 [ml/l], WS = 2
# name 22 = flag: flag
# span 0 =      4.000,    522.000       
# span 1 =     8.2828,    29.6176       
# span 2 =     8.2844,    29.6197       
# span 3 =  36.201633,  58.095795       
# span 4 =  36.202601,  58.096882       
# span 5 =     1.7463,     2.7003       
# span 6 =          0,          0       
# span 7 =    -0.0164,     0.3011       
# span 8 = -2.433e-03, 3.1598e-01       
# span 9 = 1.6939e+00, 1.6939e+00       
# span 10 = -1.436e-01, 1.8654e+01      
# span 11 =    -0.0031,     0.2506      
# span 12 =    93.9285,   100.0780      
# span 13 =        305,      54724      
# span 14 =    34.4597,    35.9735      
# span 15 =    34.4512,    35.9741      
# span 16 =     8.2290,    29.6138      
# span 17 =     8.2304,    29.6153      
# span 18 =    21.9268,    26.8193      
# span 19 =    21.9261,    26.8188      
# span 20 =      3.976,    518.211      
# span 21 =    3.78727,    4.73191      
# span 22 = 0.0000e+00, 0.0000e+00      
# interval = decibars: 1                
# start_time = Mar 21 2015 10:27:03 [NMEA time, header]
# bad_flag = -9.990e-29
*END*
[from data line 63]
     69.000    25.4923    25.5015  54.641860  54.646356     2.6588          0     0.0363 1.0000e-12 1.6939e+00 5.9036e-11     0.0365    99.0923       3415    35.7555    35.7515    25.4771    25.4863    23.7659    23.7601     68.574    4.70387 0.0000e+00
     70.000    25.4474    25.4518  54.602702  54.606280     2.6591          0     0.0397 1.0000e-12 1.6939e+00 5.9036e-11     0.0354    99.1181       3438    35.7616    35.7608    25.4320    25.4364    23.7845    23.7825     69.568    4.71137 0.0000e+00
     71.000    25.4086    25.4156  54.565221  54.568956     2.6569          0     0.0337 1.0000e-12 1.6939e+00 5.9036e-11     0.0353    99.1215       3457    35.7641    35.7614    25.3930    25.3999    23.7984    23.7942     70.561    4.70426 0.0000e+00
     72.000    25.3917    25.3955  54.554157  54.557392     2.6542          0     0.0278 1.0000e-12 1.6939e+00 5.9036e-11     0.0357    99.1107       3475    35.7690    35.7684    25.3759    25.3796    23.8073    23.8057     71.555    4.69902 0.0000e+00
     73.000    25.3783    25.3817  54.545243  54.548510     2.6510          0     0.0302 1.0000e-12 1.6939e+00 5.9036e-11     0.0361    99.1017       3499    35.7727    35.7724    25.3622    25.3657    23.8143    23.8130     72.549    4.69652 0.0000e+00
     74.000    25.3572    25.3636  54.528965  54.533359     2.6486          0     0.0312 1.0000e-12 1.6939e+00 5.9036e-11     0.0368    99.0835       3527    35.7769    35.7751    25.3409    25.3474    23.8241    23.8207     73.542    4.68868 0.0000e+00
     75.000    25.2866    25.2938  54.462874  54.466829     2.6418          0     0.0375 1.0000e-12 1.6939e+00 5.9036e-11     0.0377    99.0624       3552    35.7834    35.7807    25.2701    25.2773    23.8508    23.8465     74.536    4.67743 0.0000e+00
     76.000    25.2294    25.2385  54.407870  54.412201     2.6396          0     0.0508 1.0000e-12 1.6939e+00 5.9036e-11     0.0373    99.0713       3573    35.7875    35.7835    25.2127    25.2219    23.8715    23.8656     75.530    4.68769 0.0000e+00
     77.000    25.1792    25.1856  54.367048  54.371604     2.6394          0     0.0476 1.0000e-12 1.6939e+00 5.9036e-11     0.0371    99.0773       3597    35.7966    35.7949    25.1624    25.1688    23.8937    23.8905     76.523    4.68998 0.0000e+00
     78.000    25.1387    25.1474  54.322403  54.333140     2.6342          0     0.0499 1.0000e-12 1.6939e+00 5.9036e-11     0.0371    99.0769       3634    35.7952    35.7963    25.1217    25.1303    23.9051    23.9033     77.517    4.67168 0.0000e+00
     79.000    25.0885    25.0966  54.262465  54.268669     2.6198          0     0.0557 1.0000e-12 1.6939e+00 5.9036e-11     0.0370    99.0792       3675    35.7900    35.7882    25.0713    25.0794    23.9167    23.9128     78.511    4.63961 0.0000e+00
     80.000    25.0279    25.0362  54.204011  54.209572     2.6143          0     0.0505 1.0000e-12 1.6939e+00 5.9036e-11     0.0374    99.0698       3701    35.7943    35.7919    25.0105    25.0187    23.9385    23.9341     79.504    4.64575 0.0000e+00
     81.000    24.9673    24.9795  54.120888  54.126756     2.6131          0     0.0492 1.0000e-12 1.6939e+00 5.9036e-11     0.0374    99.0700       3721    35.7801    35.7747    24.9497    24.9620    23.9462    23.9385     80.498    4.64914 0.0000e+00
     82.000    24.8768    24.8929  54.009166  54.018489     2.6109          0     0.0545 1.0000e-12 1.6939e+00 5.9036e-11     0.0375    99.0667       3737    35.7682    35.7624    24.8591    24.8751    23.9649    23.9556     81.491    4.66032 0.0000e+00
     83.000    24.7419    24.7650  53.855434  53.864764     2.6148          0     0.0570 1.0000e-12 1.6939e+00 5.9036e-11     0.0383    99.0467       3753    35.7602    35.7489    24.7240    24.7470    23.9998    23.9843     82.485    4.68648 0.0000e+00
     84.000    24.6651    24.6751  53.787976  53.793561     2.6175          0     0.0527 1.0000e-12 1.6939e+00 5.9036e-11     0.0384    99.0433       3769    35.7705    35.7667    24.6470    24.6570    24.0309    24.0250     83.479    4.68836 0.0000e+00
     85.000    24.6320    24.6375  53.762623  53.766826     2.6147          0     0.0527 1.0000e-12 1.6939e+00 5.9036e-11     0.0379    99.0578       3784    35.7775    35.7763    24.6137    24.6192    24.0463    24.0436     84.472    4.67052 0.0000e+00
     86.000    24.6060    24.6155  53.756938  53.763331     2.6083          0     0.0533 1.0000e-12 1.6939e+00 5.9036e-11     0.0385    99.0421       3801    35.7936    35.7908    24.5875    24.5971    24.0664    24.0613     85.466    4.65407 0.0000e+00
     87.000    24.6643    24.7014  53.818372  53.855504     2.5949          0     0.0522 1.0000e-12 1.6939e+00 5.9036e-11     0.0381    99.0531       3860    35.7929    35.7912    24.6456    24.6827    24.0483    24.0357     86.459    4.62828 0.0000e+00
     88.000    24.5350    24.5328  53.695660  53.680418     2.5813          0     0.0494 1.0000e-12 1.6939e+00 5.9036e-11     0.0377    99.0617       3909    35.8036    35.7940    24.5161    24.5139    24.0955    24.0888     87.453    4.59456 0.0000e+00
     89.000    24.4373    24.4437  53.581215  53.588225     2.5621          0     0.0613 1.0000e-12 1.6939e+00 5.9036e-11     0.0379    99.0562       3946    35.7953    35.7954    24.4182    24.4247    24.1186    24.1167     88.446    4.55557 0.0000e+00
     90.000    24.3685    24.3762  53.505529  53.510588     2.5490          0     0.0720 1.0000e-12 1.6939e+00 5.9036e-11     0.0382    99.0502       3974    35.7930    35.7906    24.3493    24.3570    24.1375    24.1335     89.440    4.53880 0.0000e+00
     91.000    24.3068    24.3143  53.453966  53.457767     2.5420          0     0.0738 1.0000e-12 1.6939e+00 5.9036e-11     0.0375    99.0660       3994    35.8032    35.8000    24.2874    24.2949    24.1638    24.1591     90.434    4.53918 0.0000e+00
     92.000    24.2838    24.2889  53.450481  53.453220     2.5406          0     0.0661 1.0000e-12 1.6939e+00 5.9036e-11     0.0366    99.0892       4011    35.8186    35.8165    24.2642    24.2693    24.1825    24.1793     91.427    4.55289 0.0000e+00
     93.000    24.2481    24.2558  53.442463  53.447521     2.5440          0     0.0695 1.0000e-12 1.6939e+00 5.9036e-11     0.0357    99.1116       4028    35.8408    35.8385    24.2283    24.2360    24.2100    24.2059     92.421    4.56790 0.0000e+00
     94.000    24.2234    24.2284  53.420569  53.424527     2.5453          0     0.0830 1.0000e-12 1.6939e+00 5.9036e-11     0.0355    99.1152       4044    35.8438    35.8428    24.2034    24.2084    24.2197    24.2175     93.414    4.57173 0.0000e+00
     95.000    24.1978    24.2042  53.391206  53.397208     2.5475          0     0.0872 1.0000e-12 1.6939e+00 5.9036e-11     0.0352    99.1229       4061    35.8418    35.8412    24.1776    24.1840    24.2259    24.2235     94.408    4.58033 0.0000e+00
     96.000    24.1707    24.1777  53.354435  53.360606     2.5498          0     0.0876 1.0000e-12 1.6939e+00 5.9036e-11     0.0352    99.1230       4078    35.8354    35.8345    24.1503    24.1573    24.2292    24.2264     95.401    4.58568 0.0000e+00
     97.000    24.1501    24.1563  53.329699  53.336050     2.5506          0     0.0799 1.0000e-12 1.6939e+00 5.9036e-11     0.0352    99.1230       4094    35.8329    35.8328    24.1295    24.1357    24.2335    24.2316     96.395    4.58249 0.0000e+00
     98.000    24.1222    24.1339  53.301181  53.309667     2.5485          0     0.0728 1.0000e-12 1.6939e+00 5.9036e-11     0.0353    99.1217       4110    35.8334    35.8304    24.1015    24.1131    24.2422    24.2365     97.388    4.57088 0.0000e+00
     99.000    24.1584    24.1430  53.347641  53.334491     2.5389          0     0.0647 1.0000e-12 1.6939e+00 5.9036e-11     0.0353    99.1212       4148    35.8392    35.8415    24.1374    24.1220    24.2359    24.2423     98.382    4.54767 0.0000e+00
    100.000    24.0871    24.1128  53.269566  53.291853     2.5309          0     0.0867 1.0000e-12 1.6939e+00 5.9036e-11     0.0354    99.1173       4205    35.8370    35.8333    24.0659    24.0916    24.2556    24.2451     99.375    4.53249 0.0000e+00
    101.000    24.0151    24.0236  53.193481  53.200845     2.5126          0     0.1084 1.0000e-12 1.6939e+00 5.9036e-11     0.0361    99.1026       4255    35.8369    35.8357    23.9937    24.0022    24.2770    24.2735    100.369    4.48629 0.0000e+00
    102.000    23.9404    23.9484  53.111033  53.116233     2.5001          0     0.1088 1.0000e-12 1.6939e+00 5.9036e-11     0.0360    99.1042       4285    35.8341    35.8316    23.9189    23.9269    24.2971    24.2928    101.362    4.46983 0.0000e+00
    103.000    23.8986    23.9051  53.068555  53.074915     2.4950          0     0.1160 1.0000e-12 1.6939e+00 5.9036e-11     0.0363    99.0963       4306    35.8352    35.8348    23.8769    23.8834    24.3104    24.3081    102.356    4.47118 0.0000e+00
    104.000    23.8768    23.8848  53.042406  53.049502     2.4923          0     0.1194 1.0000e-12 1.6939e+00 5.9036e-11     0.0365    99.0905       4325    35.8325    35.8315    23.8549    23.8629    24.3148    24.3117    103.349    4.46842 0.0000e+00
    105.000    23.8331    23.8425  52.988097  52.995394     2.4897          0     0.1148 1.0000e-12 1.6939e+00 5.9036e-11     0.0357    99.1116       4342    35.8261    35.8241    23.8111    23.8204    24.3230    24.3187    104.343    4.46348 0.0000e+00
    106.000    23.7696    23.7801  52.907017  52.912359     2.4852          0     0.1100 1.0000e-12 1.6939e+00 5.9036e-11     0.0352    99.1232       4358    35.8152    35.8108    23.7473    23.7578    24.3336    24.3271    105.336    4.46503 0.0000e+00
    107.000    23.7346    23.7428  52.863875  52.870882     2.4859          0     0.1067 1.0000e-12 1.6939e+00 5.9036e-11     0.0353    99.1214       4374    35.8102    35.8090    23.7122    23.7204    24.3402    24.3368    106.330    4.48349 0.0000e+00
    108.000    23.6776    23.6863  52.797051  52.802231     2.4899          0     0.1077 1.0000e-12 1.6939e+00 5.9036e-11     0.0351    99.1246       4391    35.8049    35.8018    23.6550    23.6637    24.3530    24.3481    107.323    4.50107 0.0000e+00
    109.000    23.6586    23.6635  52.787566  52.791405     2.4922          0     0.1146 1.0000e-12 1.6939e+00 5.9036e-11     0.0363    99.0960       4408    35.8127    35.8117    23.6358    23.6407    24.3645    24.3623    108.317    4.50244 0.0000e+00
    110.000    23.6322    23.6416  52.771697  52.779849     2.4928          0     0.1186 1.0000e-12 1.6939e+00 5.9036e-11     0.0357    99.1095       4424    35.8216    35.8202    23.6092    23.6186    24.3791    24.3753    109.310    4.49963 0.0000e+00
    111.000    23.6427    23.6366  52.782575  52.775451     2.4834          0     0.1434 1.0000e-12 1.6939e+00 5.9036e-11     0.0356    99.1143       4459    35.8211    35.8206    23.6195    23.6134    24.3757    24.3771    110.304    4.46097 0.0000e+00
    112.000    23.6725    23.6548  52.806657  52.780526     2.4517          0     0.1413 1.0000e-12 1.6939e+00 5.9036e-11     0.0353    99.1199       4524    35.8151    35.8094    23.6491    23.6314    24.3624    24.3633    111.297    4.37368 0.0000e+00
    113.000    23.5659    23.5582  52.702152  52.695423     2.4425          0     0.1490 1.0000e-12 1.6939e+00 5.9036e-11     0.0352    99.1230       4550    35.8210    35.8221    23.5424    23.5347    24.3983    24.4014    112.291    4.37865 0.0000e+00
    114.000    23.4967    23.5030  52.645486  52.647062     2.4387          0     0.1636 1.0000e-12 1.6939e+00 5.9036e-11     0.0353    99.1219       4573    35.8334    35.8295    23.4729    23.4792    24.4281    24.4233    113.284    4.37812 0.0000e+00
    115.000    23.5223    23.5242  52.718154  52.722582     2.4316          0     0.1801 1.0000e-12 1.6939e+00 5.9036e-11     0.0376    99.0646       4599    35.8680    35.8698    23.4983    23.5003    24.4468    24.4477    114.277    4.35066 0.0000e+00
    116.000    23.3995    23.4141  52.555671  52.562804     2.4224          0     0.2026 1.0000e-12 1.6939e+00 5.9036e-11     0.0371    99.0784       4625    35.8426    35.8362    23.3755    23.3901    24.4636    24.4545    115.271    4.34011 0.0000e+00
    117.000    23.3428    23.3490  52.491178  52.495680     2.4158          0     0.2307 1.0000e-12 1.6939e+00 5.9036e-11     0.0368    99.0854       4645    35.8388    35.8372    23.3185    23.3247    24.4773    24.4744    116.264    4.32910 0.0000e+00
    118.000    23.3035    23.3119  52.448690  52.454036     2.4093          0     0.2484 1.0000e-12 1.6939e+00 5.9036e-11     0.0374    99.0701       4663    35.8377    35.8350    23.2791    23.2874    24.4880    24.4836    117.258    4.31353 0.0000e+00
    119.000    23.2544    23.2613  52.417658  52.421975     2.4017          0     0.2660 1.0000e-12 1.6939e+00 5.9036e-11     0.0412    98.9751       4680    35.8534    35.8511    23.2298    23.2367    24.5143    24.5106    118.251    4.29420 0.0000e+00
    120.000    23.2404    23.2446  52.409182  52.413026     2.3920          0     0.2808 1.0000e-12 1.6939e+00 5.9036e-11     0.0419    98.9588       4697    35.8580    35.8575    23.2156    23.2198    24.5219    24.5203    119.245    4.26744 0.0000e+00
    121.000    23.2202    23.2242  52.391031  52.395225     2.3779          0     0.2888 1.0000e-12 1.6939e+00 5.9036e-11     0.0409    98.9821       4719    35.8601    35.8600    23.1952    23.1993    24.5294    24.5282    120.238    4.23169 0.0000e+00
    122.000    23.1945    23.1989  52.372266  52.376079     2.3596          0     0.3003 1.0000e-12 1.6939e+00 5.9036e-11     0.0416    98.9676       4745    35.8662    35.8656    23.1693    23.1737    24.5416    24.5398    121.231    4.20010 0.0000e+00
    123.000    23.1557    23.1634  52.339439  52.343798     2.3496          0     0.3011 1.0000e-12 1.6939e+00 5.9036e-11     0.0417    98.9639       4770    35.8721    35.8692    23.1304    23.1381    24.5574    24.5530    122.225    4.18468 0.0000e+00
    124.000    23.1371    23.1378  52.351838  52.353433     2.3354          0     0.2912 1.0000e-12 1.6939e+00 5.9036e-11     0.0417    98.9627       4793    35.8966    35.8972    23.1115    23.1123    24.5814    24.5817    123.218    4.13914 0.0000e+00
    125.000    23.1614    23.1621  52.404926  52.406291     2.3186          0     0.2900 1.0000e-12 1.6939e+00 5.9036e-11     0.0411    98.9770       4818    35.9174    35.9178    23.1357    23.1364    24.5902    24.5903    124.212    4.11120 0.0000e+00
    126.000    23.1620    23.1715  52.424871  52.423858     2.3012          0     0.2752 1.0000e-12 1.6939e+00 5.9036e-11     0.0399    99.0082       4860    35.9319    35.9234    23.1360    23.1456    24.6012    24.5919    125.205    4.07803 0.0000e+00
    127.000    23.0914    23.0984  52.379965  52.384876     2.2858          0     0.2688 1.0000e-12 1.6939e+00 5.9036e-11     0.0379    99.0577       4902    35.9546    35.9526    23.0653    23.0723    24.6389    24.6354    126.198    4.06288 0.0000e+00
    128.000    23.0908    23.0932  52.384498  52.387927     2.2844          0     0.2698 1.0000e-12 1.6939e+00 5.9036e-11     0.0374    99.0690       4930    35.9583    35.9590    23.0645    23.0668    24.6419    24.6418    127.192    4.06437 0.0000e+00
    129.000    23.0721    23.0758  52.371954  52.375324     2.2808          0     0.2624 1.0000e-12 1.6939e+00 5.9036e-11     0.0366    99.0894       4951    35.9635    35.9631    23.0456    23.0493    24.6513    24.6500    128.185    4.05516 0.0000e+00
    130.000    23.0664    23.0686  52.372356  52.375341     2.2787          0     0.2639 1.0000e-12 1.6939e+00 5.9036e-11     0.0361    99.1010       4969    35.9681    35.9686    23.0397    23.0419    24.6566    24.6563    129.179    4.06182 0.0000e+00
