Data/Raw HPLC Argo/lovbio077b/CTD/out_c_151.cnv
* Sea-Bird SBE 9 Data File:
* FileName = C:\OUTPACE_CTD_Classik_DATA\out_c_151.hex
* Software Version Seasave V 7.23.1
* Temperature SN = 0970
* Conductivity SN = 0606
* Number of Bytes Per Scan = 40
* Number of Voltage Words = 5
* Number of Scans Averaged by the Deck Unit = 1
* NMEA Latitude = 18 10.47 S
* NMEA Longitude = 170 44.31 W
* NMEA UTC (Time) = Mar 20 2015  14:16:13
* NMEA baud rate = 4800
# nquan = 23
# nvalues = 4074                        
# units = specified
# name 0 = prDM: Pressure, Digiquartz [db]
# name 1 = t090C: Temperature [ITS-90, deg C]
# name 2 = t190C: Temperature, 2 [ITS-90, deg C]
# name 3 = c0mS/cm: Conductivity [mS/cm]
# name 4 = c1mS/cm: Conductivity, 2 [mS/cm]
# name 5 = sbeox0V: Oxygen raw, SBE 43 [V]
# name 6 = modError: Modulo Error Count
# name 7 = flC: Fluorescence, Chelsea Aqua 3 Chl Con [ug/l]
# name 8 = par: PAR/Irradiance, Biospherical/Licor
# name 9 = spar: SPAR/Surface Irradiance
# name 10 = cpar: CPAR/Corrected Irradiance [%]
# name 11 = CStarAt0: Beam Attenuation, WET Labs C-Star [1/m]
# name 12 = CStarTr0: Beam Transmission, WET Labs C-Star [%]
# name 13 = scan: Scan Count
# name 14 = sal00: Salinity, Practical [PSU]
# name 15 = sal11: Salinity, Practical, 2 [PSU]
# name 16 = potemp090C: Potential Temperature [ITS-90, deg C]
# name 17 = potemp190C: Potential Temperature, 2 [ITS-90, deg C]
# name 18 = sigma-é00: Density [sigma-theta, kg/m^3]
# name 19 = sigma-é11: Density, 2 [sigma-theta, kg/m^3]
# name 20 = depSM: Depth [salt water, m], lat = -18.1745
# name 21 = sbeox0ML/L: Oxygen, SBE 43 [ml/l], WS = 2
# name 22 = flag: flag
# span 0 =      6.000,   2043.000       
# span 1 =     2.2428,    29.9274       
# span 2 =     2.2436,    29.9291       
# span 3 =  31.569525,  58.382537       
# span 4 =  31.570526,  58.382295       
# span 5 =     1.1908,     2.7303       
# span 6 =          0,          0       
# span 7 =    -0.0160,     0.3245       
# span 8 = -1.894e-04, 1.8691e-01       
# span 9 = 1.6939e+00, 1.6939e+00       
# span 10 = -1.118e-02, 1.1034e+01      
# span 11 =    -0.0126,     0.4249      
# span 12 =    89.9224,   100.3166      
# span 13 =       -148,     133921      
# span 14 =    34.3672,    35.8183      
# span 15 =    34.3603,    35.8176      
# span 16 =     2.0990,    29.9217      
# span 17 =     2.0999,    29.9234      
# span 18 =    21.7961,    27.6671      
# span 19 =    21.7944,    27.6670      
# span 20 =      5.964,   2020.866      
# span 21 =    3.13804,    4.69810      
# span 22 = 0.0000e+00, 0.0000e+00      
# interval = decibars: 1                
# start_time = Mar 20 2015 14:16:13 [NMEA time, header]
# bad_flag = -9.990e-29
*END*
[from data line 1701]
   1707.000     2.5014     2.5026  31.643361  31.644046     1.2288          0     0.0046 1.7304e-03 1.6939e+00 1.0215e-01    -0.0122   100.3053      44527    34.6054    34.6049     2.3824     2.3836    27.6243    27.6238   1689.840    3.16576 0.0000e+00
   1708.000     2.5005     2.5018  31.643122  31.643913     1.2288          0     0.0128 1.0946e-03 1.6939e+00 6.4617e-02    -0.0119   100.2991      44545    34.6055    34.6051     2.3814     2.3827    27.6245    27.6240   1690.826    3.17149 0.0000e+00
   1709.000     2.5000     2.5011  31.642953  31.643690     1.2292          0     0.0137 2.3976e-03 1.6939e+00 1.4154e-01    -0.0121   100.3040      44561    34.6054    34.6050     2.3808     2.3820    27.6244    27.6241   1691.811    3.16910 0.0000e+00
   1710.000     2.4986     2.4999  31.642146  31.642857     1.2291          0     0.0137 1.4595e-03 1.6939e+00 8.6163e-02    -0.0118   100.2964      44577    34.6054    34.6049     2.3794     2.3806    27.6246    27.6241   1692.798    3.16103 0.0000e+00
   1711.000     2.4972     2.4986  31.641332  31.642185     1.2287          0     0.0137 3.0023e-04 1.6939e+00 1.7724e-02    -0.0118   100.2945      44593    34.6054    34.6049     2.3779     2.3793    27.6247    27.6242   1693.783    3.16577 0.0000e+00
   1712.000     2.4964     2.4976  31.641150  31.642005     1.2289          0     0.0197 1.0422e-03 1.6939e+00 6.1527e-02    -0.0121   100.3033      44612    34.6055    34.6053     2.3770     2.3782    27.6249    27.6246   1694.769    3.17173 0.0000e+00
   1713.000     2.4959     2.4973  31.641420  31.642070     1.2288          0     0.0205 6.7623e-04 1.6939e+00 3.9922e-02    -0.0118   100.2956      44640    34.6058    34.6051     2.3765     2.3779    27.6252    27.6245   1695.755    3.16701 0.0000e+00
   1714.000     2.4948     2.4961  31.640757  31.641528     1.2287          0     0.0142 6.2477e-04 1.6939e+00 3.6884e-02    -0.0118   100.2954      44674    34.6057    34.6052     2.3753     2.3766    27.6252    27.6247   1696.741    3.16369 0.0000e+00
   1715.000     2.4960     2.4963  31.642117  31.642069     1.2287          0     0.0131 2.3469e-03 1.6939e+00 1.3855e-01    -0.0117   100.2940      44732    34.6056    34.6052     2.3764     2.3767    27.6250    27.6246   1697.727    3.17208 0.0000e+00
   1716.000     2.4919     2.4932  31.639090  31.639905     1.2285          0     0.0081 1.8842e-03 1.6939e+00 1.1123e-01    -0.0119   100.2984      44767    34.6058    34.6054     2.3722     2.3736    27.6255    27.6251   1698.713    3.16406 0.0000e+00
   1717.000     2.4919     2.4932  31.639489  31.640330     1.2285          0     0.0063 3.4934e-03 1.6939e+00 2.0623e-01    -0.0117   100.2929      44785    34.6057    34.6054     2.3722     2.3734    27.6255    27.6251   1699.699    3.17089 0.0000e+00
   1718.000     2.4919     2.4930  31.639832  31.640664     1.2285          0     0.0043 2.8527e-03 1.6939e+00 1.6841e-01    -0.0117   100.2916      44801    34.6057    34.6056     2.3721     2.3732    27.6255    27.6252   1700.685    3.17157 0.0000e+00
   1719.000     2.4913     2.4926  31.639839  31.640697     1.2290          0     0.0053 1.7755e-03 1.6939e+00 1.0482e-01    -0.0116   100.2915      44816    34.6058    34.6055     2.3715     2.3727    27.6256    27.6252   1701.671    3.17239 0.0000e+00
   1720.000     2.4909     2.4923  31.639976  31.640756     1.2286          0     0.0073 2.4386e-03 1.6939e+00 1.4396e-01    -0.0117   100.2933      44832    34.6059    34.6054     2.3709     2.3723    27.6257    27.6252   1702.657    3.17378 0.0000e+00
   1721.000     2.4907     2.4921  31.640188  31.640955     1.2290          0     0.0099 1.0200e-03 1.6939e+00 6.0216e-02    -0.0118   100.2945      44848    34.6059    34.6054     2.3706     2.3720    27.6258    27.6252   1703.643    3.17655 0.0000e+00
   1722.000     2.4896     2.4909  31.639238  31.639882     1.2288          0     0.0069 1.3577e-03 1.6939e+00 8.0154e-02    -0.0119   100.2980      44864    34.6054    34.6048     2.3695     2.3708    27.6254    27.6248   1704.629    3.17086 0.0000e+00
   1723.000     2.4877     2.4891  31.638350  31.639093     1.2288          0     0.0004 1.6395e-03 1.6939e+00 9.6787e-02    -0.0119   100.2972      44882    34.6058    34.6053     2.3676     2.3689    27.6259    27.6254   1705.615    3.17231 0.0000e+00
   1724.000     2.4869     2.4882  31.638198  31.638880     1.2287          0     0.0039 2.1423e-03 1.6939e+00 1.2647e-01    -0.0117   100.2925      44900    34.6060    34.6055     2.3667     2.3679    27.6262    27.6256   1706.600    3.17652 0.0000e+00
   1725.000     2.4862     2.4875  31.638113  31.638843     1.2291          0     0.0081 2.2262e-03 1.6939e+00 1.3142e-01    -0.0117   100.2934      44921    34.6062    34.6056     2.3659     2.3672    27.6264    27.6258   1707.586    3.17653 0.0000e+00
   1726.000     2.4856     2.4869  31.638084  31.638913     1.2289          0     0.0075 3.4392e-03 1.6939e+00 2.0304e-01    -0.0118   100.2949      44945    34.6063    34.6059     2.3652     2.3665    27.6265    27.6260   1708.572    3.17180 0.0000e+00
   1727.000     2.4848     2.4864  31.638061  31.638858     1.2286          0     0.0065 2.5118e-03 1.6939e+00 1.4828e-01    -0.0120   100.3013      44975    34.6066    34.6059     2.3643     2.3659    27.6268    27.6261   1709.558    3.17100 0.0000e+00
   1728.000     2.4845     2.4859  31.638120  31.638923     1.2285          0     0.0110 2.6799e-03 1.6939e+00 1.5821e-01    -0.0117   100.2928      45011    34.6064    34.6059     2.3640     2.3654    27.6267    27.6262   1710.544    3.17353 0.0000e+00
   1729.000     2.4843     2.4857  31.638420  31.639207     1.2283          0     0.0190 2.5412e-03 1.6939e+00 1.5002e-01    -0.0120   100.3015      45047    34.6066    34.6060     2.3637     2.3651    27.6269    27.6263   1711.530    3.17218 0.0000e+00
   1730.000     2.4844     2.4858  31.638955  31.639803     1.2283          0     0.0185 3.4294e-03 1.6939e+00 2.0246e-01    -0.0120   100.2992      45081    34.6066    34.6061     2.3637     2.3651    27.6269    27.6264   1712.516    3.17284 0.0000e+00
   1731.000     2.4845     2.4858  31.639429  31.640186     1.2281          0     0.0190 4.3242e-03 1.6939e+00 2.5528e-01    -0.0118   100.2945      45111    34.6066    34.6061     2.3637     2.3650    27.6269    27.6264   1713.502    3.17058 0.0000e+00
   1732.000     2.4814     2.4828  31.637114  31.637787     1.2279          0     0.0103 2.6181e-03 1.6939e+00 1.5456e-01    -0.0118   100.2958      45136    34.6065    34.6059     2.3606     2.3620    27.6271    27.6264   1714.487    3.17143 0.0000e+00
   1733.000     2.4792     2.4806  31.635871  31.636663     1.2280          0     0.0047 1.7547e-03 1.6939e+00 1.0359e-01    -0.0118   100.2957      45156    34.6069    34.6063     2.3583     2.3597    27.6276    27.6270   1715.473    3.17642 0.0000e+00
   1734.000     2.4794     2.4805  31.636482  31.637118     1.2279          0     0.0085 1.5215e-03 1.6939e+00 8.9826e-02    -0.0117   100.2913      45173    34.6069    34.6065     2.3584     2.3595    27.6276    27.6272   1716.459    3.17332 0.0000e+00
   1735.000     2.4788     2.4800  31.636276  31.637042     1.2279          0     0.0075 8.7827e-04 1.6939e+00 5.1850e-02    -0.0116   100.2915      45190    34.6068    34.6065     2.3578     2.3589    27.6275    27.6272   1717.445    3.17045 0.0000e+00
   1736.000     2.4767     2.4783  31.634776  31.635441     1.2276          0     0.0000 8.1369e-04 1.6939e+00 4.8036e-02    -0.0117   100.2933      45205    34.6067    34.6059     2.3556     2.3572    27.6277    27.6269   1718.431    3.16775 0.0000e+00
   1737.000     2.4762     2.4775  31.635140  31.636094     1.2274          0     0.0041 7.0521e-04 1.6939e+00 4.1632e-02    -0.0116   100.2897      45221    34.6072    34.6070     2.3551     2.3563    27.6281    27.6278   1719.417    3.17030 0.0000e+00
   1738.000     2.4769     2.4782  31.636486  31.637282     1.2273          0     0.0071 1.3380e-03 1.6939e+00 7.8989e-02    -0.0121   100.3022      45238    34.6077    34.6072     2.3556     2.3569    27.6284    27.6279   1720.402    3.16847 0.0000e+00
   1739.000     2.4779     2.4790  31.637825  31.638591     1.2270          0     0.0071 1.3447e-03 1.6939e+00 7.9383e-02    -0.0121   100.3035      45260    34.6077    34.6075     2.3565     2.3576    27.6283    27.6281   1721.388    3.16575 0.0000e+00
   1740.000     2.4784     2.4797  31.638750  31.639602     1.2267          0     0.0082 1.9039e-03 1.6939e+00 1.1240e-01    -0.0120   100.2993      45292    34.6078    34.6075     2.3569     2.3582    27.6284    27.6280   1722.374    3.16812 0.0000e+00
   1741.000     2.4776     2.4790  31.638564  31.639384     1.2261          0     0.0083 3.1980e-03 1.6939e+00 1.8880e-01    -0.0121   100.3041      45321    34.6079    34.6074     2.3561     2.3574    27.6285    27.6281   1723.360    3.15692 0.0000e+00
   1742.000     2.4768     2.4783  31.638538  31.639438     1.2254          0     0.0150 1.1863e-03 1.6939e+00 7.0035e-02    -0.0119   100.2973      45346    34.6082    34.6077     2.3552     2.3567    27.6289    27.6284   1724.346    3.16481 0.0000e+00
   1743.000     2.4775     2.4788  31.639724  31.640479     1.2254          0     0.0067 3.1618e-03 1.6939e+00 1.8666e-01    -0.0119   100.2969      45372    34.6085    34.6080     2.3558     2.3570    27.6290    27.6286   1725.331    3.16390 0.0000e+00
   1744.000     2.4775     2.4789  31.640204  31.641073     1.2255          0     0.0099 3.2552e-03 1.6939e+00 1.9217e-01    -0.0118   100.2956      45396    34.6085    34.6081     2.3557     2.3571    27.6291    27.6287   1726.317    3.16886 0.0000e+00
   1745.000     2.4768     2.4781  31.639886  31.640736     1.2252          0     0.0095 2.3372e-03 1.6939e+00 1.3798e-01    -0.0119   100.2979      45419    34.6083    34.6080     2.3550     2.3562    27.6290    27.6286   1727.303    3.16061 0.0000e+00
   1746.000     2.4758     2.4771  31.639598  31.640488     1.2245          0     0.0102 2.5891e-03 1.6939e+00 1.5285e-01    -0.0118   100.2961      45449    34.6086    34.6083     2.3539     2.3552    27.6293    27.6289   1728.289    3.15799 0.0000e+00
   1747.000     2.4761     2.4772  31.640100  31.640664     1.2240          0     0.0119 1.1518e-03 1.6939e+00 6.7997e-02    -0.0121   100.3025      45498    34.6084    34.6079     2.3540     2.3552    27.6291    27.6286   1729.275    3.15591 0.0000e+00
   1748.000     2.4753     2.4765  31.640018  31.640821     1.2235          0     0.0079 5.0321e-04 1.6939e+00 2.9707e-02    -0.0118   100.2941      45521    34.6086    34.6083     2.3532     2.3544    27.6294    27.6290   1730.260    3.15822 0.0000e+00
   1749.000     2.4748     2.4762  31.640011  31.640878     1.2236          0     0.0035 2.0717e-03 1.6939e+00 1.2230e-01    -0.0118   100.2964      45538    34.6086    34.6082     2.3527     2.3540    27.6294    27.6290   1731.246    3.16127 0.0000e+00
   1750.000     2.4737     2.4751  31.639399  31.640088     1.2235          0    -0.0001 2.5431e-03 1.6939e+00 1.5014e-01    -0.0118   100.2951      45553    34.6086    34.6079     2.3515     2.3529    27.6295    27.6288   1732.232    3.15904 0.0000e+00
   1751.000     2.4712     2.4727  31.637483  31.638180     1.2232          0    -0.0010 9.0114e-04 1.6939e+00 5.3200e-02    -0.0118   100.2951      45568    34.6084    34.6077     2.3489     2.3504    27.6296    27.6288   1733.218    3.15938 0.0000e+00
   1752.000     2.4692     2.4705  31.636541  31.637364     1.2233          0    -0.0007 6.7237e-04 1.6939e+00 3.9694e-02    -0.0118   100.2948      45583    34.6089    34.6085     2.3469     2.3482    27.6301    27.6297   1734.203    3.16026 0.0000e+00
   1753.000     2.4682     2.4695  31.636171  31.636966     1.2231          0     0.0017 4.8111e-04 1.6939e+00 2.8403e-02    -0.0118   100.2961      45603    34.6090    34.6086     2.3458     2.3471    27.6303    27.6299   1735.189    3.16138 0.0000e+00
   1754.000     2.4668     2.4681  31.635472  31.636204     1.2233          0     0.0047 2.3971e-04 1.6939e+00 1.4151e-02    -0.0120   100.2993      45633    34.6092    34.6086     2.3443     2.3456    27.6305    27.6300   1736.175    3.16250 0.0000e+00
   1755.000     2.4654     2.4668  31.634696  31.635545     1.2229          0     0.0057 6.7711e-05 1.6939e+00 3.9974e-03    -0.0121   100.3031      45658    34.6092    34.6088     2.3429     2.3442    27.6307    27.6302   1737.161    3.15836 0.0000e+00
   1756.000     2.4640     2.4654  31.634056  31.634816     1.2229          0     0.0080 2.8759e-04 1.6939e+00 1.6978e-02    -0.0121   100.3044      45678    34.6095    34.6089     2.3414     2.3428    27.6310    27.6304   1738.146    3.15961 0.0000e+00
   1757.000     2.4626     2.4640  31.633458  31.634127     1.2227          0     0.0114 5.4996e-04 1.6939e+00 3.2466e-02    -0.0121   100.3042      45699    34.6096    34.6090     2.3399     2.3413    27.6313    27.6306   1739.132    3.15881 0.0000e+00
   1758.000     2.4605     2.4620  31.632234  31.633019     1.2224          0     0.0156 9.8829e-04 1.6939e+00 5.8345e-02    -0.0121   100.3027      45729    34.6099    34.6093     2.3378     2.3392    27.6317    27.6311   1740.118    3.15983 0.0000e+00
   1759.000     2.4597     2.4611  31.632012  31.632827     1.2224          0     0.0120 1.3442e-03 1.6939e+00 7.9355e-02    -0.0121   100.3026      45762    34.6100    34.6095     2.3369     2.3383    27.6318    27.6313   1741.104    3.16139 0.0000e+00
   1760.000     2.4589     2.4603  31.631730  31.632617     1.2223          0     0.0052 1.6011e-03 1.6939e+00 9.4525e-02    -0.0120   100.3002      45787    34.6100    34.6097     2.3361     2.3374    27.6319    27.6315   1742.089    3.16116 0.0000e+00
   1761.000     2.4584     2.4596  31.631781  31.632551     1.2222          0     0.0050 5.4761e-04 1.6939e+00 3.2328e-02    -0.0123   100.3077      45809    34.6101    34.6097     2.3354     2.3367    27.6321    27.6316   1743.075    3.15588 0.0000e+00
   1762.000     2.4579     2.4592  31.631790  31.632718     1.2218          0     0.0145 3.9113e-04 1.6939e+00 2.3091e-02    -0.0117   100.2933      45832    34.6101    34.6099     2.3349     2.3362    27.6321    27.6318   1744.061    3.15780 0.0000e+00
   1763.000     2.4571     2.4585  31.631694  31.632543     1.2217          0     0.0162 4.9971e-04 1.6939e+00 2.9500e-02    -0.0122   100.3061      45859    34.6104    34.6099     2.3340     2.3354    27.6324    27.6319   1745.047    3.15593 0.0000e+00
   1764.000     2.4558     2.4571  31.631164  31.631895     1.2211          0     0.0179 -1.593e-05 1.6939e+00 -9.404e-04    -0.0121   100.3035      45885    34.6106    34.6101     2.3327     2.3339    27.6327    27.6322   1746.032    3.15405 0.0000e+00
   1765.000     2.4554     2.4567  31.631183  31.632038     1.2213          0     0.0120 6.0635e-05 1.6939e+00 3.5797e-03    -0.0121   100.3030      45906    34.6106    34.6103     2.3322     2.3334    27.6327    27.6324   1747.018    3.16259 0.0000e+00
   1766.000     2.4553     2.4566  31.631577  31.632504     1.2212          0     0.0096 7.1809e-04 1.6939e+00 4.2394e-02    -0.0119   100.2987      45924    34.6106    34.6104     2.3320     2.3333    27.6327    27.6325   1748.004    3.15477 0.0000e+00
   1767.000     2.4551     2.4564  31.631741  31.632528     1.2209          0     0.0148 4.3960e-04 1.6939e+00 2.5952e-02    -0.0123   100.3086      45944    34.6106    34.6102     2.3317     2.3330    27.6328    27.6323   1748.989    3.15457 0.0000e+00
   1768.000     2.4538     2.4551  31.631047  31.631855     1.2206          0     0.0084 4.0340e-05 1.6939e+00 2.3815e-03    -0.0120   100.3001      45969    34.6107    34.6102     2.3303     2.3316    27.6329    27.6324   1749.975    3.15486 0.0000e+00
