Data/Raw HPLC Argo/lovbio077b/CTD/out_c_151.cnv
* Sea-Bird SBE 9 Data File:
* FileName = C:\OUTPACE_CTD_Classik_DATA\out_c_151.hex
* Software Version Seasave V 7.23.1
* Temperature SN = 0970
* Conductivity SN = 0606
* Number of Bytes Per Scan = 40
* Number of Voltage Words = 5
* Number of Scans Averaged by the Deck Unit = 1
* NMEA Latitude = 18 10.47 S
* NMEA Longitude = 170 44.31 W
* NMEA UTC (Time) = Mar 20 2015  14:16:13
* NMEA baud rate = 4800
# nquan = 23
# nvalues = 4074                        
# units = specified
# name 0 = prDM: Pressure, Digiquartz [db]
# name 1 = t090C: Temperature [ITS-90, deg C]
# name 2 = t190C: Temperature, 2 [ITS-90, deg C]
# name 3 = c0mS/cm: Conductivity [mS/cm]
# name 4 = c1mS/cm: Conductivity, 2 [mS/cm]
# name 5 = sbeox0V: Oxygen raw, SBE 43 [V]
# name 6 = modError: Modulo Error Count
# name 7 = flC: Fluorescence, Chelsea Aqua 3 Chl Con [ug/l]
# name 8 = par: PAR/Irradiance, Biospherical/Licor
# name 9 = spar: SPAR/Surface Irradiance
# name 10 = cpar: CPAR/Corrected Irradiance [%]
# name 11 = CStarAt0: Beam Attenuation, WET Labs C-Star [1/m]
# name 12 = CStarTr0: Beam Transmission, WET Labs C-Star [%]
# name 13 = scan: Scan Count
# name 14 = sal00: Salinity, Practical [PSU]
# name 15 = sal11: Salinity, Practical, 2 [PSU]
# name 16 = potemp090C: Potential Temperature [ITS-90, deg C]
# name 17 = potemp190C: Potential Temperature, 2 [ITS-90, deg C]
# name 18 = sigma-é00: Density [sigma-theta, kg/m^3]
# name 19 = sigma-é11: Density, 2 [sigma-theta, kg/m^3]
# name 20 = depSM: Depth [salt water, m], lat = -18.1745
# name 21 = sbeox0ML/L: Oxygen, SBE 43 [ml/l], WS = 2
# name 22 = flag: flag
# span 0 =      6.000,   2043.000       
# span 1 =     2.2428,    29.9274       
# span 2 =     2.2436,    29.9291       
# span 3 =  31.569525,  58.382537       
# span 4 =  31.570526,  58.382295       
# span 5 =     1.1908,     2.7303       
# span 6 =          0,          0       
# span 7 =    -0.0160,     0.3245       
# span 8 = -1.894e-04, 1.8691e-01       
# span 9 = 1.6939e+00, 1.6939e+00       
# span 10 = -1.118e-02, 1.1034e+01      
# span 11 =    -0.0126,     0.4249      
# span 12 =    89.9224,   100.3166      
# span 13 =       -148,     133921      
# span 14 =    34.3672,    35.8183      
# span 15 =    34.3603,    35.8176      
# span 16 =     2.0990,    29.9217      
# span 17 =     2.0999,    29.9234      
# span 18 =    21.7961,    27.6671      
# span 19 =    21.7944,    27.6670      
# span 20 =      5.964,   2020.866      
# span 21 =    3.13804,    4.69810      
# span 22 = 0.0000e+00, 0.0000e+00      
# interval = decibars: 1                
# start_time = Mar 20 2015 14:16:13 [NMEA time, header]
# bad_flag = -9.990e-29
*END*
[from data line 2331]
   1749.000     2.4614     2.4627  31.629146  31.630135     1.2239          0     0.0148 2.4856e-03 1.6939e+00 1.4674e-01    -0.0121   100.3038      62181    34.6097    34.6096     2.3394     2.3406    27.6314    27.6312   1731.246    3.17168 0.0000e+00
   1748.000     2.4614     2.4625  31.628841  31.629662     1.2241          0     0.0142 1.5876e-03 1.6939e+00 9.3725e-02    -0.0122   100.3059      62202    34.6098    34.6096     2.3395     2.3406    27.6315    27.6312   1730.260    3.16383 0.0000e+00
   1747.000     2.4616     2.4626  31.628578  31.629310     1.2240          0     0.0136 1.6127e-03 1.6939e+00 9.5205e-02    -0.0120   100.2994      62225    34.6098    34.6096     2.3398     2.3408    27.6314    27.6312   1729.275    3.17123 0.0000e+00
   1746.000     2.4620     2.4629  31.628452  31.629331     1.2245          0     0.0128 1.4293e-03 1.6939e+00 8.4381e-02    -0.0124   100.3124      62246    34.6097    34.6098     2.3403     2.3412    27.6313    27.6313   1728.289    3.16758 0.0000e+00
   1745.000     2.4633     2.4639  31.628998  31.629759     1.2243          0     0.0099 2.5682e-03 1.6939e+00 1.5162e-01    -0.0125   100.3132      62263    34.6095    34.6097     2.3416     2.3422    27.6311    27.6311   1727.303    3.16371 0.0000e+00
   1744.000     2.4651     2.4656  31.629962  31.630828     1.2244          0     0.0051 1.0261e-03 1.6939e+00 6.0577e-02    -0.0126   100.3147      62280    34.6092    34.6097     2.3435     2.3440    27.6307    27.6310   1726.317    3.16996 0.0000e+00
   1743.000     2.4659     2.4671  31.630343  31.631404     1.2248          0     0.0051 1.2165e-03 1.6939e+00 7.1817e-02    -0.0123   100.3090      62296    34.6093    34.6093     2.3444     2.3455    27.6307    27.6306   1725.331    3.16893 0.0000e+00
   1742.000     2.4664     2.4671  31.630058  31.630619     1.2247          0     0.0087 1.0086e-03 1.6939e+00 5.9541e-02    -0.0123   100.3087      62318    34.6090    34.6089     2.3449     2.3456    27.6303    27.6303   1724.346    3.16457 0.0000e+00
   1741.000     2.4644     2.4658  31.628135  31.629232     1.2245          0     0.0133 1.1984e-03 1.6939e+00 7.0748e-02    -0.0123   100.3079      62362    34.6093    34.6090     2.3430     2.3445    27.6308    27.6304   1723.360    3.16091 0.0000e+00
   1740.000     2.4629     2.4646  31.626473  31.628045     1.2245          0     0.0127 3.2945e-04 1.6939e+00 1.9449e-02    -0.0122   100.3059      62447    34.6093    34.6094     2.3416     2.3433    27.6309    27.6308   1722.374    3.16507 0.0000e+00
   1739.000     2.4649     2.4678  31.627843  31.630052     1.2249          0     0.0144 6.4068e-04 1.6939e+00 3.7823e-02    -0.0122   100.3052      62563    34.6093    34.6090     2.3437     2.3465    27.6307    27.6302   1721.388    3.16476 0.0000e+00
   1738.000     2.4686     2.4700  31.630369  31.631426     1.2251          0     0.0149 1.5701e-03 1.6939e+00 9.2690e-02    -0.0123   100.3069      63059    34.6089    34.6088     2.3474     2.3488    27.6301    27.6299   1720.402    3.16642 0.0000e+00
   1737.000     2.4704     2.4705  31.631283  31.631763     1.2256          0     0.0164 1.6939e-03 1.6939e+00 1.0000e-01    -0.0119   100.2975      65542    34.6087    34.6091     2.3493     2.3494    27.6297    27.6301   1719.417    3.16784 0.0000e+00
   1736.000     2.4712     2.4727  31.631960  31.633386     1.2259          0     0.0192 1.4553e-03 1.6939e+00 8.5915e-02    -0.0117   100.2917      65529    34.6091    34.6093     2.3502     2.3516    27.6300    27.6300   1718.431    3.17051 0.0000e+00
   1735.000     2.4737     2.4756  31.633412  31.635354     1.2261          0     0.0178 9.6472e-04 1.6939e+00 5.6953e-02    -0.0117   100.2915      65543    34.6088    34.6091     2.3527     2.3546    27.6296    27.6297   1717.445    3.17010 0.0000e+00
   1734.000     2.4759     2.4783  31.634541  31.636636     1.2261          0     0.0132 1.4628e-03 1.6939e+00 8.6357e-02    -0.0121   100.3038      65561    34.6083    34.6083     2.3550     2.3574    27.6290    27.6287   1716.459    3.16194 0.0000e+00
   1733.000     2.4733     2.4748  31.632120  31.633286     1.2261          0     0.0129 1.4143e-03 1.6939e+00 8.3492e-02    -0.0120   100.2998      65637    34.6086    34.6084     2.3525     2.3540    27.6294    27.6291   1715.473    3.16661 0.0000e+00
   1732.000     2.4735     2.4736  31.631979  31.632063     1.2265          0     0.0185 4.7508e-04 1.6939e+00 2.8046e-02    -0.0119   100.2986      65712    34.6087    34.6087     2.3528     2.3528    27.6295    27.6295   1714.487    3.17156 0.0000e+00
   1731.000     2.4742     2.4750  31.631959  31.633071     1.2268          0     0.0163 2.1524e-03 1.6939e+00 1.2707e-01    -0.0118   100.2935      65735    34.6084    34.6089     2.3536     2.3544    27.6292    27.6295   1713.502    3.17129 0.0000e+00
   1730.000     2.4764     2.4784  31.633663  31.635483     1.2268          0     0.0180 6.2083e-04 1.6939e+00 3.6651e-02    -0.0119   100.2995      65755    34.6087    34.6087     2.3558     2.3578    27.6292    27.6291   1712.516    3.17318 0.0000e+00
   1729.000     2.4785     2.4800  31.634335  31.635640     1.2273          0     0.0201 1.0201e-03 1.6939e+00 6.0223e-02    -0.0118   100.2955      65774    34.6078    34.6078     2.3579     2.3594    27.6283    27.6282   1711.530    3.17632 0.0000e+00
   1728.000     2.4790     2.4803  31.634194  31.635067     1.2272          0     0.0176 2.4574e-03 1.6939e+00 1.4507e-01    -0.0120   100.3017      65794    34.6076    34.6072     2.3585     2.3598    27.6281    27.6277   1710.544    3.17237 0.0000e+00
   1727.000     2.4787     2.4801  31.633415  31.634543     1.2277          0     0.0078 4.3717e-03 1.6939e+00 2.5808e-01    -0.0119   100.2965      65819    34.6075    34.6073     2.3583     2.3597    27.6280    27.6278   1709.558    3.17456 0.0000e+00
   1726.000     2.4785     2.4800  31.632836  31.633927     1.2276          0     0.0038 2.0671e-03 1.6939e+00 1.2203e-01    -0.0119   100.2983      65847    34.6074    34.6072     2.3582     2.3597    27.6280    27.6277   1708.572    3.17073 0.0000e+00
   1725.000     2.4782     2.4795  31.632200  31.633119     1.2281          0     0.0126 2.5413e-03 1.6939e+00 1.5003e-01    -0.0119   100.2984      65881    34.6074    34.6072     2.3580     2.3593    27.6280    27.6277   1707.586    3.17541 0.0000e+00
   1724.000     2.4783     2.4792  31.631956  31.632708     1.2283          0     0.0126 3.2859e-03 1.6939e+00 1.9399e-01    -0.0119   100.2968      65951    34.6075    34.6075     2.3582     2.3591    27.6281    27.6280   1706.600    3.17373 0.0000e+00
   1723.000     2.4836     2.4820  31.635256  31.634252     1.2292          0     0.0194 1.6445e-03 1.6939e+00 9.7083e-02    -0.0123   100.3083      66077    34.6065    34.6069     2.3635     2.3619    27.6268    27.6273   1705.614    3.18245 0.0000e+00
   1722.000     2.4815     2.4816  31.633644  31.634088     1.2295          0     0.0179 1.9635e-03 1.6939e+00 1.1592e-01    -0.0122   100.3046      66099    34.6072    34.6077     2.3615     2.3616    27.6276    27.6279   1704.629    3.17943 0.0000e+00
   1721.000     2.4838     2.4858  31.635091  31.636668     1.2296          0     0.0127 3.2115e-03 1.6939e+00 1.8960e-01    -0.0119   100.2979      66123    34.6070    34.6068     2.3639     2.3658    27.6272    27.6269   1703.643    3.17731 0.0000e+00
   1720.000     2.4848     2.4863  31.635373  31.636637     1.2296          0     0.0163 3.2153e-03 1.6939e+00 1.8982e-01    -0.0120   100.2993      66146    34.6068    34.6067     2.3650     2.3664    27.6269    27.6267   1702.657    3.17359 0.0000e+00
   1719.000     2.4836     2.4852  31.633959  31.635153     1.2297          0     0.0103 2.7261e-03 1.6939e+00 1.6093e-01    -0.0120   100.3015      66204    34.6069    34.6067     2.3638     2.3654    27.6271    27.6268   1701.671    3.17780 0.0000e+00
   1718.000     2.4842     2.4850  31.633977  31.634807     1.2299          0     0.0137 1.5221e-03 1.6939e+00 8.9859e-02    -0.0120   100.2998      66276    34.6067    34.6069     2.3645     2.3653    27.6269    27.6270   1700.685    3.17570 0.0000e+00
   1717.000     2.4845     2.4856  31.633877  31.634898     1.2299          0     0.0186 8.5914e-04 1.6939e+00 5.0721e-02    -0.0118   100.2962      66301    34.6068    34.6068     2.3649     2.3660    27.6270    27.6269   1699.699    3.17794 0.0000e+00
   1716.000     2.4856     2.4873  31.634253  31.635789     1.2299          0     0.0146 2.2726e-03 1.6939e+00 1.3416e-01    -0.0119   100.2972      66329    34.6066    34.6066     2.3660     2.3678    27.6267    27.6265   1698.713    3.17166 0.0000e+00
   1715.000     2.4859     2.4871  31.634071  31.634962     1.2300          0     0.0140 1.8525e-03 1.6939e+00 1.0936e-01    -0.0118   100.2940      66387    34.6065    34.6064     2.3664     2.3676    27.6266    27.6264   1697.727    3.17666 0.0000e+00
   1714.000     2.4872     2.4876  31.634561  31.634991     1.2300          0     0.0162 5.3310e-04 1.6939e+00 3.1472e-02    -0.0122   100.3048      66493    34.6063    34.6063     2.3677     2.3682    27.6263    27.6263   1696.741    3.17781 0.0000e+00
   1713.000     2.4872     2.4879  31.634377  31.635054     1.2302          0     0.0131 1.0589e-03 1.6939e+00 6.2515e-02    -0.0120   100.2994      66541    34.6066    34.6067     2.3678     2.3685    27.6265    27.6265   1695.755    3.17810 0.0000e+00
   1712.000     2.4881     2.4899  31.634642  31.636127     1.2307          0     0.0194 1.2198e-03 1.6939e+00 7.2014e-02    -0.0120   100.3004      66582    34.6064    34.6063     2.3688     2.3706    27.6263    27.6261   1694.769    3.17512 0.0000e+00
   1711.000     2.4885     2.4904  31.634778  31.636333     1.2304          0     0.0196 8.0899e-04 1.6939e+00 4.7760e-02    -0.0121   100.3021      66609    34.6067    34.6065     2.3693     2.3712    27.6265    27.6261   1693.783    3.17890 0.0000e+00
   1710.000     2.4903     2.4918  31.635489  31.636837     1.2308          0     0.0162 1.5272e-03 1.6939e+00 9.0159e-02    -0.0123   100.3095      66635    34.6061    34.6061     2.3711     2.3726    27.6259    27.6258   1692.798    3.17808 0.0000e+00
   1709.000     2.4904     2.4919  31.635166  31.636352     1.2309          0     0.0133 7.4207e-04 1.6939e+00 4.3809e-02    -0.0121   100.3035      66666    34.6061    34.6059     2.3714     2.3728    27.6258    27.6256   1691.812    3.17757 0.0000e+00
   1708.000     2.4906     2.4916  31.635114  31.635975     1.2310          0     0.0132 1.6944e-03 1.6939e+00 1.0003e-01    -0.0123   100.3072      66766    34.6063    34.6063     2.3716     2.3726    27.6260    27.6259   1690.826    3.17641 0.0000e+00
   1707.000     2.4912     2.4923  31.634874  31.635798     1.2310          0     0.0176 1.8914e-03 1.6939e+00 1.1166e-01    -0.0121   100.3039      66833    34.6059    34.6058     2.3723     2.3734    27.6256    27.6254   1689.840    3.17455 0.0000e+00
   1706.000     2.4921     2.4930  31.635747  31.636712     1.2309          0     0.0172 1.5264e-03 1.6939e+00 9.0113e-02    -0.0121   100.3012      66868    34.6064    34.6066     2.3733     2.3742    27.6259    27.6260   1688.854    3.17391 0.0000e+00
   1705.000     2.4950     2.4964  31.637694  31.638963     1.2308          0     0.0104 9.6739e-04 1.6939e+00 5.7111e-02    -0.0120   100.2993      66896    34.6063    34.6063     2.3762     2.3776    27.6256    27.6255   1687.868    3.17574 0.0000e+00
   1704.000     2.4935     2.4938  31.635671  31.635813     1.2310          0    -0.0010 2.0324e-03 1.6939e+00 1.1999e-01    -0.0120   100.3007      66959    34.6059    34.6058     2.3748     2.3751    27.6254    27.6252   1686.882    3.17550 0.0000e+00
   1703.000     2.4952     2.4961  31.637000  31.638300     1.2307          0     0.0121 2.4464e-03 1.6939e+00 1.4443e-01    -0.0118   100.2962      66992    34.6062    34.6068     2.3766     2.3775    27.6255    27.6258   1685.896    3.17095 0.0000e+00
   1702.000     2.4985     2.4995  31.639228  31.640405     1.2307          0     0.0198 1.1458e-03 1.6939e+00 6.7642e-02    -0.0122   100.3067      67014    34.6059    34.6062     2.3799     2.3809    27.6250    27.6251   1684.910    3.16858 0.0000e+00
   1701.000     2.4955     2.4970  31.636310  31.637011     1.2309          0     0.0073 4.8530e-04 1.6939e+00 2.8650e-02    -0.0118   100.2945      67088    34.6060    34.6053     2.3771     2.3785    27.6253    27.6246   1683.924    3.17529 0.0000e+00
   1700.000     2.4971     2.4975  31.637386  31.638209     1.2313          0     0.0075 6.0059e-04 1.6939e+00 3.5456e-02    -0.0118   100.2970      67128    34.6062    34.6068     2.3787     2.3791    27.6253    27.6257   1682.938    3.17380 0.0000e+00
   1699.000     2.4994     2.5005  31.638795  31.639771     1.2311          0     0.0059 2.1982e-03 1.6939e+00 1.2977e-01    -0.0118   100.2951      67150    34.6059    34.6059     2.3810     2.3822    27.6249    27.6248   1681.952    3.17209 0.0000e+00
   1698.000     2.4981     2.4996  31.637220  31.638295     1.2313          0     0.0057 3.1696e-04 1.6939e+00 1.8712e-02    -0.0120   100.2993      67190    34.6058    34.6056     2.3799     2.3813    27.6249    27.6246   1680.966    3.17476 0.0000e+00
   1697.000     2.4983     2.4993  31.637092  31.637912     1.2313          0     0.0078 1.0369e-03 1.6939e+00 6.1216e-02    -0.0120   100.3004      67230    34.6060    34.6059     2.3801     2.3812    27.6251    27.6248   1679.980    3.17134 0.0000e+00
   1696.000     2.5004     2.5012  31.638451  31.639224     1.2315          0     0.0128 9.1057e-04 1.6939e+00 5.3755e-02    -0.0120   100.2994      67252    34.6059    34.6061     2.3823     2.3831    27.6248    27.6248   1678.994    3.17552 0.0000e+00
   1695.000     2.5028     2.5034  31.639801  31.640495     1.2314          0     0.0136 7.2959e-04 1.6939e+00 4.3072e-02    -0.0122   100.3047      67275    34.6055    34.6057     2.3848     2.3854    27.6242    27.6243   1678.008    3.17567 0.0000e+00
   1694.000     2.5041     2.5054  31.640509  31.641722     1.2320          0     0.0075 7.6240e-05 1.6939e+00 4.5009e-03    -0.0119   100.2982      67298    34.6055    34.6056     2.3861     2.3874    27.6241    27.6241   1677.022    3.17816 0.0000e+00
   1693.000     2.5052     2.5065  31.641062  31.642057     1.2318          0     0.0054 5.8708e-04 1.6939e+00 3.4658e-02    -0.0122   100.3042      67319    34.6055    34.6053     2.3873     2.3886    27.6240    27.6237   1676.036    3.17171 0.0000e+00
   1692.000     2.5061     2.5070  31.641329  31.641983     1.2318          0     0.0099 2.6336e-03 1.6939e+00 1.5547e-01    -0.0122   100.3053      67343    34.6054    34.6052     2.3883     2.3892    27.6238    27.6236   1675.050    3.17126 0.0000e+00
   1691.000     2.5023     2.5042  31.637738  31.639234     1.2319          0     0.0212 1.4502e-03 1.6939e+00 8.5615e-02    -0.0118   100.2950      67407    34.6055    34.6054     2.3846     2.3865    27.6243    27.6240   1674.064    3.17367 0.0000e+00
   1690.000     2.5043     2.5057  31.639193  31.640279     1.2319          0     0.0187 2.4424e-03 1.6939e+00 1.4419e-01    -0.0120   100.3011      67447    34.6056    34.6055     2.3867     2.3881    27.6242    27.6239   1673.078    3.16897 0.0000e+00
   1689.000     2.5064     2.5077  31.640366  31.641518     1.2317          0     0.0198 2.2786e-03 1.6939e+00 1.3452e-01    -0.0120   100.2999      67470    34.6054    34.6054     2.3888     2.3901    27.6238    27.6237   1672.092    3.16847 0.0000e+00
   1688.000     2.5077     2.5090  31.640914  31.642061     1.2318          0     0.0244 1.2033e-04 1.6939e+00 7.1039e-03    -0.0120   100.2999      67491    34.6052    34.6052     2.3901     2.3914    27.6235    27.6234   1671.105    3.16993 0.0000e+00
