Data/Raw HPLC Argo/lovbio063c/CTD/moose2014_ge_leg1_012.cnv
* Sea-Bird SBE 9 Data File:
* FileName = C:\CTD\Work\raw\moose2014_ge_leg1_012.hdr
* Software Version Seasave V 7.21d
* Temperature SN = 1378
* Conductivity SN = 2929
* Number of Bytes Per Scan = 41
* Number of Voltage Words = 4
* Number of Scans Averaged by the Deck Unit = 1
* NMEA Latitude = 42 06.01 N
* NMEA Longitude = 006 11.97 E
* NMEA UTC (Time) = Jul 07 2014 07:25:27
* NMEA baud rate = 4800
** Ship:
** Station:
** Operator:
# nquan = 21
# nvalues = 5179                        
# units = specified
# name 0 = prDM: Pressure, Digiquartz [db]
# name 1 = t090C: Temperature [ITS-90, deg C]
# name 2 = t190C: Temperature, 2 [ITS-90, deg C]
# name 3 = c0S/m: Conductivity [S/m]
# name 4 = c1S/m: Conductivity, 2 [S/m]
# name 5 = sbeox0V: Oxygen raw, SBE 43 [V]
# name 6 = flC: Fluorescence, Chelsea Aqua 3 Chl Con [ug/l]
# name 7 = CStarTr0: Beam Transmission, WET Labs C-Star [%]
# name 8 = upoly0: Upoly 0, UVP5
# name 9 = upoly1: Upoly 1, RINKOIII_DO
# name 10 = upoly2: Upoly 2, RINKOIII_Temp
# name 11 = altM: Altimeter [m]
# name 12 = potemp090C: Potential Temperature [ITS-90, deg C]
# name 13 = sal00: Salinity, Practical [PSU]
# name 14 = sigma-é00: Density [sigma-theta, Kg/m^3]
# name 15 = potemp190C: Potential Temperature, 2 [ITS-90, deg C]
# name 16 = sal11: Salinity, Practical, 2 [PSU]
# name 17 = sigma-é11: Density, 2 [sigma-theta, Kg/m^3]
# name 18 = sbeox0ML/L: Oxygen, SBE 43 [ml/l], WS = 2
# name 19 = sbeox0Mm/Kg: Oxygen, SBE 43 [umol/Kg], WS = 2
# name 20 = flag: flag
# span 0 =      1.000,   2590.000       
# span 1 =    13.1005,    22.4271       
# span 2 =    13.1000,    22.4064       
# span 3 =   4.476273,   5.454071       
# span 4 =   4.475833,   5.451494       
# span 5 =     0.0765,     3.8049       
# span 6 =    -0.0161,     0.6191       
# span 7 =    82.1888,    89.2206       
# span 8 =  1.0000000,  1.0000000       
# span 9 =  1.3557615,  1.7886074       
# span 10 =  13.091141,  22.345467      
# span 11 =      -0.01,      48.95      
# span 12 =    12.9028,    22.4269      
# span 13 =    38.1785,    38.5873      
# span 14 =    26.5697,    29.1191      
# span 15 =    12.9021,    22.4062      
# span 16 =    38.2019,    38.5839      
# span 17 =    26.5740,    29.1171      
# span 18 =   -7.27851,   11.69466      
# span 19 =   -315.809,    507.416      
# span 20 = 0.0000e+00, 0.0000e+00      
# interval = decibars: 1                
# start_time = Jan 01 2000 07:25:27 [NMEA time, first data scan]
# bad_flag = -9.990e-29
*END*
[from data line 207]
    208.000    13.4404    13.4401   4.523425   4.522971     2.5169    -0.0112    88.9589  1.0000000  1.7671167  13.451017       0.05    13.4102    38.5642    29.0713    13.4099    38.5601    29.0681    3.88933    168.753 0.0000e+00
    209.000    13.4435    13.4434   4.523972   4.523539     2.5157    -0.0104    88.9604  1.0000000  1.7680055  13.451062       0.05    13.4132    38.5658    29.0719    13.4130    38.5618    29.0688    3.88933    168.752 0.0000e+00
    210.000    13.4440    13.4436   4.524084   4.523653     2.5150    -0.0103    88.9651  1.0000000  1.7687557  13.451062       0.05    13.4135    38.5660    29.0719    13.4131    38.5622    29.0691    3.88985    168.775 0.0000e+00
    211.000    13.4427    13.4427   4.523996   4.523589     2.5144    -0.0101    88.9521  1.0000000  1.7689722  13.451062       0.05    13.4120    38.5660    29.0722    13.4120    38.5621    29.0692    3.88872    168.726 0.0000e+00
    212.000    13.4421    13.4419   4.524014   4.523572     2.5136    -0.0100    88.9562  1.0000000  1.7693318  13.454378       0.05    13.4113    38.5663    29.0726    13.4110    38.5624    29.0696    3.88955    168.762 0.0000e+00
    213.000    13.4401    13.4399   4.523870   4.523434     2.5135    -0.0103    88.9652  1.0000000  1.7692311  13.452561       0.05    13.4092    38.5665    29.0732    13.4090    38.5625    29.0702    3.89092    168.821 0.0000e+00
    214.000    13.4402    13.4398   4.523918   4.523497     2.5136    -0.0095    88.6601  1.0000000  1.7698876  13.451095       0.05    13.4091    38.5664    29.0731    13.4087    38.5628    29.0704    3.89429    168.967 0.0000e+00
    215.000    13.4355    13.4352   4.523398   4.522963     2.5145    -0.0098    88.9559  1.0000000  1.7701130  13.451062       0.05    13.4043    38.5657    29.0736    13.4039    38.5619    29.0708    3.89762    169.112 0.0000e+00
    216.000    13.4333    13.4329   4.523202   4.522765     2.5151    -0.0105    88.9609  1.0000000  1.7704496  13.451062       0.05    13.4019    38.5656    29.0741    13.4015    38.5618    29.0712    3.89821    169.138 0.0000e+00
    217.000    13.4335    13.4333   4.523306   4.522867     2.5151    -0.0096    88.9596  1.0000000  1.7698869  13.450371       0.05    13.4019    38.5660    29.0744    13.4017    38.5620    29.0713    3.89529    169.011 0.0000e+00
    218.000    13.4356    13.4357   4.523670   4.523257     2.5143    -0.0090    88.9618  1.0000000  1.7701585  13.438660       0.05    13.4039    38.5669    29.0747    13.4040    38.5629    29.0715    3.89080    168.816 0.0000e+00
    219.000    13.4434    13.4435   4.524897   4.524462     2.5132    -0.0099    88.9616  1.0000000  1.7693001  13.443622       0.05    13.4116    38.5703    29.0756    13.4116    38.5661    29.0724    3.88830    168.707 0.0000e+00
    220.000    13.4479    13.4477   4.525537   4.525118     2.5121    -0.0102    88.9695  1.0000000  1.7692314  13.448774       0.05    13.4159    38.5714    29.0756    13.4157    38.5676    29.0727    3.88505    168.566 0.0000e+00
    221.000    13.4499    13.4496   4.525885   4.525448     2.5103    -0.0114    88.9746  1.0000000  1.7692308  13.451048       0.05    13.4178    38.5723    29.0759    13.4174    38.5684    29.0730    3.87983    168.339 0.0000e+00
    222.000    13.4505    13.4502   4.526027   4.525590     2.5084    -0.0117    88.9755  1.0000000  1.7692308  13.457538       0.05    13.4182    38.5726    29.0760    13.4179    38.5687    29.0731    3.87590    168.168 0.0000e+00
    223.000    13.4526    13.4524   4.526392   4.525980     2.5063    -0.0112    88.9674  1.0000000  1.7694533  13.455537       0.05    13.4202    38.5734    29.0763    13.4200    38.5697    29.0734    3.87191    167.995 0.0000e+00
    224.000    13.4569    13.4566   4.527056   4.526613     2.5051    -0.0107    88.9686  1.0000000  1.7703150  13.465671       0.05    13.4242    38.5751    29.0767    13.4240    38.5711    29.0736    3.87498    168.128 0.0000e+00
    225.000    13.4578    13.4579   4.527214   4.526827     2.5051    -0.0099    88.9789  1.0000000  1.7705595  13.465991       0.05    13.4250    38.5752    29.0766    13.4252    38.5714    29.0736    3.87771    168.247 0.0000e+00
    226.000    13.4525    13.4527   4.526505   4.526190     2.5049    -0.0104    88.9712  1.0000000  1.7715703  13.467479       0.05    13.4196    38.5733    29.0763    13.4199    38.5700    29.0737    3.87684    168.209 0.0000e+00
    227.000    13.4509    13.4503   4.526411   4.525932     2.5043    -0.0103    88.9759  1.0000000  1.7721167  13.464175       0.05    13.4178    38.5736    29.0769    13.4173    38.5696    29.0739    3.87660    168.199 0.0000e+00
    228.000    13.4526    13.4521   4.526673   4.526222     2.5046    -0.0102    88.9729  1.0000000  1.7726691  13.465947       0.05    13.4194    38.5739    29.0768    13.4189    38.5701    29.0740    3.88438    168.536 0.0000e+00
    229.000    13.4495    13.4492   4.526275   4.525867     2.5066    -0.0103    88.9781  1.0000000  1.7727745  13.460791       0.05    13.4162    38.5727    29.0766    13.4158    38.5692    29.0739    3.89135    168.839 0.0000e+00
    230.000    13.4310    13.4302   4.523865   4.523460     2.5078    -0.0107    88.9763  1.0000000  1.7729522  13.454181       0.05    13.3975    38.5680    29.0768    13.3967    38.5649    29.0747    3.89051    168.803 0.0000e+00
    231.000    13.4214    13.4205   4.522727   4.522246     2.5075    -0.0108    88.9796  1.0000000  1.7730526  13.451786       0.05    13.3878    38.5663    29.0776    13.3870    38.5626    29.0749    3.88774    168.683 0.0000e+00
    232.000    13.4191    13.4191   4.522494   4.522103     2.5075    -0.0101    88.9910  1.0000000  1.7728909  13.445696       0.05    13.3854    38.5659    29.0778    13.3854    38.5623    29.0750    3.89049    168.803 0.0000e+00
    233.000    13.4193    13.4186   4.522562   4.522092     2.5079    -0.0103    88.9918  1.0000000  1.7724877  13.434662       0.05    13.3854    38.5660    29.0779    13.3848    38.5621    29.0750    3.89401    168.955 0.0000e+00
    234.000    13.4189    13.4187   4.522562   4.522145     2.5088    -0.0110    88.9008  1.0000000  1.7717957  13.433169       0.05    13.3849    38.5659    29.0779    13.3847    38.5621    29.0750    3.89534    169.013 0.0000e+00
    235.000    13.4189    13.4186   4.522606   4.522185     2.5089    -0.0106    88.9850  1.0000000  1.7717311  13.434634       0.05    13.3847    38.5659    29.0779    13.3844    38.5622    29.0751    3.89414    168.961 0.0000e+00
    236.000    13.4199    13.4196   4.522810   4.522380     2.5089    -0.0112    88.9878  1.0000000  1.7712469  13.434637       0.05    13.3856    38.5664    29.0781    13.3853    38.5625    29.0752    3.89446    168.975 0.0000e+00
    237.000    13.4210    13.4208   4.523040   4.522634     2.5090    -0.0118    88.9918  1.0000000  1.7709829  13.433923       0.05    13.3866    38.5670    29.0784    13.3863    38.5634    29.0756    3.89546    169.018 0.0000e+00
    238.000    13.4192    13.4188   4.522905   4.522477     2.5091    -0.0114    88.9897  1.0000000  1.7712303  13.434641       0.05    13.3846    38.5671    29.0789    13.3842    38.5634    29.0761    3.89580    169.033 0.0000e+00
    239.000    13.4191    13.4187   4.522950   4.522527     2.5090    -0.0120    89.0014  1.0000000  1.7705106  13.434637       0.05    13.3844    38.5672    29.0790    13.3839    38.5636    29.0763    3.89655    169.066 0.0000e+00
    240.000    13.4191    13.4188   4.523012   4.522581     2.5092    -0.0117    88.9900  1.0000000  1.7705492  13.432028       0.05    13.3843    38.5673    29.0791    13.3839    38.5635    29.0762    3.89546    169.018 0.0000e+00
    241.000    13.4206    13.4203   4.523291   4.522862     2.5081    -0.0106    89.0059  1.0000000  1.7704502  13.432825       0.05    13.3855    38.5680    29.0794    13.3853    38.5642    29.0765    3.88990    168.777 0.0000e+00
    242.000    13.4249    13.4244   4.523955   4.523462     2.5066    -0.0113    88.9971  1.0000000  1.7704518  13.433148       0.05    13.3897    38.5696    29.0797    13.3892    38.5654    29.0766    3.88734    168.665 0.0000e+00
    243.000    13.4278    13.4273   4.524378   4.523935     2.5058    -0.0120    88.9932  1.0000000  1.7705174  13.434667       0.05    13.3924    38.5703    29.0797    13.3920    38.5665    29.0768    3.88463    168.548 0.0000e+00
    244.000    13.4285    13.4281   4.524521   4.524072     2.5043    -0.0135    88.9908  1.0000000  1.7703903  13.434637       0.05    13.3930    38.5704    29.0797    13.3926    38.5666    29.0768    3.87992    168.343 0.0000e+00
    245.000    13.4346    13.4340   4.525442   4.524941     2.5025    -0.0136    88.9927  1.0000000  1.7705000  13.434637       0.05    13.3989    38.5727    29.0802    13.3983    38.5685    29.0770    3.87925    168.314 0.0000e+00
    246.000    13.4375    13.4372   4.525865   4.525450     2.5021    -0.0130    88.9986  1.0000000  1.7707226  13.436458       0.05    13.4017    38.5733    29.0801    13.4014    38.5696    29.0773    3.88343    168.495 0.0000e+00
    247.000    13.4391    13.4389   4.526163   4.525742     2.5021    -0.0121    88.9956  1.0000000  1.7711234  13.447933       0.05    13.4032    38.5741    29.0804    13.4029    38.5702    29.0774    3.87983    168.339 0.0000e+00
    248.000    13.4395    13.4391   4.526258   4.525821     2.5006    -0.0128    88.9930  1.0000000  1.7716197  13.443196       0.05    13.4034    38.5741    29.0803    13.4030    38.5703    29.0775    3.87654    168.196 0.0000e+00
    249.000    13.4401    13.4400   4.526420   4.526001     2.5001    -0.0110    88.9991  1.0000000  1.7719199  13.446162       0.05    13.4039    38.5746    29.0806    13.4037    38.5707    29.0776    3.87808    168.263 0.0000e+00
    250.000    13.4421    13.4419   4.526730   4.526321     2.4997    -0.0105    89.0026  1.0000000  1.7723418  13.442826       0.05    13.4057    38.5751    29.0806    13.4055    38.5714    29.0778    3.87729    168.228 0.0000e+00
    251.000    13.4394    13.4395   4.526380   4.526027 -9.990e-29    -0.0119    88.9946  1.0000000  1.7726012  13.447785       0.05    13.4028    38.5741    29.0804    13.4029    38.5706    29.0777 -9.990e-29 -9.990e-29 0.0000e+00
    252.000    13.4387    13.4382   4.526358   4.525917 -9.990e-29    -0.0123    88.9983  1.0000000  1.7728920  13.450389       0.05    13.4020    38.5741    29.0806    13.4015    38.5704    29.0778 -9.990e-29 -9.990e-29 0.0000e+00
    253.000    13.4390    13.4388   4.526475   4.526066 -9.990e-29    -0.0112    89.0031  1.0000000  1.7729999  13.449635       0.05    13.4022    38.5744    29.0808    13.4019    38.5708    29.0781 -9.990e-29 -9.990e-29 0.0000e+00
    254.000    13.4366    13.4362   4.526203   4.525782 -9.990e-29    -0.0103    89.0058  1.0000000  1.7730049  13.451093       0.05    13.3997    38.5738    29.0809    13.3992    38.5702    29.0782 -9.990e-29 -9.990e-29 0.0000e+00
    255.000    13.4353    13.4348   4.526093   4.525659     2.4981    -0.0100    89.0058  1.0000000  1.7730603  13.448075       0.05    13.3981    38.5736    29.0811    13.3977    38.5699    29.0783    3.87461    168.113 0.0000e+00
    256.000    13.4355    13.4352   4.526188   4.525784     2.4973    -0.0108    89.0026  1.0000000  1.7732237  13.441482       0.05    13.3982    38.5739    29.0813    13.3979    38.5703    29.0786    3.87414    168.092 0.0000e+00
    257.000    13.4439    13.4435   4.527492   4.527039     2.4960    -0.0112    89.0006  1.0000000  1.7732497  13.449620       0.05    13.4065    38.5774    29.0822    13.4061    38.5734    29.0792    3.87179    167.989 0.0000e+00
    258.000    13.4460    13.4457   4.527828   4.527406     2.4957    -0.0130    89.0131  1.0000000  1.7730033  13.451044       0.05    13.4084    38.5780    29.0823    13.4081    38.5743    29.0795    3.87260    168.025 0.0000e+00
    259.000    13.4429    13.4427   4.527459   4.527056     2.4949    -0.0118    89.0143  1.0000000  1.7733344  13.451062       0.05    13.4051    38.5772    29.0824    13.4049    38.5736    29.0796    3.87166    167.984 0.0000e+00
    260.000    13.4411    13.4408   4.527274   4.526872     2.4949    -0.0113    89.0143  1.0000000  1.7738088  13.451062       0.05    13.4032    38.5768    29.0825    13.4030    38.5732    29.0797    3.87599    168.172 0.0000e+00
    261.000    13.4392    13.4386   4.527089   4.526633     2.4952    -0.0123    89.0143  1.0000000  1.7743069  13.451062       0.05    13.4012    38.5764    29.0826    13.4006    38.5728    29.0799    3.87435    168.101 0.0000e+00
    262.000    13.4390    13.4388   4.527152   4.526730     2.4942    -0.0118    89.0143  1.0000000  1.7743272  13.451062       0.05    13.4008    38.5768    29.0830    13.4006    38.5730    29.0801    3.86975    167.901 0.0000e+00
    263.000    13.4405    13.4402   4.527392   4.526974     2.4933    -0.0093    89.0131  1.0000000  1.7747228  13.446981       0.05    13.4022    38.5771    29.0829    13.4019    38.5735    29.0802    3.86791    167.821 0.0000e+00
    264.000    13.4390    13.4385   4.527219   4.526814 -9.990e-29    -0.0092    88.9982  1.0000000  1.7745643  13.451072       0.05    13.4005    38.5766    29.0829    13.4000    38.5732    29.0804 -9.990e-29 -9.990e-29 0.0000e+00
    265.000    13.4326    13.4322   4.526473   4.526064 -9.990e-29    -0.0094    89.0131  1.0000000  1.7750117  13.448241       0.05    13.3940    38.5755    29.0834    13.3936    38.5720    29.0808 -9.990e-29 -9.990e-29 0.0000e+00
    266.000    13.4301    13.4299   4.526245   4.525846 -9.990e-29    -0.0091    88.9964  1.0000000  1.7748860  13.448024       0.05    13.3914    38.5754    29.0839    13.3912    38.5717    29.0811 -9.990e-29 -9.990e-29 0.0000e+00
    267.000    13.4266    13.4267   4.525839   4.525507 -9.990e-29    -0.0104    88.9963  1.0000000  1.7749137  13.440186       0.05    13.3877    38.5745    29.0840    13.3879    38.5712    29.0814 -9.990e-29 -9.990e-29 0.0000e+00
    268.000    13.4238    13.4235   4.525553   4.525150 -9.990e-29    -0.0117    89.0187  1.0000000  1.7752269  13.436853       0.05    13.3848    38.5742    29.0843    13.3845    38.5706    29.0816 -9.990e-29 -9.990e-29 0.0000e+00
    269.000    13.4222    13.4219   4.525392   4.524991 -9.990e-29    -0.0111    89.0168  1.0000000  1.7752072  13.434624       0.05    13.3830    38.5738    29.0845    13.3827    38.5703    29.0818 -9.990e-29 -9.990e-29 0.0000e+00
    270.000    13.4209    13.4204   4.525270   4.524841 -9.990e-29    -0.0108    89.0165  1.0000000  1.7753341  13.434637       0.05    13.3816    38.5735    29.0845    13.3811    38.5699    29.0818 -9.990e-29 -9.990e-29 0.0000e+00
    271.000    13.4199    13.4194   4.525204   4.524787 -9.990e-29    -0.0102    89.0153  1.0000000  1.7748133  13.428311       0.05    13.3805    38.5734    29.0847    13.3800    38.5699    29.0820 -9.990e-29 -9.990e-29 0.0000e+00
    272.000    13.4165    13.4159   4.524846   4.524399     2.4923    -0.0104    89.0261  1.0000000  1.7747719  13.427043       0.05    13.3769    38.5730    29.0851    13.3763    38.5694    29.0824    3.87273    168.031 0.0000e+00
    273.000    13.4150    13.4144   4.524713   4.524283     2.4916    -0.0117    89.0246  1.0000000  1.7751481  13.433454       0.05    13.3752    38.5728    29.0853    13.3747    38.5693    29.0827    3.87419    168.094 0.0000e+00
    274.000    13.4148    13.4142   4.524745   4.524292     2.4914    -0.0107    89.0260  1.0000000  1.7752262  13.423273       0.05    13.3749    38.5729    29.0854    13.3743    38.5692    29.0827    3.87499    168.129 0.0000e+00
    275.000    13.4139    13.4132   4.524661   4.524221     2.4909    -0.0104    89.0232  1.0000000  1.7750425  13.422102       0.05    13.3738    38.5725    29.0854    13.3732    38.5690    29.0828    3.87229    168.012 0.0000e+00
