Data/Raw HPLC Argo/lovbio063c/CTD/moose2014_ge_leg1_012.cnv
* Sea-Bird SBE 9 Data File:
* FileName = C:\CTD\Work\raw\moose2014_ge_leg1_012.hdr
* Software Version Seasave V 7.21d
* Temperature SN = 1378
* Conductivity SN = 2929
* Number of Bytes Per Scan = 41
* Number of Voltage Words = 4
* Number of Scans Averaged by the Deck Unit = 1
* NMEA Latitude = 42 06.01 N
* NMEA Longitude = 006 11.97 E
* NMEA UTC (Time) = Jul 07 2014 07:25:27
* NMEA baud rate = 4800
** Ship:
** Station:
** Operator:
# nquan = 21
# nvalues = 5179                        
# units = specified
# name 0 = prDM: Pressure, Digiquartz [db]
# name 1 = t090C: Temperature [ITS-90, deg C]
# name 2 = t190C: Temperature, 2 [ITS-90, deg C]
# name 3 = c0S/m: Conductivity [S/m]
# name 4 = c1S/m: Conductivity, 2 [S/m]
# name 5 = sbeox0V: Oxygen raw, SBE 43 [V]
# name 6 = flC: Fluorescence, Chelsea Aqua 3 Chl Con [ug/l]
# name 7 = CStarTr0: Beam Transmission, WET Labs C-Star [%]
# name 8 = upoly0: Upoly 0, UVP5
# name 9 = upoly1: Upoly 1, RINKOIII_DO
# name 10 = upoly2: Upoly 2, RINKOIII_Temp
# name 11 = altM: Altimeter [m]
# name 12 = potemp090C: Potential Temperature [ITS-90, deg C]
# name 13 = sal00: Salinity, Practical [PSU]
# name 14 = sigma-é00: Density [sigma-theta, Kg/m^3]
# name 15 = potemp190C: Potential Temperature, 2 [ITS-90, deg C]
# name 16 = sal11: Salinity, Practical, 2 [PSU]
# name 17 = sigma-é11: Density, 2 [sigma-theta, Kg/m^3]
# name 18 = sbeox0ML/L: Oxygen, SBE 43 [ml/l], WS = 2
# name 19 = sbeox0Mm/Kg: Oxygen, SBE 43 [umol/Kg], WS = 2
# name 20 = flag: flag
# span 0 =      1.000,   2590.000       
# span 1 =    13.1005,    22.4271       
# span 2 =    13.1000,    22.4064       
# span 3 =   4.476273,   5.454071       
# span 4 =   4.475833,   5.451494       
# span 5 =     0.0765,     3.8049       
# span 6 =    -0.0161,     0.6191       
# span 7 =    82.1888,    89.2206       
# span 8 =  1.0000000,  1.0000000       
# span 9 =  1.3557615,  1.7886074       
# span 10 =  13.091141,  22.345467      
# span 11 =      -0.01,      48.95      
# span 12 =    12.9028,    22.4269      
# span 13 =    38.1785,    38.5873      
# span 14 =    26.5697,    29.1191      
# span 15 =    12.9021,    22.4062      
# span 16 =    38.2019,    38.5839      
# span 17 =    26.5740,    29.1171      
# span 18 =   -7.27851,   11.69466      
# span 19 =   -315.809,    507.416      
# span 20 = 0.0000e+00, 0.0000e+00      
# interval = decibars: 1                
# start_time = Jan 01 2000 07:25:27 [NMEA time, first data scan]
# bad_flag = -9.990e-29
*END*
[from data line 69]
     70.000    13.3105    13.3103   4.481164   4.480479     2.9494     0.1496    88.1603  1.0000000  1.6167695  13.498907       0.06    13.3005    38.3532    28.9308    13.3003    38.3469    28.9258    4.72266    204.943 0.0000e+00
     71.000    13.3111    13.3122   4.481612   4.481013     2.9468     0.1321    88.2104  1.0000000  1.6178229  13.472272       0.06    13.3009    38.3565    28.9331    13.3020    38.3496    28.9276    4.72538    205.060 0.0000e+00
     72.000    13.2988    13.2989   4.480263   4.479655     2.9453     0.1180    88.2929  1.0000000  1.6184373  13.471965       0.06    13.2885    38.3555    28.9351    13.2886    38.3496    28.9304    4.73658    205.547 0.0000e+00
     73.000    13.2899    13.2901   4.479542   4.478863     2.9489     0.1084    88.3342  1.0000000  1.6205607  13.492483       0.06    13.2794    38.3571    28.9382    13.2796    38.3504    28.9329    4.75770    206.463 0.0000e+00
     74.000    13.2723    13.2722   4.477877   4.477236     2.9526     0.0976    88.4183  1.0000000  1.6214393  13.448786       0.06    13.2617    38.3585    28.9430    13.2616    38.3524    28.9383    4.76190    206.646 0.0000e+00
     75.000    13.2637    13.2639   4.477149   4.476512     2.9538     0.0865    88.4972  1.0000000  1.6214887  13.420267       0.06    13.2530    38.3596    28.9457    13.2532    38.3533    28.9407    4.75819    206.485 0.0000e+00
     76.000    13.2628    13.2631   4.477113   4.476466     2.9542     0.0786    88.5038  1.0000000  1.6203454  13.432898       0.06    13.2520    38.3597    28.9460    13.2522    38.3532    28.9409    4.76354    206.717 0.0000e+00
     77.000    13.2615    13.2619   4.477051   4.476407     2.9569     0.0724    88.5154  1.0000000  1.6190564  13.413092       0.06    13.2505    38.3600    28.9465    13.2508    38.3535    28.9414    4.76826    206.922 0.0000e+00
     78.000    13.2541    13.2546   4.476450   4.475844     2.9555     0.0668    88.5366  1.0000000  1.6184379  13.381970       0.06    13.2429    38.3613    28.9491    13.2434    38.3550    28.9441    4.74145    205.758 0.0000e+00
     79.000    13.2505    13.2510   4.476551   4.475927     2.9475     0.0644    88.5708  1.0000000  1.6179479  13.379124       0.06    13.2392    38.3654    28.9531    13.2396    38.3590    28.9480    4.71066    204.421 0.0000e+00
     80.000    13.2528    13.2534   4.477374   4.476780     2.9394     0.0608    88.6076  1.0000000  1.6175398  13.371347       0.06    13.2413    38.3706    28.9567    13.2419    38.3642    28.9516    4.69067    203.553 0.0000e+00
     81.000    13.2540    13.2544   4.477831   4.477244     2.9290     0.0562    88.6387  1.0000000  1.6177721  13.379072       0.06    13.2424    38.3733    28.9585    13.2428    38.3672    28.9537    4.66799    202.568 0.0000e+00
     82.000    13.2538    13.2543   4.478319   4.477714     2.9201     0.0486    88.6433  1.0000000  1.6201081  13.398915       0.06    13.2421    38.3777    28.9620    13.2425    38.3714    28.9570    4.66765    202.553 0.0000e+00
     83.000    13.2501    13.2509   4.478458   4.477904     2.9171     0.0435    88.6413  1.0000000  1.6223618  13.394993       0.06    13.2383    38.3823    28.9664    13.2390    38.3762    28.9615    4.67768    202.988 0.0000e+00
     84.000    13.2423    13.2424   4.477993   4.477375     2.9161     0.0417    88.7066  1.0000000  1.6256085  13.386818       0.06    13.2302    38.3853    28.9704    13.2304    38.3792    28.9656    4.67941    203.062 0.0000e+00
     85.000    13.2396    13.2397   4.477987   4.477376     2.9147     0.0347    88.7349  1.0000000  1.6284040  13.377959       0.06    13.2275    38.3875    28.9726    13.2275    38.3816    28.9681    4.67667    202.943 0.0000e+00
     86.000    13.2379    13.2381   4.477997   4.477390     2.9133     0.0252    88.7310  1.0000000  1.6296363  13.375758       0.06    13.2256    38.3889    28.9741    13.2258    38.3828    28.9694    4.67426    202.838 0.0000e+00
     87.000    13.2366    13.2370   4.478007   4.477407     2.9124     0.0205    88.7350  1.0000000  1.6300906  13.350298       0.06    13.2242    38.3898    28.9752    13.2246    38.3836    28.9703    4.67979    203.078 0.0000e+00
     88.000    13.2357    13.2361   4.478004   4.477414     2.9136     0.0195    88.7482  1.0000000  1.6310421  13.357471       0.06    13.2231    38.3903    28.9757    13.2235    38.3841    28.9709    4.68893    203.475 0.0000e+00
     89.000    13.2342    13.2346   4.478011   4.477425     2.9157     0.0193    88.7384  1.0000000  1.6312553  13.354764       0.06    13.2215    38.3913    28.9769    13.2219    38.3853    28.9721    4.69803    203.869 0.0000e+00
     90.000    13.2326    13.2331   4.478025   4.477454     2.9188     0.0149    88.7255  1.0000000  1.6313688  13.352489       0.06    13.2197    38.3927    28.9783    13.2202    38.3867    28.9735    4.70099    203.998 0.0000e+00
     91.000    13.2309    13.2311   4.478067   4.477487     2.9189     0.0140    88.7263  1.0000000  1.6313154  13.339115       0.06    13.2179    38.3943    28.9800    13.2180    38.3886    28.9755    4.68758    203.416 0.0000e+00
     92.000    13.2281    13.2281   4.478093   4.477510     2.9152     0.0149    88.7372  1.0000000  1.6305384  13.349476       0.05    13.2150    38.3969    28.9826    13.2149    38.3914    28.9783    4.66279    202.339 0.0000e+00
     93.000    13.2282    13.2284   4.478477   4.477935     2.9067     0.0127    88.7476  1.0000000  1.6296842  13.351799       0.06    13.2148    38.4001    28.9851    13.2151    38.3947    28.9808    4.63690    201.216 0.0000e+00
     94.000    13.2298    13.2304   4.479268   4.478747     2.8986     0.0111    88.7547  1.0000000  1.6298964  13.339181       0.05    13.2164    38.4056    28.9891    13.2169    38.4001    28.9846    4.63309    201.050 0.0000e+00
     95.000    13.2292    13.2296   4.479644   4.479107     2.8951     0.0091    88.7951  1.0000000  1.6313782  13.353332       0.05    13.2156    38.4094    28.9921    13.2160    38.4038    28.9877    4.64047    201.369 0.0000e+00
     96.000    13.2259    13.2258   4.479421   4.478843     2.8948     0.0082    88.7899  1.0000000  1.6337360  13.321487       0.05    13.2121    38.4102    28.9935    13.2121    38.4046    28.9892    4.65297    201.912 0.0000e+00
     97.000    13.2209    13.2206   4.479002   4.478403     2.8969     0.0072    88.7888  1.0000000  1.6357388  13.309429       0.05    13.2070    38.4108    28.9950    13.2067    38.4053    28.9908    4.66710    202.525 0.0000e+00
     98.000    13.2167    13.2164   4.478731   4.478157     2.9012     0.0064    88.7989  1.0000000  1.6363010  13.318764       0.05    13.2026    38.4120    28.9969    13.2024    38.4067    28.9928    4.68092    203.124 0.0000e+00
     99.000    13.2121    13.2118   4.478442   4.477851     2.9051     0.0050    88.7867  1.0000000  1.6371584  13.311417       0.06    13.1979    38.4133    28.9989    13.1976    38.4080    28.9948    4.68509    203.306 0.0000e+00
    100.000    13.2104    13.2103   4.478324   4.477768     2.9078     0.0032    88.7912  1.0000000  1.6362333  13.316129       0.05    13.1961    38.4135    28.9994    13.1960    38.4082    28.9953    4.68809    203.436 0.0000e+00
    101.000    13.2099    13.2101   4.478343   4.477804     2.9098     0.0019    88.7873  1.0000000  1.6354644  13.310586       0.05    13.1955    38.4137    28.9997    13.1957    38.4082    28.9954    4.68955    203.499 0.0000e+00
    102.000    13.2097    13.2098   4.478358   4.477804     2.9105     0.0023    88.7831  1.0000000  1.6343134  13.313643       0.05    13.1951    38.4136    28.9997    13.1953    38.4081    28.9954    4.68383    203.250 0.0000e+00
    103.000    13.2099    13.2101   4.478432   4.477883     2.9083     0.0025    88.7838  1.0000000  1.6336612  13.306751       0.05    13.1951    38.4137    28.9997    13.1953    38.4082    28.9954    4.66001    202.217 0.0000e+00
    104.000    13.2115    13.2119   4.478780   4.478229     2.8995     0.0026    88.7916  1.0000000  1.6327870  13.301159       0.05    13.1966    38.4149    29.0004    13.1971    38.4091    28.9958    4.61838    200.410 0.0000e+00
    105.000    13.2210    13.2218   4.480241   4.479757     2.8852     0.0038    88.7931  1.0000000  1.6325299  13.307525       0.05    13.2060    38.4188    29.0015    13.2068    38.4134    28.9971    4.56890    198.262 0.0000e+00
    106.000    13.2283    13.2295   4.481379   4.480945     2.8691     0.0045    88.8081  1.0000000  1.6331522  13.312249       0.05    13.2132    38.4219    29.0024    13.2143    38.4166    28.9979    4.54147    197.071 0.0000e+00
    107.000    13.2376    13.2387   4.482862   4.482438     2.8593     0.0043    88.8247  1.0000000  1.6357559  13.309728       0.05    13.2223    38.4263    29.0039    13.2233    38.4212    28.9997    4.54383    197.173 0.0000e+00
    108.000    13.2438    13.2443   4.483937   4.483434     2.8538    -0.0001    88.8217  1.0000000  1.6395492  13.316788       0.05    13.2284    38.4299    29.0054    13.2288    38.4247    29.0012    4.54677    197.300 0.0000e+00
    109.000    13.2403    13.2405   4.483624   4.483090     2.8488    -0.0014    88.8070  1.0000000  1.6438812  13.340789       0.05    13.2246    38.4301    29.0063    13.2249    38.4247    29.0021    4.53202    196.660 0.0000e+00
    110.000    13.2415    13.2419   4.484008   4.483486     2.8403    -0.0014    88.8023  1.0000000  1.6477851  13.318586       0.05    13.2257    38.4321    29.0077    13.2261    38.4266    29.0033    4.50677    195.564 0.0000e+00
    111.000    13.2477    13.2482   4.485044   4.484537     2.8317    -0.0016    88.7958  1.0000000  1.6493541  13.322624       0.05    13.2318    38.4353    29.0088    13.2323    38.4299    29.0045    4.49298    194.965 0.0000e+00
    112.000    13.2534    13.2539   4.485964   4.485477     2.8264    -0.0027    88.8120  1.0000000  1.6514069  13.324302       0.05    13.2373    38.4379    29.0097    13.2378    38.4327    29.0056    4.49424    195.019 0.0000e+00
    113.000    13.2542    13.2545   4.486275   4.485773     2.8238    -0.0040    88.8134  1.0000000  1.6536212  13.324323       0.05    13.2380    38.4396    29.0109    13.2383    38.4345    29.0069    4.50082    195.305 0.0000e+00
    114.000    13.2517    13.2517   4.486091   4.485547     2.8239    -0.0041    88.8119  1.0000000  1.6563363  13.312936       0.05    13.2353    38.4400    29.0117    13.2353    38.4347    29.0077    4.51213    195.795 0.0000e+00
    115.000    13.2449    13.2448   4.485322   4.484798     2.8258    -0.0043    88.8118  1.0000000  1.6585642  13.333079       0.05    13.2284    38.4390    29.0124    13.2283    38.4341    29.0086    4.52092    196.177 0.0000e+00
    116.000    13.2371    13.2374   4.484575   4.484072     2.8279    -0.0046    88.8131  1.0000000  1.6596076  13.334712       0.05    13.2205    38.4392    29.0142    13.2207    38.4341    29.0103    4.52651    196.420 0.0000e+00
    117.000    13.2333    13.2337   4.484385   4.483902     2.8299    -0.0058    88.8250  1.0000000  1.6600776  13.318828       0.05    13.2165    38.4408    29.0163    13.2169    38.4357    29.0123    4.52939    196.545 0.0000e+00
    118.000    13.2296    13.2301   4.484043   4.483564     2.8311    -0.0052    88.8229  1.0000000  1.6596913  13.329363       0.05    13.2127    38.4408    29.0171    13.2131    38.4357    29.0131    4.52925    196.538 0.0000e+00
    119.000    13.2277    13.2279   4.483970   4.483483     2.8312    -0.0036    88.8223  1.0000000  1.6595690  13.316872       0.05    13.2107    38.4415    29.0181    13.2108    38.4367    29.0143    4.52412    196.316 0.0000e+00
    120.000    13.2257    13.2257   4.483974   4.483453     2.8298    -0.0044    88.8268  1.0000000  1.6585865  13.299249       0.05    13.2085    38.4432    29.0199    13.2085    38.4381    29.0159    4.51579    195.954 0.0000e+00
    121.000    13.2263    13.2264   4.484283   4.483791     2.8275    -0.0067    88.8219  1.0000000  1.6579917  13.296276       0.05    13.2089    38.4451    29.0212    13.2091    38.4402    29.0174    4.51066    195.731 0.0000e+00
    122.000    13.2275    13.2278   4.484681   4.484170     2.8255    -0.0058    88.8349  1.0000000  1.6576948  13.292472       0.05    13.2100    38.4472    29.0227    13.2103    38.4420    29.0186    4.50760    195.598 0.0000e+00
    123.000    13.2289    13.2292   4.485073   4.484573     2.8224    -0.0053    88.8372  1.0000000  1.6573965  13.302572       0.05    13.2112    38.4492    29.0239    13.2115    38.4440    29.0199    4.49570    195.082 0.0000e+00
    124.000    13.2300    13.2302   4.485324   4.484829     2.8170    -0.0056    88.8396  1.0000000  1.6576706  13.314532       0.05    13.2122    38.4500    29.0243    13.2124    38.4450    29.0204    4.48185    194.480 0.0000e+00
    125.000    13.2315    13.2318   4.485794   4.485295     2.8132    -0.0057    88.8329  1.0000000  1.6584385  13.292754       0.05    13.2136    38.4525    29.0260    13.2142    38.4475    29.0220    4.48010    194.404 0.0000e+00
    126.000    13.2328    13.2330   4.486144   4.485655     2.8116    -0.0063    88.8383  1.0000000  1.6595762  13.302040       0.05    13.2147    38.4541    29.0270    13.2149    38.4492    29.0232    4.47963    194.383 0.0000e+00
    127.000    13.2336    13.2338   4.486359   4.485857     2.8093    -0.0064    88.8479  1.0000000  1.6607222  13.302410       0.05    13.2154    38.4549    29.0275    13.2156    38.4499    29.0235    4.47287    194.090 0.0000e+00
    128.000    13.2341    13.2342   4.486506   4.486000     2.8056    -0.0077    88.8483  1.0000000  1.6620570  13.292811       0.05    13.2157    38.4554    29.0278    13.2159    38.4504    29.0239    4.46204    193.620 0.0000e+00
    129.000    13.2340    13.2342   4.486724   4.486230     2.8012    -0.0064    88.8541  1.0000000  1.6633138  13.301172       0.05    13.2155    38.4570    29.0291    13.2157    38.4521    29.0253    4.45528    193.326 0.0000e+00
    130.000    13.2344    13.2345   4.486864   4.486379     2.7982    -0.0059    88.8716  1.0000000  1.6644017  13.285109       0.05    13.2157    38.4576    29.0295    13.2159    38.4528    29.0257    4.45480    193.306 0.0000e+00
    131.000    13.2341    13.2342   4.487087   4.486597     2.7965     0.2999    88.8658  1.0000000  1.6657968  13.289896       0.05    13.2153    38.4596    29.0312    13.2154    38.4548    29.0274    4.44816    193.017 0.0000e+00
    132.000    13.2329    13.2330   4.487156   4.486659     2.7923    -0.0008    88.8860  1.0000000  1.6670313  13.294147       0.05    13.2139    38.4610    29.0325    13.2140    38.4561    29.0287    4.42917    192.193 0.0000e+00
    133.000    13.2365    13.2365   4.487784   4.487266     2.7855    -0.0083    88.8977  1.0000000  1.6679131  13.294954       0.05    13.2174    38.4630    29.0333    13.2174    38.4579    29.0294    4.41127    191.416 0.0000e+00
    134.000    13.2406    13.2409   4.488489   4.488008     2.7784    -0.0096    88.9043  1.0000000  1.6681212  13.280540       0.05    13.2214    38.4651    29.0341    13.2217    38.4601    29.0302    4.40137    190.986 0.0000e+00
    135.000    13.2448    13.2450   4.489211   4.488727     2.7731    -0.0076    88.9063  1.0000000  1.6691121  13.303273       0.05    13.2255    38.4673    29.0350    13.2257    38.4624    29.0312    4.39139    190.553 0.0000e+00
    136.000    13.2460    13.2461   4.489498   4.489023     2.7679    -0.0053    88.9094  1.0000000  1.6711106  13.299717       0.05    13.2264    38.4684    29.0357    13.2266    38.4637    29.0320    4.37524    189.851 0.0000e+00
    137.000    13.2489    13.2492   4.490070   4.489616     2.7615    -0.0057    88.9157  1.0000000  1.6731193  13.294475       0.05    13.2292    38.4705    29.0367    13.2295    38.4659    29.0330    4.35885    189.140 0.0000e+00
