Data/Raw HPLC Argo/lovbio063c/CTD/moose2014_ge_leg1_012.cnv
* Sea-Bird SBE 9 Data File:
* FileName = C:\CTD\Work\raw\moose2014_ge_leg1_012.hdr
* Software Version Seasave V 7.21d
* Temperature SN = 1378
* Conductivity SN = 2929
* Number of Bytes Per Scan = 41
* Number of Voltage Words = 4
* Number of Scans Averaged by the Deck Unit = 1
* NMEA Latitude = 42 06.01 N
* NMEA Longitude = 006 11.97 E
* NMEA UTC (Time) = Jul 07 2014 07:25:27
* NMEA baud rate = 4800
** Ship:
** Station:
** Operator:
# nquan = 21
# nvalues = 5179                        
# units = specified
# name 0 = prDM: Pressure, Digiquartz [db]
# name 1 = t090C: Temperature [ITS-90, deg C]
# name 2 = t190C: Temperature, 2 [ITS-90, deg C]
# name 3 = c0S/m: Conductivity [S/m]
# name 4 = c1S/m: Conductivity, 2 [S/m]
# name 5 = sbeox0V: Oxygen raw, SBE 43 [V]
# name 6 = flC: Fluorescence, Chelsea Aqua 3 Chl Con [ug/l]
# name 7 = CStarTr0: Beam Transmission, WET Labs C-Star [%]
# name 8 = upoly0: Upoly 0, UVP5
# name 9 = upoly1: Upoly 1, RINKOIII_DO
# name 10 = upoly2: Upoly 2, RINKOIII_Temp
# name 11 = altM: Altimeter [m]
# name 12 = potemp090C: Potential Temperature [ITS-90, deg C]
# name 13 = sal00: Salinity, Practical [PSU]
# name 14 = sigma-é00: Density [sigma-theta, Kg/m^3]
# name 15 = potemp190C: Potential Temperature, 2 [ITS-90, deg C]
# name 16 = sal11: Salinity, Practical, 2 [PSU]
# name 17 = sigma-é11: Density, 2 [sigma-theta, Kg/m^3]
# name 18 = sbeox0ML/L: Oxygen, SBE 43 [ml/l], WS = 2
# name 19 = sbeox0Mm/Kg: Oxygen, SBE 43 [umol/Kg], WS = 2
# name 20 = flag: flag
# span 0 =      1.000,   2590.000       
# span 1 =    13.1005,    22.4271       
# span 2 =    13.1000,    22.4064       
# span 3 =   4.476273,   5.454071       
# span 4 =   4.475833,   5.451494       
# span 5 =     0.0765,     3.8049       
# span 6 =    -0.0161,     0.6191       
# span 7 =    82.1888,    89.2206       
# span 8 =  1.0000000,  1.0000000       
# span 9 =  1.3557615,  1.7886074       
# span 10 =  13.091141,  22.345467      
# span 11 =      -0.01,      48.95      
# span 12 =    12.9028,    22.4269      
# span 13 =    38.1785,    38.5873      
# span 14 =    26.5697,    29.1191      
# span 15 =    12.9021,    22.4062      
# span 16 =    38.2019,    38.5839      
# span 17 =    26.5740,    29.1171      
# span 18 =   -7.27851,   11.69466      
# span 19 =   -315.809,    507.416      
# span 20 = 0.0000e+00, 0.0000e+00      
# interval = decibars: 1                
# start_time = Jan 01 2000 07:25:27 [NMEA time, first data scan]
# bad_flag = -9.990e-29
*END*
[from data line 4345]
    834.000    13.1716    13.1713   4.518663   4.518273     2.4563    -0.0118    89.1276  1.0000000  1.7583434  13.160713       0.05    13.0494    38.5114    29.1061    13.0491    38.5080    29.1034    4.10428    178.086 0.0000e+00
    833.000    13.1715    13.1711   4.518595   4.518207     2.4570    -0.0128    89.1366  1.0000000  1.7583480  13.163826       0.05    13.0495    38.5113    29.1060    13.0491    38.5080    29.1034    4.10559    178.143 0.0000e+00
    832.000    13.1713    13.1709   4.518528   4.518135     2.4574    -0.0135    89.1347  1.0000000  1.7582971  13.158945       0.05    13.0494    38.5113    29.1060    13.0491    38.5079    29.1034    4.10440    178.091 0.0000e+00
    831.000    13.1712    13.1708   4.518464   4.518067     2.4575    -0.0129    89.1379  1.0000000  1.7585731  13.159708       0.05    13.0494    38.5113    29.1059    13.0490    38.5079    29.1034    4.10528    178.129 0.0000e+00
    830.000    13.1710    13.1705   4.518404   4.518003     2.4581    -0.0126    89.1347  1.0000000  1.7586295  13.158239       0.05    13.0494    38.5113    29.1059    13.0490    38.5080    29.1034    4.10464    178.102 0.0000e+00
    829.000    13.1707    13.1704   4.518334   4.517939     2.4580    -0.0117    89.1348  1.0000000  1.7583583  13.159925       0.05    13.0493    38.5113    29.1060    13.0490    38.5079    29.1034    4.10142    177.962 0.0000e+00
    828.000    13.1707    13.1702   4.518270   4.517885     2.4573    -0.0105    89.1421  1.0000000  1.7583528  13.160460       0.05    13.0494    38.5113    29.1059    13.0490    38.5080    29.1035    4.09811    177.818 0.0000e+00
    827.000    13.1706    13.1702   4.518224   4.517846     2.4570    -0.0103    89.1326  1.0000000  1.7582420  13.159714       0.05    13.0494    38.5113    29.1060    13.0491    38.5081    29.1035    4.10167    177.973 0.0000e+00
    826.000    13.1704    13.1701   4.518166   4.517780     2.4580    -0.0098    89.1344  1.0000000  1.7582418  13.157284       0.05    13.0495    38.5114    29.1060    13.0491    38.5080    29.1034    4.10579    178.152 0.0000e+00
    825.000    13.1702    13.1699   4.518106   4.517715     2.4586    -0.0111    89.1325  1.0000000  1.7583471  13.158791       0.05    13.0494    38.5114    29.1060    13.0491    38.5080    29.1035    4.10324    178.041 0.0000e+00
    824.000    13.1702    13.1698   4.518055   4.517654     2.4584    -0.0120    89.1393  1.0000000  1.7582420  13.156798       0.05    13.0495    38.5114    29.1060    13.0491    38.5080    29.1034    4.10219    177.995 0.0000e+00
    823.000    13.1701    13.1696   4.517983   4.517589     2.4589    -0.0135    89.1347  1.0000000  1.7582418  13.157476       0.05    13.0496    38.5113    29.1059    13.0491    38.5080    29.1035    4.10719    178.212 0.0000e+00
    822.000    13.1698    13.1694   4.517906   4.517506     2.4602    -0.0140    89.1336  1.0000000  1.7582418  13.157470       0.05    13.0495    38.5112    29.1059    13.0490    38.5078    29.1033    4.10930    178.304 0.0000e+00
    821.000    13.1696    13.1691   4.517836   4.517433     2.4605    -0.0139    89.1315  1.0000000  1.7582418  13.156869       0.05    13.0494    38.5112    29.1059    13.0489    38.5079    29.1034    4.10617    178.168 0.0000e+00
    820.000    13.1694    13.1688   4.517756   4.517360     2.4608    -0.0130    89.1348  1.0000000  1.7582418  13.157564       0.05    13.0493    38.5111    29.1058    13.0488    38.5079    29.1034    4.10615    178.167 0.0000e+00
    819.000    13.1691    13.1686   4.517694   4.517294     2.4611    -0.0133    89.1336  1.0000000  1.7583461  13.159484       0.05    13.0492    38.5112    29.1059    13.0487    38.5079    29.1034    4.10607    178.164 0.0000e+00
    818.000    13.1687    13.1683   4.517632   4.517215     2.4610    -0.0127    89.1325  1.0000000  1.7582430  13.158664       0.05    13.0490    38.5115    29.1062    13.0485    38.5079    29.1035    4.10376    178.064 0.0000e+00
    817.000    13.1686    13.1681   4.517539   4.517144     2.4608    -0.0121    89.1345  1.0000000  1.7582945  13.156674       0.05    13.0490    38.5111    29.1059    13.0485    38.5079    29.1035    4.10260    178.013 0.0000e+00
    816.000    13.1686    13.1680   4.517474   4.517094     2.4607    -0.0117    89.1315  1.0000000  1.7582418  13.156050       0.05    13.0491    38.5109    29.1057    13.0485    38.5079    29.1035    4.10391    178.070 0.0000e+00
    815.000    13.1684    13.1678   4.517402   4.517014     2.4613    -0.0122    89.1315  1.0000000  1.7581803  13.156050       0.05    13.0491    38.5109    29.1057    13.0485    38.5077    29.1034    4.10762    178.231 0.0000e+00
    814.000    13.1682    13.1676   4.517352   4.516951     2.4620    -0.0128    89.1304  1.0000000  1.7582412  13.156787       0.05    13.0490    38.5110    29.1058    13.0485    38.5078    29.1034    4.10798    178.247 0.0000e+00
    813.000    13.1678    13.1674   4.517297   4.516894     2.4625    -0.0114    89.1335  1.0000000  1.7582418  13.158082       0.05    13.0488    38.5113    29.1061    13.0484    38.5079    29.1035    4.10782    178.240 0.0000e+00
    812.000    13.1677    13.1673   4.517209   4.516827     2.4629    -0.0103    89.1305  1.0000000  1.7582418  13.155174       0.05    13.0489    38.5110    29.1058    13.0484    38.5078    29.1035    4.10776    178.237 0.0000e+00
    811.000    13.1676    13.1672   4.517170   4.516774     2.4632    -0.0102    89.1357  1.0000000  1.7583499  13.155228       0.05    13.0489    38.5112    29.1060    13.0485    38.5078    29.1034    4.10562    178.144 0.0000e+00
    810.000    13.1676    13.1671   4.517103   4.516715     2.4630    -0.0106    89.1337  1.0000000  1.7581836  13.155228       0.05    13.0490    38.5110    29.1058    13.0485    38.5078    29.1034    4.10404    178.075 0.0000e+00
    809.000    13.1674    13.1669   4.517054   4.516653     2.4632    -0.0109    89.1360  1.0000000  1.7582417  13.156792       0.05    13.0490    38.5111    29.1059    13.0486    38.5078    29.1034    4.10502    178.118 0.0000e+00
    808.000    13.1673    13.1667   4.516989   4.516591 -9.990e-29    -0.0110    89.1347  1.0000000  1.7582418  13.156723       0.05    13.0491    38.5111    29.1058    13.0485    38.5079    29.1035 -9.990e-29 -9.990e-29 0.0000e+00
    807.000    13.1671    13.1666   4.516923   4.516521 -9.990e-29    -0.0132    89.1336  1.0000000  1.7582418  13.155975       0.05    13.0490    38.5111    29.1059    13.0485    38.5078    29.1034 -9.990e-29 -9.990e-29 0.0000e+00
    806.000    13.1670    13.1664   4.516861   4.516468 -9.990e-29    -0.0131    89.1347  1.0000000  1.7581304  13.156726       0.05    13.0490    38.5111    29.1059    13.0485    38.5079    29.1035 -9.990e-29 -9.990e-29 0.0000e+00
    805.000    13.1668    13.1663   4.516797   4.516404     2.4625    -0.0134    89.1262  1.0000000  1.7582418  13.155228       0.05    13.0490    38.5111    29.1058    13.0485    38.5078    29.1035    4.10294    178.028 0.0000e+00
    804.000    13.1666    13.1661   4.516738   4.516347     2.4629    -0.0120    89.1376  1.0000000  1.7581885  13.155228       0.05    13.0489    38.5112    29.1060    13.0485    38.5079    29.1035    4.10344    178.049 0.0000e+00
    803.000    13.1664    13.1659   4.516670   4.516277     2.4632    -0.0109    89.1358  1.0000000  1.7581061  13.155228       0.05    13.0489    38.5111    29.1059    13.0484    38.5079    29.1035    4.10470    178.104 0.0000e+00
    802.000    13.1661    13.1658   4.516608   4.516215     2.4641    -0.0116    89.1315  1.0000000  1.7582432  13.155228       0.05    13.0488    38.5112    29.1060    13.0484    38.5079    29.1035    4.10532    178.131 0.0000e+00
    801.000    13.1665    13.1690   4.516621   4.516604     2.4639    -0.0130    89.0688  1.0000000  1.7581559  13.155228       0.05    13.0493    38.5114    29.1061    13.0518    38.5088    29.1035    4.10092    177.940 0.0000e+00
    800.000    13.1670    13.1728   4.516641   4.517079     2.4636    -0.0111    89.1285  1.0000000  1.7582180  13.155228       0.05    13.0499    38.5116    29.1061    13.0557    38.5099    29.1036    4.09996    177.899 0.0000e+00
    799.000    13.1750    13.1744   4.517656   4.517227     2.4631    -0.0108    89.1338  1.0000000  1.7582427  13.166310       0.05    13.0580    38.5137    29.1060    13.0574    38.5102    29.1034    4.09968    177.886 0.0000e+00
    798.000    13.1761    13.1767   4.517753   4.517482     2.4637    -0.0120    89.1404  1.0000000  1.7582749  13.170359       0.05    13.0593    38.5139    29.1059    13.0599    38.5107    29.1033    4.10082    177.936 0.0000e+00
    797.000    13.1770    13.1786   4.517850   4.517690     2.4639    -0.0115    89.1392  1.0000000  1.7583476  13.167399       0.05    13.0604    38.5143    29.1060    13.0619    38.5112    29.1033    4.09957    177.881 0.0000e+00
    796.000    13.1776    13.1787   4.517860   4.517658 -9.990e-29    -0.0111    89.1329  1.0000000  1.7581846  13.163685       0.05    13.0611    38.5143    29.1059    13.0622    38.5113    29.1033 -9.990e-29 -9.990e-29 0.0000e+00
    795.000    13.1802    13.1819   4.518179   4.518033 -9.990e-29    -0.0116    89.1353  1.0000000  1.7582423  13.171758       0.05    13.0639    38.5151    29.1059    13.0655    38.5121    29.1032 -9.990e-29 -9.990e-29 0.0000e+00
    794.000    13.1800    13.1813   4.518103   4.517926 -9.990e-29    -0.0112    89.1348  1.0000000  1.7582418  13.171673       0.05    13.0637    38.5151    29.1059    13.0651    38.5121    29.1033 -9.990e-29 -9.990e-29 0.0000e+00
    793.000    13.1813    13.1807   4.518241   4.517798     2.4644    -0.0104    89.1418  1.0000000  1.7583805  13.171673       0.05    13.0653    38.5155    29.1059    13.0646    38.5119    29.1033    4.09606    177.729 0.0000e+00
    792.000    13.1816    13.1816   4.518211   4.517884     2.4642    -0.0113    89.1370  1.0000000  1.7582356  13.171673       0.05    13.0657    38.5154    29.1057    13.0656    38.5123    29.1033    4.09761    177.796 0.0000e+00
    791.000    13.1813    13.1818   4.518131   4.517863     2.4648    -0.0127    89.1403  1.0000000  1.7582739  13.171673       0.05    13.0656    38.5153    29.1057    13.0661    38.5122    29.1032    4.09945    177.876 0.0000e+00
    790.000    13.1813    13.1819   4.518097   4.517824     2.4648    -0.0134    89.1265  1.0000000  1.7585209  13.171673       0.05    13.0657    38.5155    29.1058    13.0662    38.5123    29.1032    4.09687    177.764 0.0000e+00
    789.000    13.1818    13.1823   4.518138   4.517846     2.4647    -0.0119    89.1347  1.0000000  1.7582611  13.171673       0.05    13.0663    38.5158    29.1059    13.0668    38.5125    29.1032    4.09694    177.767 0.0000e+00
    788.000    13.1818    13.1831   4.518088   4.517910     2.4652    -0.0111    89.1435  1.0000000  1.7582716  13.172077       0.05    13.0665    38.5157    29.1058    13.0677    38.5128    29.1033    4.09889    177.852 0.0000e+00
    787.000    13.1821    13.1830   4.518076   4.517857     2.4653    -0.0107    89.1390  1.0000000  1.7584097  13.171664       0.05    13.0669    38.5158    29.1058    13.0678    38.5127    29.1032    4.09675    177.758 0.0000e+00
    786.000    13.1835    13.1834   4.518216   4.517860     2.4653    -0.0116    89.1373  1.0000000  1.7585480  13.171673       0.05    13.0684    38.5162    29.1058    13.0683    38.5129    29.1032    4.09629    177.738 0.0000e+00
    785.000    13.1839    13.1837   4.518220   4.517873     2.4653    -0.0109    89.1391  1.0000000  1.7586363  13.171673       0.05    13.0690    38.5162    29.1057    13.0689    38.5130    29.1032    4.09596    177.724 0.0000e+00
    784.000    13.1842    13.1842   4.518207   4.517869 -9.990e-29    -0.0103    89.1342  1.0000000  1.7584344  13.171673       0.05    13.0695    38.5162    29.1056    13.0694    38.5130    29.1031 -9.990e-29 -9.990e-29 0.0000e+00
    783.000    13.1846    13.1845   4.518217   4.517874 -9.990e-29    -0.0121    89.1360  1.0000000  1.7584742  13.171673       0.05    13.0700    38.5164    29.1056    13.0699    38.5132    29.1031 -9.990e-29 -9.990e-29 0.0000e+00
    782.000    13.1856    13.1855   4.518304   4.517946 -9.990e-29    -0.0111    89.1315  1.0000000  1.7586688  13.171673       0.05    13.0712    38.5166    29.1055    13.0710    38.5133    29.1030 -9.990e-29 -9.990e-29 0.0000e+00
    781.000    13.1883    13.1883   4.518601   4.518282     2.4648    -0.0082    89.1176  1.0000000  1.7585486  13.171673       0.05    13.0740    38.5172    29.1054    13.0740    38.5141    29.1030    4.09438    177.655 0.0000e+00
    780.000    13.1898    13.1896   4.518775   4.518401     2.4653    -0.0094    89.1312  1.0000000  1.7583684  13.171673       0.05    13.0756    38.5177    29.1055    13.0755    38.5143    29.1029    4.09392    177.636 0.0000e+00
    779.000    13.1914    13.1905   4.518931   4.518497     2.4653    -0.0110    89.1359  1.0000000  1.7587047  13.171673       0.05    13.0774    38.5181    29.1054    13.0765    38.5148    29.1030    4.09286    177.589 0.0000e+00
    778.000    13.1914    13.1909   4.518906   4.518491     2.4657    -0.0097    89.1325  1.0000000  1.7586127  13.175994       0.05    13.0775    38.5183    29.1055    13.0770    38.5148    29.1029    4.09420    177.647 0.0000e+00
    777.000    13.1913    13.1913   4.518866   4.518517     2.4661    -0.0103    89.1347  1.0000000  1.7584086  13.183621       0.05    13.0776    38.5184    29.1056    13.0775    38.5151    29.1030    4.09512    177.688 0.0000e+00
    776.000    13.1917    13.1910   4.518864   4.518405     2.4663    -0.0113    89.1347  1.0000000  1.7589067  13.184379       0.05    13.0781    38.5185    29.1055    13.0774    38.5148    29.1028    4.09339    177.612 0.0000e+00
    775.000    13.1917    13.1913   4.518798   4.518414     2.4664    -0.0099    89.1350  1.0000000  1.7592797  13.182362       0.05    13.0783    38.5182    29.1053    13.0779    38.5150    29.1029    4.09178    177.542 0.0000e+00
    774.000    13.1917    13.1915   4.518770   4.518405     2.4661    -0.0104    89.1291  1.0000000  1.7590342  13.176578       0.05    13.0784    38.5184    29.1054    13.0782    38.5151    29.1029    4.08631    177.305 0.0000e+00
    773.000    13.1936    13.1931   4.518980   4.518574     2.4649    -0.0112    89.1315  1.0000000  1.7588847  13.180321       0.05    13.0805    38.5190    29.1054    13.0800    38.5155    29.1028    4.08152    177.097 0.0000e+00
    772.000    13.1964    13.1972   4.519312   4.519054     2.4641    -0.0112    89.1315  1.0000000  1.7592828  13.182605       0.05    13.0834    38.5197    29.1054    13.0841    38.5165    29.1027    4.08089    177.070 0.0000e+00
    771.000    13.1993    13.1986   4.519634   4.519217     2.4632    -0.0119    89.1252  1.0000000  1.7592414  13.183620       0.05    13.0864    38.5203    29.1052    13.0858    38.5170    29.1028    4.07831    176.958 0.0000e+00
    770.000    13.1995    13.1996   4.519644   4.519305     2.4627    -0.0122    89.1285  1.0000000  1.7593044  13.188177       0.05    13.0868    38.5206    29.1054    13.0868    38.5173    29.1028    4.08005    177.033 0.0000e+00
    769.000    13.2000    13.1992   4.519641   4.519197     2.4629    -0.0109    89.1272  1.0000000  1.7591837  13.188118       0.05    13.0874    38.5206    29.1052    13.0866    38.5171    29.1027    4.08244    177.137 0.0000e+00
    768.000    13.2001    13.1994   4.519600   4.519180     2.4634    -0.0107    89.1292  1.0000000  1.7594647  13.188118       0.05    13.0876    38.5206    29.1052    13.0870    38.5172    29.1027    4.08321    177.170 0.0000e+00
    767.000    13.2000    13.1993   4.519557   4.519136     2.4636    -0.0100    89.1315  1.0000000  1.7598265  13.188118       0.05    13.0877    38.5207    29.1053    13.0871    38.5173    29.1027    4.08321    177.170 0.0000e+00
