Data/Raw HPLC Argo/lovbio063c/CTD/moose2014_ge_leg1_012.cnv
* Sea-Bird SBE 9 Data File:
* FileName = C:\CTD\Work\raw\moose2014_ge_leg1_012.hdr
* Software Version Seasave V 7.21d
* Temperature SN = 1378
* Conductivity SN = 2929
* Number of Bytes Per Scan = 41
* Number of Voltage Words = 4
* Number of Scans Averaged by the Deck Unit = 1
* NMEA Latitude = 42 06.01 N
* NMEA Longitude = 006 11.97 E
* NMEA UTC (Time) = Jul 07 2014 07:25:27
* NMEA baud rate = 4800
** Ship:
** Station:
** Operator:
# nquan = 21
# nvalues = 5179                        
# units = specified
# name 0 = prDM: Pressure, Digiquartz [db]
# name 1 = t090C: Temperature [ITS-90, deg C]
# name 2 = t190C: Temperature, 2 [ITS-90, deg C]
# name 3 = c0S/m: Conductivity [S/m]
# name 4 = c1S/m: Conductivity, 2 [S/m]
# name 5 = sbeox0V: Oxygen raw, SBE 43 [V]
# name 6 = flC: Fluorescence, Chelsea Aqua 3 Chl Con [ug/l]
# name 7 = CStarTr0: Beam Transmission, WET Labs C-Star [%]
# name 8 = upoly0: Upoly 0, UVP5
# name 9 = upoly1: Upoly 1, RINKOIII_DO
# name 10 = upoly2: Upoly 2, RINKOIII_Temp
# name 11 = altM: Altimeter [m]
# name 12 = potemp090C: Potential Temperature [ITS-90, deg C]
# name 13 = sal00: Salinity, Practical [PSU]
# name 14 = sigma-é00: Density [sigma-theta, Kg/m^3]
# name 15 = potemp190C: Potential Temperature, 2 [ITS-90, deg C]
# name 16 = sal11: Salinity, Practical, 2 [PSU]
# name 17 = sigma-é11: Density, 2 [sigma-theta, Kg/m^3]
# name 18 = sbeox0ML/L: Oxygen, SBE 43 [ml/l], WS = 2
# name 19 = sbeox0Mm/Kg: Oxygen, SBE 43 [umol/Kg], WS = 2
# name 20 = flag: flag
# span 0 =      1.000,   2590.000       
# span 1 =    13.1005,    22.4271       
# span 2 =    13.1000,    22.4064       
# span 3 =   4.476273,   5.454071       
# span 4 =   4.475833,   5.451494       
# span 5 =     0.0765,     3.8049       
# span 6 =    -0.0161,     0.6191       
# span 7 =    82.1888,    89.2206       
# span 8 =  1.0000000,  1.0000000       
# span 9 =  1.3557615,  1.7886074       
# span 10 =  13.091141,  22.345467      
# span 11 =      -0.01,      48.95      
# span 12 =    12.9028,    22.4269      
# span 13 =    38.1785,    38.5873      
# span 14 =    26.5697,    29.1191      
# span 15 =    12.9021,    22.4062      
# span 16 =    38.2019,    38.5839      
# span 17 =    26.5740,    29.1171      
# span 18 =   -7.27851,   11.69466      
# span 19 =   -315.809,    507.416      
# span 20 = 0.0000e+00, 0.0000e+00      
# interval = decibars: 1                
# start_time = Jan 01 2000 07:25:27 [NMEA time, first data scan]
# bad_flag = -9.990e-29
*END*
[from data line 3380]
   1799.000    13.1785    13.1777   4.558742   4.558354     2.3261    -0.0133    89.1856  1.0000000  1.7397132  13.171673       0.05    12.9067    38.4815    29.1124    12.9059    38.4786    29.1103    4.29909    186.537 0.0000e+00
   1798.000    13.1783    13.1775   4.558674   4.558297     2.3268    -0.0136    89.1924  1.0000000  1.7397312  13.171673       0.05    12.9067    38.4814    29.1123    12.9059    38.4786    29.1103    4.30040    186.594 0.0000e+00
   1797.000    13.1781    13.1774   4.558618   4.558244     2.3270    -0.0121    89.1953  1.0000000  1.7397803  13.171673       0.05    12.9066    38.4815    29.1125    12.9059    38.4787    29.1104    4.29627    186.415 0.0000e+00
   1796.000    13.1780    13.1772   4.558555   4.558181     2.3269    -0.0111    89.1943  1.0000000  1.7399270  13.171673       0.05    12.9067    38.4814    29.1123    12.9060    38.4786    29.1103    4.29464    186.344 0.0000e+00
   1795.000    13.1779    13.1771   4.558501   4.558131 -9.990e-29    -0.0126    89.1880  1.0000000  1.7397043  13.171673       0.05    12.9067    38.4814    29.1124    12.9060    38.4787    29.1104 -9.990e-29 -9.990e-29 0.0000e+00
   1794.000    13.1777    13.1770   4.558450   4.558064 -9.990e-29    -0.0133    89.1916  1.0000000  1.7395545  13.171673       0.05    12.9068    38.4815    29.1124    12.9060    38.4786    29.1103 -9.990e-29 -9.990e-29 0.0000e+00
   1793.000    13.1776    13.1768   4.558387   4.557997 -9.990e-29    -0.0132    89.1860  1.0000000  1.7397287  13.171025       0.05    12.9068    38.4814    29.1123    12.9061    38.4785    29.1102 -9.990e-29 -9.990e-29 0.0000e+00
   1792.000    13.1774    13.1767   4.558329   4.557949     2.3274    -0.0119    89.1853  1.0000000  1.7398344  13.171661       0.05    12.9067    38.4815    29.1124    12.9060    38.4786    29.1103    4.29279    186.264 0.0000e+00
   1791.000    13.1773    13.1765   4.558271   4.557886     2.3273    -0.0135    89.1840  1.0000000  1.7393845  13.171673       0.05    12.9068    38.4814    29.1124    12.9061    38.4785    29.1102    4.29323    186.282 0.0000e+00
   1790.000    13.1773    13.1764   4.558212   4.557843     2.3270    -0.0138    89.1880  1.0000000  1.7397669  13.171673       0.05    12.9070    38.4813    29.1122    12.9061    38.4786    29.1103    4.29229    186.242 0.0000e+00
   1789.000    13.1772    13.1763   4.558163   4.557781     2.3271    -0.0134    89.1839  1.0000000  1.7399863  13.171673       0.05    12.9070    38.4813    29.1122    12.9062    38.4785    29.1102    4.29670    186.433 0.0000e+00
   1788.000    13.1771    13.1761   4.558095   4.557722     2.3280    -0.0131    89.1823  1.0000000  1.7395760  13.170320       0.05    12.9071    38.4812    29.1121    12.9061    38.4786    29.1103    4.30230    186.676 0.0000e+00
   1787.000    13.1767    13.1759   4.558038   4.557659 -9.990e-29    -0.0134    89.1725  1.0000000  1.7396093  13.171645       0.05    12.9069    38.4814    29.1123    12.9061    38.4786    29.1103 -9.990e-29 -9.990e-29 0.0000e+00
   1786.000    13.1766    13.1758   4.557977   4.557601 -9.990e-29    -0.0127    89.1803  1.0000000  1.7397401  13.171673       0.05    12.9070    38.4813    29.1123    12.9061    38.4786    29.1103 -9.990e-29 -9.990e-29 0.0000e+00
   1785.000    13.1764    13.1757   4.557920   4.557543 -9.990e-29    -0.0127    89.1892  1.0000000  1.7397231  13.170985       0.05    12.9069    38.4814    29.1123    12.9062    38.4785    29.1102 -9.990e-29 -9.990e-29 0.0000e+00
   1784.000    13.1762    13.1755   4.557863   4.557485     2.3292    -0.0129    89.1957  1.0000000  1.7397674  13.171672       0.05    12.9069    38.4814    29.1123    12.9062    38.4785    29.1103    4.29364    186.301 0.0000e+00
   1783.000    13.1763    13.1754   4.557810   4.557425     2.3292    -0.0139    89.1818  1.0000000  1.7399245  13.170936       0.05    12.9071    38.4813    29.1122    12.9062    38.4785    29.1102    4.29386    186.310 0.0000e+00
   1782.000    13.1762    13.1753   4.557748   4.557360     2.3290    -0.0134    89.1847  1.0000000  1.7395446  13.171661       0.05    12.9071    38.4812    29.1121    12.9063    38.4784    29.1101    4.29345    186.292 0.0000e+00
   1781.000    13.1759    13.1751   4.557691   4.557307     2.3291    -0.0138    89.1904  1.0000000  1.7395838  13.171673       0.05    12.9070    38.4813    29.1122    12.9062    38.4785    29.1102    4.29229    186.242 0.0000e+00
   1780.000    13.1756    13.1749   4.557623   4.557251     2.3289    -0.0132    89.1905  1.0000000  1.7399648  13.171673       0.05    12.9069    38.4814    29.1123    12.9062    38.4786    29.1103    4.29546    186.379 0.0000e+00
   1779.000    13.1755    13.1748   4.557572   4.557179 -9.990e-29    -0.0127    89.1929  1.0000000  1.7396372  13.171025       0.05    12.9070    38.4814    29.1123    12.9062    38.4784    29.1101 -9.990e-29 -9.990e-29 0.0000e+00
   1778.000    13.1755    13.1747   4.557515   4.557131 -9.990e-29    -0.0123    89.1857  1.0000000  1.7394802  13.167887       0.05    12.9071    38.4813    29.1122    12.9064    38.4784    29.1101 -9.990e-29 -9.990e-29 0.0000e+00
   1777.000    13.1754    13.1746   4.557456   4.557073 -9.990e-29    -0.0130    89.1829  1.0000000  1.7396929  13.168537       0.05    12.9072    38.4812    29.1121    12.9064    38.4784    29.1101 -9.990e-29 -9.990e-29 0.0000e+00
   1776.000    13.1752    13.1744   4.557401   4.557011 -9.990e-29    -0.0118    89.1894  1.0000000  1.7394654  13.168541       0.05    12.9071    38.4813    29.1122    12.9063    38.4784    29.1101 -9.990e-29 -9.990e-29 0.0000e+00
   1775.000    13.1751    13.1742   4.557332   4.556959 -9.990e-29    -0.0120    89.1901  1.0000000  1.7394687  13.170284       0.05    12.9071    38.4812    29.1121    12.9064    38.4785    29.1102 -9.990e-29 -9.990e-29 0.0000e+00
   1774.000    13.1747    13.1741   4.557267   4.556902 -9.990e-29    -0.0124    89.1905  1.0000000  1.7395877  13.170535       0.05    12.9070    38.4814    29.1123    12.9063    38.4785    29.1102 -9.990e-29 -9.990e-29 0.0000e+00
   1773.000    13.1747    13.1740   4.557216   4.556842 -9.990e-29    -0.0135    89.1923  1.0000000  1.7397018  13.170454       0.05    12.9071    38.4813    29.1122    12.9064    38.4785    29.1101 -9.990e-29 -9.990e-29 0.0000e+00
   1772.000    13.1746    13.1739   4.557164   4.556788 -9.990e-29    -0.0139    89.1852  1.0000000  1.7397234  13.171685       0.05    12.9072    38.4813    29.1122    12.9064    38.4784    29.1101 -9.990e-29 -9.990e-29 0.0000e+00
   1771.000    13.1746    13.1737   4.557103   4.556720     2.3306    -0.0138    89.1842  1.0000000  1.7396209  13.167541       0.05    12.9073    38.4811    29.1120    12.9065    38.4783    29.1100    4.29651    186.425 0.0000e+00
   1770.000    13.1745    13.1737   4.557054   4.556673     2.3311    -0.0126    89.1805  1.0000000  1.7398705  13.169425       0.05    12.9074    38.4811    29.1120    12.9066    38.4783    29.1100    4.29574    186.392 0.0000e+00
   1769.000    13.1743    13.1735   4.556991   4.556609     2.3311    -0.0111    89.1861  1.0000000  1.7397765  13.166941       0.05    12.9074    38.4812    29.1120    12.9066    38.4783    29.1100    4.29435    186.332 0.0000e+00
   1768.000    13.1740    13.1733   4.556928   4.556553     2.3316    -0.0117    89.1922  1.0000000  1.7397461  13.169213       0.05    12.9072    38.4813    29.1122    12.9066    38.4784    29.1101    4.29515    186.366 0.0000e+00
   1767.000    13.1738    13.1732   4.556871   4.556495     2.3319    -0.0114    89.1943  1.0000000  1.7396200  13.167542       0.05    12.9072    38.4813    29.1122    12.9065    38.4784    29.1101    4.29508    186.363 0.0000e+00
   1766.000    13.1737    13.1731   4.556813   4.556441     2.3320    -0.0118    89.1887  1.0000000  1.7396824  13.169040       0.05    12.9072    38.4813    29.1122    12.9066    38.4784    29.1100    4.29345    186.292 0.0000e+00
   1765.000    13.1736    13.1729   4.556756   4.556384     2.3320    -0.0121    89.1873  1.0000000  1.7397528  13.168537       0.05    12.9073    38.4813    29.1121    12.9066    38.4784    29.1101    4.29251    186.252 0.0000e+00
   1764.000    13.1737    13.1728   4.556703   4.556323     2.3319    -0.0112    89.1862  1.0000000  1.7397523  13.166978       0.05    12.9076    38.4810    29.1119    12.9067    38.4783    29.1100    4.29157    186.211 0.0000e+00
   1763.000    13.1736    13.1727   4.556644   4.556264     2.3319    -0.0107    89.1927  1.0000000  1.7394699  13.167735       0.05    12.9076    38.4810    29.1119    12.9067    38.4783    29.1100    4.29098    186.185 0.0000e+00
   1762.000    13.1732    13.1725   4.556578   4.556200     2.3318    -0.0131    89.1902  1.0000000  1.7398244  13.168493       0.05    12.9074    38.4812    29.1120    12.9067    38.4783    29.1100    4.29204    186.231 0.0000e+00
   1761.000    13.1730    13.1723   4.556526   4.556141     2.3326    -0.0136    89.1820  1.0000000  1.7394260  13.169630       0.05    12.9073    38.4813    29.1122    12.9066    38.4783    29.1100    4.29652    186.426 0.0000e+00
   1760.000    13.1729    13.1722   4.556467   4.556087     2.3330    -0.0124    89.1872  1.0000000  1.7393664  13.167539       0.05    12.9075    38.4812    29.1120    12.9068    38.4783    29.1099    4.29221    186.239 0.0000e+00
   1759.000    13.1728    13.1721   4.556410   4.556039     2.3326    -0.0117    89.1884  1.0000000  1.7399780  13.167755       0.05    12.9075    38.4811    29.1120    12.9068    38.4783    29.1100    4.29008    186.146 0.0000e+00
   1758.000    13.1727    13.1720   4.556361   4.555981     2.3329    -0.0125    89.1901  1.0000000  1.7398669  13.167564       0.05    12.9075    38.4812    29.1121    12.9068    38.4783    29.1100    4.29288    186.268 0.0000e+00
   1757.000    13.1727    13.1719   4.556305   4.555917     2.3330    -0.0129    89.1916  1.0000000  1.7396655  13.167387       0.05    12.9076    38.4811    29.1120    12.9069    38.4783    29.1099    4.29350    186.295 0.0000e+00
   1756.000    13.1724    13.1716   4.556236   4.555856     2.3337    -0.0131    89.1884  1.0000000  1.7399211  13.167248       0.05    12.9075    38.4812    29.1120    12.9068    38.4783    29.1099    4.29779    186.481 0.0000e+00
   1755.000    13.1721    13.1715   4.556177   4.555794     2.3344    -0.0133    89.1961  1.0000000  1.7396148  13.166969       0.05    12.9074    38.4813    29.1121    12.9068    38.4783    29.1099    4.29608    186.407 0.0000e+00
   1754.000    13.1721    13.1714   4.556119   4.555740 -9.990e-29    -0.0129    89.1837  1.0000000  1.7399342  13.167071       0.05    12.9076    38.4811    29.1120    12.9068    38.4783    29.1099 -9.990e-29 -9.990e-29 0.0000e+00
   1753.000    13.1720    13.1713   4.556060   4.555675 -9.990e-29    -0.0129    89.1826  1.0000000  1.7397000  13.168717       0.05    12.9076    38.4811    29.1119    12.9069    38.4782    29.1098 -9.990e-29 -9.990e-29 0.0000e+00
   1752.000    13.1719    13.1711   4.555993   4.555629 -9.990e-29    -0.0113    89.1848  1.0000000  1.7397608  13.164903       0.05    12.9077    38.4810    29.1118    12.9069    38.4783    29.1099 -9.990e-29 -9.990e-29 0.0000e+00
   1751.000    13.1718    13.1709   4.555945   4.555561 -9.990e-29    -0.0122    89.1869  1.0000000  1.7398155  13.163456       0.05    12.9077    38.4811    29.1119    12.9069    38.4783    29.1099 -9.990e-29 -9.990e-29 0.0000e+00
   1750.000    13.1716    13.1707   4.555889   4.555509     2.3346    -0.0117    89.1910  1.0000000  1.7397238  13.162770       0.05    12.9077    38.4811    29.1119    12.9069    38.4783    29.1099    4.29106    186.189 0.0000e+00
   1749.000    13.1713    13.1706   4.555826   4.555444     2.3347    -0.0111    89.1865  1.0000000  1.7399237  13.167632       0.05    12.9076    38.4812    29.1120    12.9069    38.4783    29.1099    4.29302    186.274 0.0000e+00
   1748.000    13.1711    13.1703   4.555753   4.555381     2.3352    -0.0112    89.1845  1.0000000  1.7395630  13.164346       0.05    12.9076    38.4811    29.1119    12.9068    38.4783    29.1100    4.29172    186.217 0.0000e+00
   1747.000    13.1710    13.1703   4.555707   4.555328     2.3345    -0.0109    89.1880  1.0000000  1.7398734  13.161185       0.05    12.9076    38.4811    29.1120    12.9069    38.4783    29.1099    4.28901    186.100 0.0000e+00
   1746.000    13.1710    13.1701   4.555645   4.555268     2.3355    -0.0121    89.1878  1.0000000  1.7398656  13.158502       0.05    12.9078    38.4810    29.1118    12.9069    38.4783    29.1099    4.29631    186.417 0.0000e+00
   1745.000    13.1710    13.1700   4.555590   4.555208     2.3356    -0.0122    89.1827  1.0000000  1.7397618  13.162638       0.05    12.9079    38.4809    29.1117    12.9069    38.4783    29.1099    4.29197    186.228 0.0000e+00
   1744.000    13.1706    13.1697   4.555527   4.555141     2.3356    -0.0139    89.1864  1.0000000  1.7397851  13.165279       0.05    12.9077    38.4811    29.1119    12.9068    38.4783    29.1099    4.29105    186.188 0.0000e+00
   1743.000    13.1703    13.1696   4.555469   4.555090     2.3356    -0.0129    89.1926  1.0000000  1.7399305  13.163962       0.05    12.9076    38.4812    29.1120    12.9069    38.4783    29.1099    4.29045    186.163 0.0000e+00
   1742.000    13.1703    13.1695   4.555415   4.555027     2.3356    -0.0122    89.1875  1.0000000  1.7396561  13.161617       0.05    12.9077    38.4811    29.1119    12.9069    38.4782    29.1099    4.29016    186.150 0.0000e+00
   1741.000    13.1703    13.1694   4.555347   4.554978 -9.990e-29    -0.0118    89.1889  1.0000000  1.7398678  13.155991       0.05    12.9078    38.4809    29.1118    12.9070    38.4783    29.1099 -9.990e-29 -9.990e-29 0.0000e+00
   1740.000    13.1702    13.1693   4.555301   4.554918 -9.990e-29    -0.0117    89.1922  1.0000000  1.7399265  13.160447       0.05    12.9079    38.4810    29.1118    12.9070    38.4782    29.1098 -9.990e-29 -9.990e-29 0.0000e+00
   1739.000    13.1699    13.1691   4.555239   4.554861 -9.990e-29    -0.0108    89.1893  1.0000000  1.7396498  13.160913       0.05    12.9077    38.4811    29.1119    12.9069    38.4783    29.1099 -9.990e-29 -9.990e-29 0.0000e+00
   1738.000    13.1696    13.1689   4.555169   4.554795     2.3376    -0.0116    89.1862  1.0000000  1.7398353  13.160105       0.05    12.9077    38.4811    29.1119    12.9070    38.4783    29.1099    4.29716    186.454 0.0000e+00
   1737.000    13.1695    13.1687   4.555114   4.554733     2.3380    -0.0124    89.1852  1.0000000  1.7396706  13.160024       0.05    12.9077    38.4811    29.1119    12.9069    38.4782    29.1099    4.29467    186.346 0.0000e+00
   1736.000    13.1695    13.1686   4.555053   4.554682     2.3379    -0.0115    89.1845  1.0000000  1.7397681  13.160234       0.05    12.9078    38.4809    29.1118    12.9069    38.4783    29.1099    4.29255    186.254 0.0000e+00
   1735.000    13.1693    13.1685   4.554992   4.554613     2.3379    -0.0104    89.1916  1.0000000  1.7398729  13.155973       0.05    12.9078    38.4810    29.1118    12.9070    38.4782    29.1098    4.29043    186.162 0.0000e+00
   1734.000    13.1691    13.1683   4.554942   4.554557     2.3376    -0.0111    89.1851  1.0000000  1.7394928  13.157831       0.05    12.9078    38.4811    29.1119    12.9070    38.4783    29.1099    4.28751    186.035 0.0000e+00
   1733.000    13.1689    13.1681   4.554870   4.554498 -9.990e-29    -0.0122    89.1932  1.0000000  1.7396793  13.157212       0.05    12.9077    38.4810    29.1119    12.9070    38.4782    29.1098 -9.990e-29 -9.990e-29 0.0000e+00
   1732.000    13.1688    13.1680   4.554821   4.554440 -9.990e-29    -0.0125    89.1853  1.0000000  1.7395218  13.156606       0.05    12.9078    38.4810    29.1119    12.9070    38.4782    29.1098 -9.990e-29 -9.990e-29 0.0000e+00
