Data/Raw HPLC Argo/lovbio048b/CTD/dstn032_56b_48b.cnv
* Sea-Bird SBE 9 Data File:
* FileName = C:\CTD Data\AGU015\Crossroads\stn032.hex
* Software Version Seasave V 7.23.1
* Temperature SN = 5148
* Conductivity SN = 3721
* Number of Bytes Per Scan = 40
* Number of Voltage Words = 5
* Number of Scans Averaged by the Deck Unit = 1
* NMEA Latitude = 45 59.96 S
* NMEA Longitude = 030 57.01 E
* NMEA UTC (Time) = May 09 2015 15:29:32
* NMEA baud rate = 4800
** Ship: SA Agulhas II
** Cruise Marion Relief Voyage 015
** Ship Station AM00368
** Grid Number VOY-015-
** Latitude 45° 59.961' S
** Longitude 30° 57.014' E
** Depth 4841m
** Operator Nazeera / Gavin
** Please double check Station Numbers
** Bridge unable to open station
# nquan = 25
# nvalues = 4969                        
# units = specified
# name 0 = prDM: Pressure, Digiquartz [db]
# name 1 = depSM: Depth [salt water, m]
# name 2 = altM: Altimeter [m]
# name 3 = t090C: Temperature [ITS-90, deg C]
# name 4 = sal00: Salinity, Practical [PSU]
# name 5 = sbeox0ML/L: Oxygen, SBE 43 [ml/l]
# name 6 = c0S/m: Conductivity [S/m]
# name 7 = sigma-é00: Density [sigma-theta, kg/m^3]
# name 8 = turbWETbb0: Turbidity, WET Labs ECO BB [m^-1/sr]
# name 9 = turbWETntu0: Turbidity, WET Labs ECO [NTU]
# name 10 = bat: Beam Attenuation, Chelsea/Seatech [1/m]
# name 11 = bat1: Beam Attenuation, Chelsea/Seatech, 2 [1/m]
# name 12 = xmiss: Beam Transmission, Chelsea/Seatech [%]
# name 13 = xmiss1: Beam Transmission, Chelsea/Seatech, 2 [%]
# name 14 = flECO-AFL: Fluorescence, WET Labs ECO-AFL/FL [mg/m^3]
# name 15 = v0: Voltage 0
# name 16 = v1: Voltage 1
# name 17 = v2: Voltage 2
# name 18 = v3: Voltage 3
# name 19 = v4: Voltage 4
# name 20 = v5: Voltage 5
# name 21 = sal00: Salinity, Practical [PSU]
# name 22 = svCM: Sound Velocity [Chen-Millero, m/s]
# name 23 = density00: Density [density, kg/m^3]
# name 24 = flag: flag
# span 0 =      4.000,   4972.000       
# span 1 =      3.966,   4874.491       
# span 2 =       9.67,      98.87       
# span 3 =     0.5507,     8.9343       
# span 4 =    33.9242,    34.7845       
# span 5 =     3.7248,     6.2599       
# span 6 =   3.119236,   3.664328       
# span 7 =    26.3357,    27.8446       
# span 8 =     0.0004,     0.0009       
# span 9 =    -0.0344,     0.2453       
# span 10 =    -0.0698,     0.0452      
# span 11 =    -0.0546,     0.0556      
# span 12 =    98.8753,   101.7611      
# span 13 =    98.6197,   101.3722      
# span 14 =     0.0005,     1.1968      
# span 15 =     1.0778,     2.3554      
# span 16 =     0.1038,     0.1588      
# span 17 =     4.4772,     4.6061      
# span 18 =     4.7723,     4.9038      
# span 19 =     0.0731,     0.2725      
# span 20 =     0.0478,     0.1876      
# span 21 =    33.9240,    34.7845      
# span 22 =    1475.84,    1535.50      
# span 23 =  1026.3544,  1050.2145      
# span 24 = 0.0000e+00, 0.0000e+00      
# interval = decibars: 1                
# start_time = May 09 2015 15:29:32 [NMEA time, header]
# bad_flag = -9.990e-29
*END*
[from data line 4638]
   4642.000   4554.318      98.66     0.7059    34.6981     4.6120   3.124528    27.8437     0.0004     0.0448    -0.0660    -0.0476   101.6632   101.1977     0.0445     1.1014     0.1059     4.6018     4.8955     0.0804     0.0874    34.6979    1530.43  1048.7826 0.0000e+00
   4643.000   4555.290      98.66     0.7057    34.6980     4.6053   3.124532    27.8437     0.0004     0.0425    -0.0661    -0.0475   101.6671   101.1953     0.0358     1.1015     0.1050     4.6020     4.8954     0.0789     0.0862    34.6979    1530.44  1048.7869 0.0000e+00
   4644.000   4556.262      98.66     0.7055    34.6979     4.6103   3.124546    27.8437     0.0004     0.0431    -0.0661    -0.0474   101.6662   101.1930     0.0438     1.1014     0.1053     4.6020     4.8953     0.0803     0.0866    34.6978    1530.46  1048.7912 0.0000e+00
   4645.000   4557.231      98.66     0.7053    34.6979     4.6095   3.124560    27.8437     0.0004     0.0454    -0.0660    -0.0475   101.6641   101.1953     0.0497     1.1012     0.1056     4.6019     4.8954     0.0813     0.0877    34.6978    1530.48  1048.7955 0.0000e+00
   4646.000   4558.197      98.66     0.7053    34.6979     4.6122   3.124594    27.8436     0.0004     0.0441    -0.0659    -0.0474   101.6617   101.1924     0.0414     1.1012     0.1050     4.6017     4.8953     0.0799     0.0870    34.6978    1530.49  1048.7997 0.0000e+00
   4647.000   4559.168      98.66     0.7049    34.6979     4.6215   3.124592    27.8437     0.0004     0.0457    -0.0658    -0.0473   101.6576   101.1894     0.0366     1.1012     0.1048     4.6015     4.8951     0.0791     0.0878    34.6978    1530.51  1048.8042 0.0000e+00
   4648.000   4560.140      98.66     0.7044    34.6978     4.6005   3.124579    27.8436     0.0004     0.0474    -0.0658    -0.0474   101.6587   101.1917     0.0402     1.1011     0.1040     4.6016     4.8952     0.0797     0.0887    34.6977    1530.53  1048.8084 0.0000e+00
   4649.000   4561.112      98.66     0.7027    34.6978     4.6074   3.124458    27.8437     0.0004     0.0459    -0.0661    -0.0473   101.6672   101.1897     0.0450     1.1009     0.1050     4.6020     4.8951     0.0805     0.0879    34.6976    1530.54  1048.8130 0.0000e+00
   4650.000   4562.083      98.66     0.7024    34.6977     4.6151   3.124464    27.8437     0.0004     0.0420    -0.0661    -0.0477   101.6671   101.1995     0.0435     1.1009     0.1050     4.6020     4.8956     0.0803     0.0860    34.6976    1530.55  1048.8173 0.0000e+00
   4651.000   4563.054      98.66     0.7022    34.6977     4.6194   3.124484    27.8437     0.0004     0.0425    -0.0659    -0.0474   101.6608   101.1927     0.0410     1.1009     0.1050     4.6017     4.8953     0.0799     0.0863    34.6976    1530.57  1048.8217 0.0000e+00
   4652.000   4564.024      98.66     0.7021    34.6977     4.6112   3.124501    27.8437     0.0004     0.0434    -0.0661    -0.0474   101.6660   101.1917     0.0371     1.1007     0.1054     4.6019     4.8952     0.0792     0.0867    34.6976    1530.58  1048.8259 0.0000e+00
   4653.000   4564.993      98.66     0.7023    34.6977     4.6180   3.124549    27.8437     0.0004     0.0438    -0.0659    -0.0472   101.6606   101.1868     0.0379     1.1008     0.1073     4.6017     4.8950     0.0793     0.0869    34.6976    1530.60  1048.8302 0.0000e+00
   4654.000   4565.966      98.66     0.7009    34.6976     4.6020   3.124455    27.8437     0.0004     0.0450    -0.0661    -0.0475   101.6671   101.1942     0.0397     1.1006     0.1061     4.6020     4.8954     0.0796     0.0875    34.6975    1530.61  1048.8346 0.0000e+00
   4655.000   4566.936      98.66     0.6986    34.6975     4.6046   3.124282    27.8437     0.0004     0.0444    -0.0660    -0.0472   101.6646   101.1879     0.0436     1.1005     0.1038     4.6019     4.8951     0.0803     0.0872    34.6974    1530.62  1048.8393 0.0000e+00
   4656.000   4567.907      98.66     0.6987    34.6976     4.6075   3.124335    27.8439     0.0004     0.0465    -0.0661    -0.0475   101.6659   101.1935     0.0360     1.1003     0.1058     4.6019     4.8953     0.0790     0.0882    34.6975    1530.64  1048.8436 0.0000e+00
   4657.000   4568.878      98.66     0.6990    34.6974     4.6150   3.124372    27.8437     0.0004     0.0477    -0.0660    -0.0476   101.6632   101.1965     0.0371     1.1006     0.1053     4.6018     4.8955     0.0792     0.0888    34.6973    1530.66  1048.8477 0.0000e+00
   4658.000   4569.853      98.66     0.6991    34.6974     4.6212   3.124415    27.8437     0.0004     0.0465    -0.0657    -0.0474   101.6573   101.1915     0.0369     1.1003     0.1050     4.6015     4.8952     0.0792     0.0883    34.6973    1530.68  1048.8520 0.0000e+00
   4659.000   4570.823      98.66     0.6992    34.6975     4.6047   3.124468    27.8437     0.0004     0.0491    -0.0661    -0.0472   101.6669   101.1859     0.0420     1.1003     0.1054     4.6020     4.8950     0.0800     0.0896    34.6974    1530.69  1048.8564 0.0000e+00
   4660.000   4571.793      98.66     0.6992    34.6974     4.6248   3.124491    27.8437     0.0004     0.0494    -0.0661    -0.0472   101.6671   101.1876     0.0410     1.1003     0.1057     4.6020     4.8950     0.0799     0.0897    34.6973    1530.71  1048.8606 0.0000e+00
   4661.000   4572.765      98.66     0.6991    34.6973     4.6162   3.124510    27.8436     0.0004     0.0493    -0.0661    -0.0474   101.6664   101.1922     0.0375     1.1003     0.1050     4.6020     4.8953     0.0793     0.0897    34.6972    1530.73  1048.8648 0.0000e+00
   4662.000   4573.732      98.66     0.6991    34.6973     4.6191   3.124542    27.8436     0.0004     0.0520    -0.0658    -0.0473   101.6598   101.1887     0.0412     1.1003     0.1046     4.6017     4.8951     0.0799     0.0910    34.6972    1530.75  1048.8691 0.0000e+00
   4663.000   4574.701      98.66     0.6989    34.6974     4.6140   3.124567    27.8437     0.0004     0.0504    -0.0660    -0.0474   101.6632   101.1914     0.0484     1.1001     0.1055     4.6018     4.8952     0.0811     0.0902    34.6974    1530.76  1048.8736 0.0000e+00
   4664.000   4575.673      98.66     0.6983    34.6973     4.6193   3.124543    27.8437     0.0004     0.0571    -0.0660    -0.0475   101.6653   101.1939     0.0449     1.1003     0.1060     4.6019     4.8953     0.0805     0.0935    34.6973    1530.78  1048.8779 0.0000e+00
   4665.000   4576.643      98.66     0.6977    34.6973     4.6314   3.124519    27.8437     0.0004     0.0546    -0.0661    -0.0473   101.6682   101.1887     0.0435     1.1002     0.1051     4.6020     4.8951     0.0803     0.0923    34.6972    1530.79  1048.8823 0.0000e+00
   4666.000   4577.616      98.66     0.6973    34.6973     4.5985   3.124516    27.8437     0.0004     0.0589    -0.0661    -0.0474   101.6671   101.1924     0.0522     1.0999     0.1050     4.6020     4.8953     0.0817     0.0944    34.6972    1530.81  1048.8866 0.0000e+00
   4667.000   4578.583      98.66     0.6973    34.6973     4.6225   3.124549    27.8437     0.0004     0.0597    -0.0660    -0.0473   101.6646   101.1903     0.0383     1.1002     0.1059     4.6019     4.8952     0.0794     0.0948    34.6972    1530.82  1048.8909 0.0000e+00
   4668.000   4579.559      98.66     0.6970    34.6973     4.6198   3.124555    27.8437     0.0004     0.0596    -0.0660    -0.0471   101.6657   101.1855     0.0336     1.0997     0.1056     4.6019     4.8949     0.0786     0.0948    34.6972    1530.84  1048.8953 0.0000e+00
   4669.000   4580.525      98.66     0.6968    34.6973     4.6010   3.124581    27.8438     0.0004     0.0535    -0.0661    -0.0473   101.6671   101.1881     0.0327     1.0999     0.1052     4.6020     4.8951     0.0784     0.0918    34.6973    1530.86  1048.8996 0.0000e+00
   4670.000   4581.502      98.66     0.6971    34.6972     4.6178   3.124627    27.8437     0.0004     0.0546    -0.0661    -0.0474   101.6671   101.1908     0.0370     1.0998     0.1062     4.6020     4.8952     0.0792     0.0923    34.6972    1530.88  1048.9038 0.0000e+00
   4671.000   4582.470      98.66     0.6972    34.6973     4.6262   3.124677    27.8438     0.0004     0.0532    -0.0660    -0.0473   101.6631   101.1894     0.0371     1.0999     0.1053     4.6018     4.8951     0.0792     0.0916    34.6973    1530.89  1048.9082 0.0000e+00
   4672.000   4583.446      98.66     0.6973    34.6973     4.6205   3.124716    27.8438     0.0004     0.0508    -0.0660    -0.0472   101.6632   101.1868     0.0331     1.0997     0.1050     4.6018     4.8950     0.0785     0.0904    34.6973    1530.91  1048.9124 0.0000e+00
   4673.000   4584.414      98.66     0.6973    34.6972     4.6050   3.124749    27.8437     0.0004     0.0520    -0.0661    -0.0473   101.6681   101.1898     0.0370     1.0994     0.1050     4.6020     4.8951     0.0791     0.0910    34.6972    1530.93  1048.9166 0.0000e+00
   4674.000   4585.386      98.66     0.6980    34.6971     4.6123   3.124831    27.8436     0.0004     0.0577    -0.0660    -0.0471   101.6647   101.1853     0.0412     1.0994     0.1050     4.6019     4.8949     0.0799     0.0938    34.6971    1530.95  1048.9208 0.0000e+00
   4675.000   4586.354      98.66     0.6982    34.6972     4.6147   3.124888    27.8436     0.0004     0.0586    -0.0661    -0.0473   101.6671   101.1903     0.0377     1.0993     0.1062     4.6020     4.8952     0.0793     0.0943    34.6972    1530.97  1048.9251 0.0000e+00
   4676.000   4587.321      98.66     0.6984    34.6972     4.6168   3.124934    27.8436     0.0004     0.0586    -0.0660    -0.0471   101.6643   101.1854     0.0375     1.0992     0.1060     4.6019     4.8949     0.0793     0.0943    34.6972    1530.99  1048.9293 0.0000e+00
   4677.000   4588.291      98.66     0.6983    34.6973     4.6169   3.124969    27.8437     0.0004     0.0596    -0.0660    -0.0475   101.6653   101.1954     0.0370     1.0992     0.1050     4.6019     4.8954     0.0792     0.0948    34.6973    1531.00  1048.9337 0.0000e+00
   4678.000   4589.263      98.66     0.6982    34.6972     4.6232   3.124992    27.8437     0.0004     0.0574    -0.0659    -0.0473   101.6618   101.1906     0.0526     1.0991     0.1050     4.6017     4.8952     0.0818     0.0937    34.6973    1531.02  1048.9380 0.0000e+00
   4679.000   4590.235      98.66     0.6990    34.6973     4.6156   3.125092    27.8437     0.0004     0.0556    -0.0661    -0.0474   101.6672   101.1911     0.0454     1.0990     0.1062     4.6020     4.8952     0.0806     0.0928    34.6973    1531.04  1048.9421 0.0000e+00
   4680.000   4591.203      98.66     0.6991    34.6973     4.6182   3.125134    27.8437     0.0004     0.0597    -0.0661    -0.0472   101.6671   101.1856     0.0389     1.0991     0.1051     4.6020     4.8949     0.0795     0.0948    34.6973    1531.06  1048.9464 0.0000e+00
   4681.000   4592.176      98.66     0.6983    34.6972     4.6119   3.125100    27.8437     0.0004     0.0553    -0.0662    -0.0472   101.6684   101.1856     0.0382     1.0987     0.1041     4.6021     4.8949     0.0794     0.0926    34.6972    1531.07  1048.9508 0.0000e+00
   4682.000   4593.149      98.66     0.6983    34.6973     4.6112   3.125130    27.8438     0.0004     0.0556    -0.0661    -0.0473   101.6671   101.1881     0.0378     1.0989     0.1054     4.6020     4.8951     0.0793     0.0928    34.6973    1531.09  1048.9552 0.0000e+00
   4683.000   4594.121      98.66     0.6981    34.6971     4.6272   3.125129    27.8436     0.0004     0.0563    -0.0660    -0.0474   101.6632   101.1929     0.0382     1.0989     0.1070     4.6018     4.8953     0.0794     0.0931    34.6971    1531.11  1048.9593 0.0000e+00
   4684.000   4595.089      98.66     0.6950    34.6971     4.6231   3.124890    27.8438     0.0004     0.0590    -0.0659    -0.0473   101.6606   101.1905     0.0450     1.0988     0.1050     4.6017     4.8952     0.0805     0.0945    34.6970    1531.11  1048.9642 0.0000e+00
   4685.000   4596.065      98.66     0.6941    34.6972     4.6193   3.124854    27.8440     0.0004     0.0593    -0.0660    -0.0473   101.6645   101.1904     0.0389     1.0987     0.1050     4.6019     4.8952     0.0795     0.0946    34.6971    1531.12  1048.9687 0.0000e+00
   4686.000   4597.032      98.66     0.6940    34.6971     4.5982   3.124868    27.8439     0.0004     0.0546    -0.0660    -0.0471   101.6637   101.1837     0.0424     1.0984     0.1059     4.6018     4.8949     0.0801     0.0923    34.6970    1531.14  1048.9729 0.0000e+00
   4687.000   4598.003      98.66     0.6935    34.6970     4.5998   3.124853    27.8438     0.0004     0.0558    -0.0661    -0.0472   101.6670   101.1877     0.0410     1.0982     0.1054     4.6020     4.8950     0.0799     0.0929    34.6969    1531.16  1048.9772 0.0000e+00
   4688.000   4598.975      98.66     0.6937    34.6970     4.6263   3.124902    27.8438     0.0004     0.0598    -0.0661    -0.0474   101.6662   101.1911     0.0422     1.0983     0.1050     4.6020     4.8952     0.0801     0.0948    34.6969    1531.17  1048.9815 0.0000e+00
   4689.000   4599.945      98.66     0.6936    34.6969     4.6157   3.124916    27.8437     0.0004     0.0567    -0.0661    -0.0475   101.6671   101.1948     0.0401     1.0981     0.1059     4.6020     4.8954     0.0797     0.0933    34.6968    1531.19  1048.9856 0.0000e+00
   4690.000   4600.914      98.66     0.6937    34.6969     4.6119   3.124960    27.8437     0.0004     0.0584    -0.0661    -0.0473   101.6663   101.1890     0.0485     1.0979     0.1054     4.6020     4.8951     0.0811     0.0942    34.6968    1531.21  1048.9899 0.0000e+00
   4691.000   4601.883      98.66     0.6938    34.6969     4.6219   3.125004    27.8438     0.0004     0.0583    -0.0661    -0.0470   101.6663   101.1813     0.0412     1.0980     0.1054     4.6020     4.8947     0.0799     0.0941    34.6968    1531.23  1048.9942 0.0000e+00
   4692.000   4602.853      98.66     0.6932    34.6969     4.6307   3.124987    27.8438     0.0004     0.0560    -0.0660    -0.0473   101.6651   101.1905     0.0455     1.0983     0.1050     4.6019     4.8952     0.0806     0.0930    34.6968    1531.24  1048.9986 0.0000e+00
   4693.000   4603.824      98.66     0.6928    34.6969     4.6243   3.124994    27.8439     0.0004     0.0595    -0.0661    -0.0475   101.6671   101.1940     0.0455     1.0980     0.1050     4.6020     4.8953     0.0806     0.0947    34.6969    1531.26  1049.0030 0.0000e+00
   4694.000   4604.796      98.66     0.6929    34.6968     4.6102   3.125022    27.8438     0.0004     0.0599    -0.0661    -0.0464   101.6671   101.1676     0.0410     1.0980     0.1050     4.6020     4.8941     0.0799     0.0949    34.6968    1531.28  1049.0072 0.0000e+00
   4695.000   4605.764      98.66     0.6922    34.6969     4.6203   3.124991    27.8438     0.0004     0.0597    -0.0656    -0.0469   101.6546   101.1800     0.0375     1.0979     0.1058     4.6014     4.8947     0.0793     0.0948    34.6968    1531.29  1049.0117 0.0000e+00
   4696.000   4606.739      98.66     0.6899    34.6967     4.6152   3.124818    27.8439     0.0004     0.0547    -0.0661    -0.0476   101.6658   101.1965     0.0375     1.0979     0.1056     4.6019     4.8955     0.0793     0.0923    34.6966    1531.30  1049.0162 0.0000e+00
   4697.000   4607.710      98.66     0.6872    34.6967     4.6250   3.124607    27.8440     0.0004     0.0567    -0.0660    -0.0473   101.6645   101.1905     0.0382     1.0977     0.1050     4.6019     4.8952     0.0794     0.0934    34.6965    1531.30  1049.0209 0.0000e+00
   4698.000   4608.683      98.66     0.6843    34.6965     4.6164   3.124374    27.8440     0.0004     0.0589    -0.0660    -0.0469   101.6647   101.1790     0.0315     1.0976     0.1050     4.6019     4.8946     0.0782     0.0944    34.6962    1531.31  1049.0255 0.0000e+00
