Data/Raw HPLC Argo/lovbio048b/CTD/dstn032_56b_48b.cnv
* Sea-Bird SBE 9 Data File:
* FileName = C:\CTD Data\AGU015\Crossroads\stn032.hex
* Software Version Seasave V 7.23.1
* Temperature SN = 5148
* Conductivity SN = 3721
* Number of Bytes Per Scan = 40
* Number of Voltage Words = 5
* Number of Scans Averaged by the Deck Unit = 1
* NMEA Latitude = 45 59.96 S
* NMEA Longitude = 030 57.01 E
* NMEA UTC (Time) = May 09 2015 15:29:32
* NMEA baud rate = 4800
** Ship: SA Agulhas II
** Cruise Marion Relief Voyage 015
** Ship Station AM00368
** Grid Number VOY-015-
** Latitude 45° 59.961' S
** Longitude 30° 57.014' E
** Depth 4841m
** Operator Nazeera / Gavin
** Please double check Station Numbers
** Bridge unable to open station
# nquan = 25
# nvalues = 4969                        
# units = specified
# name 0 = prDM: Pressure, Digiquartz [db]
# name 1 = depSM: Depth [salt water, m]
# name 2 = altM: Altimeter [m]
# name 3 = t090C: Temperature [ITS-90, deg C]
# name 4 = sal00: Salinity, Practical [PSU]
# name 5 = sbeox0ML/L: Oxygen, SBE 43 [ml/l]
# name 6 = c0S/m: Conductivity [S/m]
# name 7 = sigma-é00: Density [sigma-theta, kg/m^3]
# name 8 = turbWETbb0: Turbidity, WET Labs ECO BB [m^-1/sr]
# name 9 = turbWETntu0: Turbidity, WET Labs ECO [NTU]
# name 10 = bat: Beam Attenuation, Chelsea/Seatech [1/m]
# name 11 = bat1: Beam Attenuation, Chelsea/Seatech, 2 [1/m]
# name 12 = xmiss: Beam Transmission, Chelsea/Seatech [%]
# name 13 = xmiss1: Beam Transmission, Chelsea/Seatech, 2 [%]
# name 14 = flECO-AFL: Fluorescence, WET Labs ECO-AFL/FL [mg/m^3]
# name 15 = v0: Voltage 0
# name 16 = v1: Voltage 1
# name 17 = v2: Voltage 2
# name 18 = v3: Voltage 3
# name 19 = v4: Voltage 4
# name 20 = v5: Voltage 5
# name 21 = sal00: Salinity, Practical [PSU]
# name 22 = svCM: Sound Velocity [Chen-Millero, m/s]
# name 23 = density00: Density [density, kg/m^3]
# name 24 = flag: flag
# span 0 =      4.000,   4972.000       
# span 1 =      3.966,   4874.491       
# span 2 =       9.67,      98.87       
# span 3 =     0.5507,     8.9343       
# span 4 =    33.9242,    34.7845       
# span 5 =     3.7248,     6.2599       
# span 6 =   3.119236,   3.664328       
# span 7 =    26.3357,    27.8446       
# span 8 =     0.0004,     0.0009       
# span 9 =    -0.0344,     0.2453       
# span 10 =    -0.0698,     0.0452      
# span 11 =    -0.0546,     0.0556      
# span 12 =    98.8753,   101.7611      
# span 13 =    98.6197,   101.3722      
# span 14 =     0.0005,     1.1968      
# span 15 =     1.0778,     2.3554      
# span 16 =     0.1038,     0.1588      
# span 17 =     4.4772,     4.6061      
# span 18 =     4.7723,     4.9038      
# span 19 =     0.0731,     0.2725      
# span 20 =     0.0478,     0.1876      
# span 21 =    33.9240,    34.7845      
# span 22 =    1475.84,    1535.50      
# span 23 =  1026.3544,  1050.2145      
# span 24 = 0.0000e+00, 0.0000e+00      
# interval = decibars: 1                
# start_time = May 09 2015 15:29:32 [NMEA time, header]
# bad_flag = -9.990e-29
*END*
[from data line 3189]
   3193.000   3143.006      98.66     1.6198    34.7596     4.4807   3.157930    27.8259     0.0004     0.2070    -0.0694    -0.0535   101.7491   101.3473     0.0497     1.2342     0.1059     4.6056     4.9026     0.0813     0.1685    34.7594    1509.49  1042.3723 0.0000e+00
   3194.000   3143.981      98.66     1.6188    34.7595     4.4759   3.157876    27.8259     0.0004     0.2053    -0.0694    -0.0532   101.7491   101.3391     0.0555     1.2340     0.1044     4.6056     4.9023     0.0822     0.1677    34.7594    1509.50  1042.3769 0.0000e+00
   3195.000   3144.958      98.66     1.6186    34.7595     4.4741   3.157892    27.8259     0.0004     0.2069    -0.0694    -0.0535   101.7502   101.3474     0.0450     1.2337     0.1047     4.6056     4.9026     0.0805     0.1684    34.7593    1509.52  1042.3813 0.0000e+00
   3196.000   3145.938      98.66     1.6184    34.7594     4.4734   3.157903    27.8259     0.0004     0.2048    -0.0689    -0.0532   101.7361   101.3400     0.0388     1.2338     0.1050     4.6050     4.9023     0.0795     0.1674    34.7593    1509.53  1042.3857 0.0000e+00
   3197.000   3146.915      98.66     1.6180    34.7595     4.4871   3.157907    27.8259     0.0004     0.2030    -0.0694    -0.0533   101.7491   101.3411     0.0398     1.2337     0.1050     4.6056     4.9024     0.0797     0.1665    34.7593    1509.55  1042.3902 0.0000e+00
   3198.000   3147.896      98.66     1.6178    34.7595     4.4831   3.157935    27.8259     0.0004     0.2048    -0.0694    -0.0533   101.7491   101.3420     0.0391     1.2338     0.1055     4.6056     4.9024     0.0795     0.1674    34.7594    1509.57  1042.3946 0.0000e+00
   3199.000   3148.871      98.66     1.6163    34.7593     4.4780   3.157820    27.8259     0.0004     0.2054    -0.0694    -0.0531   101.7491   101.3374     0.0404     1.2336     0.1055     4.6056     4.9022     0.0798     0.1677    34.7592    1509.57  1042.3991 0.0000e+00
   3200.000   3149.847      98.66     1.6159    34.7591     4.4759   3.157815    27.8258     0.0004     0.2034    -0.0694    -0.0533   101.7491   101.3422     0.0442     1.2334     0.1050     4.6056     4.9024     0.0804     0.1667    34.7590    1509.59  1042.4035 0.0000e+00
   3201.000   3150.823      98.66     1.6159    34.7591     4.4762   3.157851    27.8258     0.0004     0.2069    -0.0694    -0.0534   101.7491   101.3455     0.0469     1.2332     0.1050     4.6056     4.9026     0.0808     0.1685    34.7590    1509.61  1042.4079 0.0000e+00
   3202.000   3151.799      98.66     1.6149    34.7592     4.4818   3.157804    27.8259     0.0004     0.2049    -0.0694    -0.0535   101.7499   101.3470     0.0495     1.2332     0.1050     4.6056     4.9026     0.0813     0.1675    34.7591    1509.62  1042.4125 0.0000e+00
   3203.000   3152.774      98.66     1.6143    34.7591     4.4814   3.157786    27.8260     0.0004     0.2050    -0.0694    -0.0536   101.7491   101.3495     0.0507     1.2331     0.1058     4.6056     4.9027     0.0814     0.1675    34.7590    1509.64  1042.4169 0.0000e+00
   3204.000   3153.751      98.66     1.6129    34.7591     4.4677   3.157699    27.8260     0.0004     0.2053    -0.0694    -0.0535   101.7491   101.3466     0.0496     1.2327     0.1054     4.6056     4.9026     0.0813     0.1677    34.7590    1509.65  1042.4215 0.0000e+00
   3205.000   3154.727      98.66     1.6122    34.7590     4.4714   3.157666    27.8260     0.0004     0.2052    -0.0694    -0.0534   101.7491   101.3436     0.0557     1.2327     0.1050     4.6056     4.9025     0.0823     0.1676    34.7589    1509.66  1042.4260 0.0000e+00
   3206.000   3155.708      98.66     1.6123    34.7591     4.4749   3.157719    27.8261     0.0004     0.2052    -0.0694    -0.0535   101.7491   101.3476     0.0456     1.2323     0.1050     4.6056     4.9027     0.0806     0.1676    34.7590    1509.68  1042.4304 0.0000e+00
   3207.000   3156.687      98.66     1.6114    34.7591     4.4655   3.157676    27.8261     0.0004     0.2070    -0.0693    -0.0534   101.7462   101.3454     0.0474     1.2322     0.1050     4.6055     4.9026     0.0809     0.1685    34.7589    1509.69  1042.4349 0.0000e+00
   3208.000   3157.665      98.66     1.6111    34.7590     4.4677   3.157681    27.8261     0.0004     0.2072    -0.0694    -0.0534   101.7491   101.3451     0.0510     1.2319     0.1050     4.6056     4.9025     0.0815     0.1686    34.7589    1509.71  1042.4394 0.0000e+00
   3209.000   3158.640      98.66     1.6107    34.7588     4.4669   3.157665    27.8260     0.0004     0.2075    -0.0694    -0.0535   101.7491   101.3481     0.0534     1.2316     0.1050     4.6056     4.9027     0.0819     0.1688    34.7587    1509.72  1042.4437 0.0000e+00
   3210.000   3159.618      98.66     1.6101    34.7588     4.4733   3.157647    27.8260     0.0004     0.2075    -0.0694    -0.0529   101.7491   101.3328     0.0474     1.2317     0.1050     4.6056     4.9020     0.0809     0.1688    34.7587    1509.73  1042.4482 0.0000e+00
   3211.000   3160.596      98.66     1.6098    34.7588     4.4790   3.157660    27.8260     0.0004     0.2064    -0.0693    -0.0532   101.7472   101.3390     0.0540     1.2317     0.1055     4.6055     4.9023     0.0820     0.1682    34.7586    1509.75  1042.4526 0.0000e+00
   3212.000   3161.573      98.66     1.6074    34.7586     4.4753   3.157474    27.8261     0.0004     0.2024    -0.0694    -0.0535   101.7499   101.3469     0.0449     1.2315     0.1048     4.6056     4.9026     0.0805     0.1663    34.7584    1509.76  1042.4572 0.0000e+00
   3213.000   3162.546      98.66     1.6047    34.7584     4.4656   3.157252    27.8261     0.0004     0.2023    -0.0693    -0.0530   101.7474   101.3359     0.0490     1.2312     0.1048     4.6055     4.9021     0.0812     0.1662    34.7582    1509.76  1042.4619 0.0000e+00
   3214.000   3163.524      98.66     1.6030    34.7584     4.4774   3.157142    27.8262     0.0004     0.2021    -0.0692    -0.0532   101.7443   101.3401     0.0382     1.2310     0.1050     4.6054     4.9023     0.0793     0.1661    34.7582    1509.77  1042.4665 0.0000e+00
   3215.000   3164.501      98.66     1.6026    34.7584     4.4731   3.157143    27.8262     0.0004     0.2042    -0.0694    -0.0533   101.7481   101.3419     0.0322     1.2311     0.1050     4.6056     4.9024     0.0783     0.1671    34.7581    1509.79  1042.4710 0.0000e+00
   3216.000   3165.478      98.66     1.6024    34.7583     4.4825   3.157156    27.8262     0.0004     0.2032    -0.0694    -0.0534   101.7491   101.3449     0.0317     1.2313     0.1050     4.6056     4.9025     0.0783     0.1666    34.7581    1509.80  1042.4754 0.0000e+00
   3217.000   3166.454      98.66     1.6024    34.7583     4.4805   3.157191    27.8262     0.0004     0.2043    -0.0694    -0.0532   101.7491   101.3390     0.0387     1.2310     0.1050     4.6056     4.9023     0.0795     0.1672    34.7581    1509.82  1042.4798 0.0000e+00
   3218.000   3167.431      98.66     1.6019    34.7583     4.4706   3.157183    27.8262     0.0004     0.2050    -0.0694    -0.0534   101.7491   101.3456     0.0395     1.2309     0.1050     4.6056     4.9026     0.0796     0.1675    34.7581    1509.83  1042.4843 0.0000e+00
   3219.000   3168.409      98.66     1.6013    34.7582     4.4785   3.157166    27.8262     0.0004     0.2051    -0.0694    -0.0534   101.7491   101.3444     0.0465     1.2310     0.1050     4.6056     4.9025     0.0808     0.1676    34.7580    1509.85  1042.4887 0.0000e+00
   3220.000   3169.384      98.66     1.6002    34.7581     4.4807   3.157100    27.8263     0.0004     0.2044    -0.0693    -0.0532   101.7465   101.3388     0.0524     1.2308     0.1060     4.6055     4.9022     0.0817     0.1672    34.7580    1509.86  1042.4932 0.0000e+00
   3221.000   3170.364      98.66     1.5993    34.7581     4.4722   3.157055    27.8262     0.0004     0.2024    -0.0694    -0.0528   101.7491   101.3286     0.0463     1.2307     0.1055     4.6056     4.9018     0.0807     0.1662    34.7579    1509.88  1042.4977 0.0000e+00
   3222.000   3171.343      98.66     1.5988    34.7581     4.4644   3.157054    27.8263     0.0004     0.2025    -0.0694    -0.0533   101.7491   101.3424     0.0549     1.2301     0.1049     4.6056     4.9024     0.0821     0.1663    34.7579    1509.89  1042.5022 0.0000e+00
   3223.000   3172.322      98.67     1.5976    34.7579     4.4680   3.156972    27.8263     0.0004     0.2041    -0.0694    -0.0533   101.7491   101.3433     0.0554     1.2302     0.1050     4.6056     4.9025     0.0822     0.1670    34.7578    1509.90  1042.5067 0.0000e+00
   3224.000   3173.298      98.66     1.5968    34.7579     4.4782   3.156938    27.8263     0.0004     0.2050    -0.0694    -0.0535   101.7491   101.3461     0.0499     1.2300     0.1050     4.6056     4.9026     0.0813     0.1675    34.7577    1509.92  1042.5112 0.0000e+00
   3225.000   3174.272      98.66     1.5965    34.7578     4.4603   3.156938    27.8263     0.0004     0.2028    -0.0694    -0.0534   101.7491   101.3454     0.0473     1.2296     0.1055     4.6056     4.9026     0.0809     0.1664    34.7576    1509.93  1042.5156 0.0000e+00
   3226.000   3175.249      98.66     1.5955    34.7577     4.4741   3.156883    27.8263     0.0004     0.2069    -0.0694    -0.0532   101.7482   101.3408     0.0473     1.2295     0.1055     4.6056     4.9023     0.0809     0.1685    34.7576    1509.94  1042.5201 0.0000e+00
   3227.000   3176.223      98.66     1.5936    34.7578     4.4807   3.156753    27.8265     0.0004     0.2049    -0.0694    -0.0534   101.7481   101.3437     0.0481     1.2296     0.1049     4.6056     4.9025     0.0810     0.1675    34.7576    1509.95  1042.5248 0.0000e+00
   3228.000   3177.201      98.66     1.5937    34.7577     4.4804   3.156796    27.8264     0.0004     0.2041    -0.0694    -0.0532   101.7491   101.3390     0.0501     1.2296     0.1050     4.6056     4.9023     0.0814     0.1671    34.7575    1509.97  1042.5291 0.0000e+00
   3229.000   3178.180      98.66     1.5937    34.7576     4.4805   3.156826    27.8264     0.0004     0.2021    -0.0694    -0.0532   101.7480   101.3390     0.0424     1.2297     0.1060     4.6056     4.9023     0.0801     0.1661    34.7575    1509.99  1042.5335 0.0000e+00
   3230.000   3179.155      98.66     1.5912    34.7575     4.4843   3.156629    27.8264     0.0004     0.2037    -0.0694    -0.0531   101.7491   101.3368     0.0467     1.2297     0.1062     4.6056     4.9021     0.0808     0.1669    34.7572    1509.99  1042.5381 0.0000e+00
   3231.000   3180.134      98.66     1.5879    34.7574     4.4811   3.156370    27.8266     0.0004     0.2063    -0.0694    -0.0533   101.7491   101.3411     0.0455     1.2297     0.1062     4.6056     4.9023     0.0806     0.1682    34.7571    1510.00  1042.5429 0.0000e+00
   3232.000   3181.108      98.66     1.5848    34.7572     4.4696   3.156122    27.8267     0.0004     0.2022    -0.0694    -0.0534   101.7491   101.3456     0.0407     1.2292     0.1053     4.6056     4.9026     0.0798     0.1661    34.7569    1510.00  1042.5476 0.0000e+00
   3233.000   3182.088      98.66     1.5824    34.7570     4.4735   3.155929    27.8267     0.0004     0.2047    -0.0694    -0.0534   101.7491   101.3444     0.0385     1.2292     0.1050     4.6056     4.9025     0.0794     0.1674    34.7567    1510.00  1042.5523 0.0000e+00
   3234.000   3183.064      98.66     1.5817    34.7569     4.4672   3.155897    27.8267     0.0004     0.2025    -0.0694    -0.0532   101.7491   101.3400     0.0455     1.2288     0.1055     4.6056     4.9023     0.0806     0.1663    34.7566    1510.02  1042.5568 0.0000e+00
   3235.000   3184.042      98.66     1.5808    34.7569     4.4705   3.155857    27.8267     0.0004     0.2022    -0.0694    -0.0532   101.7479   101.3389     0.0455     1.2287     0.1059     4.6055     4.9022     0.0806     0.1662    34.7565    1510.03  1042.5612 0.0000e+00
   3236.000   3185.021      98.66     1.5802    34.7568     4.4771   3.155832    27.8267     0.0004     0.2050    -0.0694    -0.0533   101.7491   101.3421     0.0515     1.2287     0.1050     4.6056     4.9024     0.0816     0.1675    34.7565    1510.05  1042.5657 0.0000e+00
   3237.000   3185.996      98.66     1.5793    34.7566     4.4704   3.155779    27.8266     0.0004     0.2048    -0.0694    -0.0531   101.7501   101.3381     0.0542     1.2283     0.1050     4.6056     4.9022     0.0820     0.1674    34.7563    1510.06  1042.5701 0.0000e+00
   3238.000   3186.975      98.66     1.5781    34.7565     4.4700   3.155699    27.8266     0.0004     0.2037    -0.0695    -0.0534   101.7510   101.3444     0.0505     1.2283     0.1050     4.6057     4.9025     0.0814     0.1669    34.7562    1510.07  1042.5746 0.0000e+00
   3239.000   3187.948      98.66     1.5768    34.7563     4.4740   3.155613    27.8265     0.0004     0.2063    -0.0694    -0.0532   101.7491   101.3408     0.0473     1.2280     0.1050     4.6056     4.9023     0.0809     0.1682    34.7560    1510.08  1042.5790 0.0000e+00
   3240.000   3188.925      98.66     1.5749    34.7563     4.4700   3.155479    27.8267     0.0004     0.2091    -0.0694    -0.0533   101.7491   101.3418     0.0405     1.2278     0.1056     4.6056     4.9024     0.0798     0.1696    34.7560    1510.09  1042.5838 0.0000e+00
   3241.000   3189.903      98.66     1.5746    34.7563     4.4712   3.155493    27.8267     0.0004     0.2072    -0.0694    -0.0528   101.7501   101.3306     0.0336     1.2278     0.1054     4.6056     4.9019     0.0786     0.1686    34.7560    1510.11  1042.5882 0.0000e+00
   3242.000   3190.879      98.66     1.5734    34.7562     4.4793   3.155420    27.8267     0.0004     0.2161    -0.0694    -0.0534   101.7491   101.3450     0.0460     1.2276     0.1058     4.6056     4.9025     0.0807     0.1731    34.7559    1510.12  1042.5927 0.0000e+00
   3243.000   3191.859      98.66     1.5721    34.7561     4.4740   3.155331    27.8267     0.0004     0.2053    -0.0694    -0.0532   101.7491   101.3401     0.0412     1.2276     0.1062     4.6056     4.9023     0.0799     0.1676    34.7558    1510.13  1042.5973 0.0000e+00
   3244.000   3192.832      98.66     1.5716    34.7560     4.4730   3.155327    27.8267     0.0004     0.2043    -0.0694    -0.0531   101.7491   101.3364     0.0395     1.2274     0.1054     4.6056     4.9021     0.0796     0.1671    34.7558    1510.14  1042.6017 0.0000e+00
   3245.000   3193.812      98.66     1.5713    34.7559     4.4747   3.155332    27.8267     0.0004     0.2050    -0.0689    -0.0533   101.7373   101.3410     0.0469     1.2273     0.1040     4.6051     4.9023     0.0808     0.1675    34.7557    1510.16  1042.6061 0.0000e+00
   3246.000   3194.785      98.66     1.5709    34.7560     4.4728   3.155339    27.8267     0.0004     0.2053    -0.0694    -0.0534   101.7482   101.3457     0.0406     1.2272     0.1038     4.6056     4.9026     0.0798     0.1676    34.7558    1510.18  1042.6106 0.0000e+00
   3247.000   3195.762      98.66     1.5704    34.7558     4.4690   3.155320    27.8267     0.0004     0.2021    -0.0694    -0.0533   101.7491   101.3412     0.0468     1.2269     0.1047     4.6056     4.9024     0.0808     0.1661    34.7557    1510.19  1042.6150 0.0000e+00
   3248.000   3196.737      98.66     1.5697    34.7559     4.4603   3.155303    27.8268     0.0004     0.1884    -0.0694    -0.0534   101.7491   101.3450     0.0533     1.2265     0.1050     4.6056     4.9025     0.0819     0.1592    34.7557    1510.21  1042.6196 0.0000e+00
   3249.000   3197.719      98.66     1.5693    34.7559     4.4691   3.155305    27.8268     0.0004     0.2046    -0.0693    -0.0533   101.7464   101.3426     0.0455     1.2267     0.1050     4.6055     4.9024     0.0806     0.1673    34.7557    1510.22  1042.6240 0.0000e+00
