Data/Raw HPLC Argo/lovbio048b/CTD/dstn032_56b_48b.cnv
* Sea-Bird SBE 9 Data File:
* FileName = C:\CTD Data\AGU015\Crossroads\stn032.hex
* Software Version Seasave V 7.23.1
* Temperature SN = 5148
* Conductivity SN = 3721
* Number of Bytes Per Scan = 40
* Number of Voltage Words = 5
* Number of Scans Averaged by the Deck Unit = 1
* NMEA Latitude = 45 59.96 S
* NMEA Longitude = 030 57.01 E
* NMEA UTC (Time) = May 09 2015 15:29:32
* NMEA baud rate = 4800
** Ship: SA Agulhas II
** Cruise Marion Relief Voyage 015
** Ship Station AM00368
** Grid Number VOY-015-
** Latitude 45° 59.961' S
** Longitude 30° 57.014' E
** Depth 4841m
** Operator Nazeera / Gavin
** Please double check Station Numbers
** Bridge unable to open station
# nquan = 25
# nvalues = 4969                        
# units = specified
# name 0 = prDM: Pressure, Digiquartz [db]
# name 1 = depSM: Depth [salt water, m]
# name 2 = altM: Altimeter [m]
# name 3 = t090C: Temperature [ITS-90, deg C]
# name 4 = sal00: Salinity, Practical [PSU]
# name 5 = sbeox0ML/L: Oxygen, SBE 43 [ml/l]
# name 6 = c0S/m: Conductivity [S/m]
# name 7 = sigma-é00: Density [sigma-theta, kg/m^3]
# name 8 = turbWETbb0: Turbidity, WET Labs ECO BB [m^-1/sr]
# name 9 = turbWETntu0: Turbidity, WET Labs ECO [NTU]
# name 10 = bat: Beam Attenuation, Chelsea/Seatech [1/m]
# name 11 = bat1: Beam Attenuation, Chelsea/Seatech, 2 [1/m]
# name 12 = xmiss: Beam Transmission, Chelsea/Seatech [%]
# name 13 = xmiss1: Beam Transmission, Chelsea/Seatech, 2 [%]
# name 14 = flECO-AFL: Fluorescence, WET Labs ECO-AFL/FL [mg/m^3]
# name 15 = v0: Voltage 0
# name 16 = v1: Voltage 1
# name 17 = v2: Voltage 2
# name 18 = v3: Voltage 3
# name 19 = v4: Voltage 4
# name 20 = v5: Voltage 5
# name 21 = sal00: Salinity, Practical [PSU]
# name 22 = svCM: Sound Velocity [Chen-Millero, m/s]
# name 23 = density00: Density [density, kg/m^3]
# name 24 = flag: flag
# span 0 =      4.000,   4972.000       
# span 1 =      3.966,   4874.491       
# span 2 =       9.67,      98.87       
# span 3 =     0.5507,     8.9343       
# span 4 =    33.9242,    34.7845       
# span 5 =     3.7248,     6.2599       
# span 6 =   3.119236,   3.664328       
# span 7 =    26.3357,    27.8446       
# span 8 =     0.0004,     0.0009       
# span 9 =    -0.0344,     0.2453       
# span 10 =    -0.0698,     0.0452      
# span 11 =    -0.0546,     0.0556      
# span 12 =    98.8753,   101.7611      
# span 13 =    98.6197,   101.3722      
# span 14 =     0.0005,     1.1968      
# span 15 =     1.0778,     2.3554      
# span 16 =     0.1038,     0.1588      
# span 17 =     4.4772,     4.6061      
# span 18 =     4.7723,     4.9038      
# span 19 =     0.0731,     0.2725      
# span 20 =     0.0478,     0.1876      
# span 21 =    33.9240,    34.7845      
# span 22 =    1475.84,    1535.50      
# span 23 =  1026.3544,  1050.2145      
# span 24 = 0.0000e+00, 0.0000e+00      
# interval = decibars: 1                
# start_time = May 09 2015 15:29:32 [NMEA time, header]
# bad_flag = -9.990e-29
*END*
[from data line 3363]
   3367.000   3312.958      98.66     1.4422    34.7465     4.4689   3.147831    27.8288     0.0004     0.2098    -0.0694    -0.0534   101.7480   101.3442     0.0456     1.2122     0.1041     4.6056     4.9025     0.0806     0.1699    34.7463    1511.67  1043.1558 0.0000e+00
   3368.000   3313.935      98.66     1.4421    34.7467     4.4649   3.147864    27.8289     0.0004     0.2098    -0.0694    -0.0532   101.7491   101.3389     0.0486     1.2120     0.1046     4.6056     4.9022     0.0811     0.1699    34.7465    1511.69  1043.1604 0.0000e+00
   3369.000   3314.913      98.66     1.4420    34.7466     4.4684   3.147891    27.8289     0.0004     0.2104    -0.0694    -0.0531   101.7491   101.3379     0.0531     1.2120     0.1050     4.6056     4.9022     0.0818     0.1702    34.7464    1511.71  1043.1647 0.0000e+00
   3370.000   3315.891      98.66     1.4413    34.7465     4.4693   3.147856    27.8288     0.0004     0.2112    -0.0694    -0.0530   101.7491   101.3348     0.0516     1.2117     0.1050     4.6056     4.9021     0.0816     0.1705    34.7463    1511.72  1043.1692 0.0000e+00
   3371.000   3316.867      98.66     1.4409    34.7465     4.4672   3.147857    27.8288     0.0004     0.2074    -0.0694    -0.0531   101.7481   101.3371     0.0456     1.2116     0.1050     4.6056     4.9022     0.0806     0.1687    34.7463    1511.74  1043.1736 0.0000e+00
   3372.000   3317.841      98.66     1.4404    34.7464     4.4691   3.147843    27.8288     0.0004     0.2080    -0.0694    -0.0531   101.7491   101.3376     0.0457     1.2114     0.1057     4.6056     4.9022     0.0806     0.1690    34.7462    1511.75  1043.1780 0.0000e+00
   3373.000   3318.817      98.66     1.4399    34.7463     4.4700   3.147830    27.8288     0.0004     0.2082    -0.0694    -0.0528   101.7483   101.3298     0.0378     1.2114     0.1062     4.6056     4.9018     0.0793     0.1691    34.7461    1511.77  1043.1824 0.0000e+00
   3374.000   3319.792      98.66     1.4398    34.7464     4.4673   3.147865    27.8289     0.0004     0.2054    -0.0694    -0.0532   101.7491   101.3402     0.0361     1.2112     0.1061     4.6056     4.9023     0.0790     0.1677    34.7462    1511.78  1043.1869 0.0000e+00
   3375.000   3320.768      98.66     1.4398    34.7463     4.4710   3.147897    27.8288     0.0004     0.2084    -0.0694    -0.0525   101.7502   101.3224     0.0388     1.2111     0.1038     4.6056     4.9015     0.0795     0.1692    34.7462    1511.80  1043.1913 0.0000e+00
   3376.000   3321.747      98.66     1.4392    34.7463     4.4724   3.147884    27.8289     0.0004     0.2097    -0.0694    -0.0526   101.7491   101.3237     0.0429     1.2112     0.1050     4.6056     4.9015     0.0802     0.1698    34.7462    1511.81  1043.1958 0.0000e+00
   3377.000   3322.723      98.66     1.4386    34.7462     4.4681   3.147866    27.8288     0.0004     0.2096    -0.0694    -0.0532   101.7491   101.3389     0.0504     1.2109     0.1050     4.6056     4.9022     0.0814     0.1698    34.7461    1511.83  1043.2002 0.0000e+00
   3378.000   3323.698      98.66     1.4380    34.7463     4.4585   3.147855    27.8289     0.0004     0.2084    -0.0694    -0.0534   101.7491   101.3452     0.0455     1.2105     0.1050     4.6056     4.9025     0.0806     0.1692    34.7462    1511.84  1043.2047 0.0000e+00
   3379.000   3324.675      98.66     1.4371    34.7462     4.4633   3.147795    27.8289     0.0004     0.2088    -0.0694    -0.0533   101.7491   101.3430     0.0458     1.2104     0.1061     4.6056     4.9024     0.0806     0.1694    34.7460    1511.86  1043.2092 0.0000e+00
   3380.000   3325.648      98.66     1.4365    34.7462     4.4756   3.147783    27.8289     0.0004     0.2097    -0.0694    -0.0532   101.7491   101.3390     0.0537     1.2106     0.1052     4.6056     4.9023     0.0819     0.1698    34.7461    1511.87  1043.2137 0.0000e+00
   3381.000   3326.629      98.66     1.4352    34.7460     4.4656   3.147697    27.8290     0.0004     0.2092    -0.0694    -0.0532   101.7503   101.3400     0.0511     1.2102     0.1050     4.6057     4.9023     0.0815     0.1696    34.7459    1511.88  1043.2181 0.0000e+00
   3382.000   3327.603      98.66     1.4350    34.7461     4.4690   3.147722    27.8290     0.0004     0.2074    -0.0693    -0.0530   101.7467   101.3345     0.0455     1.2103     0.1050     4.6055     4.9020     0.0806     0.1687    34.7460    1511.90  1043.2226 0.0000e+00
   3383.000   3328.582      98.66     1.4348    34.7461     4.4608   3.147740    27.8290     0.0004     0.2098    -0.0694    -0.0533   101.7491   101.3411     0.0458     1.2099     0.1050     4.6056     4.9023     0.0806     0.1699    34.7460    1511.91  1043.2270 0.0000e+00
   3384.000   3329.560      98.66     1.4349    34.7459     4.4728   3.147768    27.8289     0.0004     0.2051    -0.0694    -0.0530   101.7491   101.3353     0.0377     1.2100     0.1055     4.6056     4.9021     0.0793     0.1675    34.7458    1511.93  1043.2313 0.0000e+00
   3385.000   3330.531      98.66     1.4338    34.7459     4.4721   3.147707    27.8289     0.0004     0.2058    -0.0694    -0.0529   101.7491   101.3330     0.0327     1.2101     0.1055     4.6056     4.9020     0.0784     0.1679    34.7457    1511.94  1043.2358 0.0000e+00
   3386.000   3331.509      98.66     1.4325    34.7459     4.4688   3.147627    27.8291     0.0004     0.2091    -0.0694    -0.0530   101.7481   101.3336     0.0446     1.2098     0.1050     4.6056     4.9020     0.0805     0.1696    34.7457    1511.95  1043.2404 0.0000e+00
   3387.000   3332.485      98.66     1.4318    34.7457     4.4745   3.147588    27.8289     0.0004     0.2073    -0.0693    -0.0530   101.7470   101.3351     0.0413     1.2099     0.1050     4.6055     4.9021     0.0799     0.1687    34.7455    1511.97  1043.2447 0.0000e+00
   3388.000   3333.463      98.66     1.4317    34.7458     4.4581   3.147624    27.8290     0.0004     0.2073    -0.0694    -0.0532   101.7491   101.3390     0.0536     1.2093     0.1058     4.6056     4.9023     0.0819     0.1686    34.7456    1511.99  1043.2492 0.0000e+00
   3389.000   3334.439      98.66     1.4311    34.7457     4.4653   3.147603    27.8290     0.0004     0.2077    -0.0694    -0.0532   101.7491   101.3400     0.0539     1.2094     0.1054     4.6056     4.9023     0.0820     0.1689    34.7456    1512.00  1043.2537 0.0000e+00
   3390.000   3335.415      98.66     1.4303    34.7457     4.4695   3.147570    27.8291     0.0004     0.2109    -0.0694    -0.0532   101.7491   101.3400     0.0516     1.2093     0.1050     4.6056     4.9023     0.0816     0.1704    34.7455    1512.01  1043.2582 0.0000e+00
   3391.000   3336.389      98.66     1.4291    34.7456     4.4701   3.147489    27.8290     0.0004     0.2073    -0.0694    -0.0532   101.7491   101.3409     0.0432     1.2092     0.1050     4.6056     4.9023     0.0802     0.1686    34.7454    1512.02  1043.2627 0.0000e+00
   3392.000   3337.364      98.66     1.4281    34.7455     4.4641   3.147429    27.8291     0.0004     0.2084    -0.0694    -0.0533   101.7491   101.3429     0.0414     1.2089     0.1050     4.6056     4.9024     0.0799     0.1692    34.7453    1512.04  1043.2671 0.0000e+00
   3393.000   3338.340      98.66     1.4277    34.7455     4.4699   3.147439    27.8291     0.0004     0.2089    -0.0694    -0.0532   101.7491   101.3400     0.0436     1.2091     0.1050     4.6056     4.9023     0.0803     0.1694    34.7454    1512.05  1043.2716 0.0000e+00
   3394.000   3339.319      98.66     1.4270    34.7455     4.4711   3.147407    27.8292     0.0004     0.2070    -0.0694    -0.0530   101.7491   101.3352     0.0389     1.2090     0.1050     4.6056     4.9021     0.0795     0.1685    34.7453    1512.07  1043.2761 0.0000e+00
   3395.000   3340.294      98.66     1.4270    34.7455     4.4679   3.147455    27.8292     0.0004     0.2072    -0.0691    -0.0529   101.7427   101.3327     0.0454     1.2088     0.1057     4.6053     4.9020     0.0806     0.1686    34.7454    1512.08  1043.2806 0.0000e+00
   3396.000   3341.275      98.66     1.4267    34.7455     4.4703   3.147458    27.8292     0.0004     0.2053    -0.0693    -0.0530   101.7478   101.3339     0.0458     1.2087     0.1057     4.6055     4.9020     0.0807     0.1676    34.7454    1512.10  1043.2850 0.0000e+00
   3397.000   3342.253      98.66     1.4261    34.7454     4.4719   3.147436    27.8291     0.0004     0.2052    -0.0694    -0.0532   101.7491   101.3390     0.0404     1.2088     0.1050     4.6056     4.9023     0.0798     0.1676    34.7453    1512.12  1043.2894 0.0000e+00
   3398.000   3343.227      98.66     1.4229    34.7451     4.4760   3.147168    27.8292     0.0004     0.2048    -0.0694    -0.0527   101.7491   101.3281     0.0382     1.2088     0.1050     4.6056     4.9017     0.0794     0.1674    34.7449    1512.12  1043.2940 0.0000e+00
   3399.000   3344.202      98.66     1.4206    34.7450     4.4740   3.146990    27.8292     0.0004     0.2095    -0.0694    -0.0531   101.7491   101.3369     0.0426     1.2087     0.1051     4.6056     4.9022     0.0801     0.1697    34.7448    1512.13  1043.2986 0.0000e+00
   3400.000   3345.174      98.66     1.4182    34.7448     4.4701   3.146805    27.8293     0.0004     0.2064    -0.0694    -0.0532   101.7491   101.3394     0.0491     1.2085     0.1053     4.6056     4.9023     0.0812     0.1682    34.7446    1512.13  1043.3033 0.0000e+00
   3401.000   3346.149      98.66     1.4175    34.7448     4.4722   3.146781    27.8293     0.0004     0.2073    -0.0694    -0.0530   101.7491   101.3346     0.0395     1.2085     0.1045     4.6056     4.9020     0.0796     0.1687    34.7446    1512.14  1043.3078 0.0000e+00
   3402.000   3347.126      98.66     1.4169    34.7448     4.4668   3.146763    27.8293     0.0004     0.2097    -0.0694    -0.0526   101.7491   101.3256     0.0452     1.2081     0.1043     4.6056     4.9016     0.0805     0.1699    34.7446    1512.16  1043.3123 0.0000e+00
   3403.000   3348.102      98.66     1.4134    34.7444     4.4695   3.146466    27.8293     0.0004     0.2043    -0.0694    -0.0530   101.7491   101.3352     0.0518     1.2083     0.1038     4.6056     4.9021     0.0816     0.1672    34.7441    1512.16  1043.3169 0.0000e+00
   3404.000   3349.080      98.66     1.4109    34.7445     4.4789   3.146281    27.8295     0.0004     0.2036    -0.0694    -0.0532   101.7491   101.3387     0.0459     1.2081     0.1038     4.6056     4.9022     0.0807     0.1668    34.7442    1512.17  1043.3217 0.0000e+00
   3405.000   3350.055      98.66     1.4108    34.7445     4.4696   3.146309    27.8295     0.0004     0.2050    -0.0694    -0.0530   101.7491   101.3358     0.0390     1.2080     0.1038     4.6056     4.9021     0.0795     0.1675    34.7441    1512.18  1043.3261 0.0000e+00
   3406.000   3351.036      98.66     1.4108    34.7444     4.4620   3.146346    27.8295     0.0004     0.2070    -0.0694    -0.0529   101.7491   101.3333     0.0459     1.2079     0.1046     4.6056     4.9020     0.0807     0.1685    34.7441    1512.20  1043.3305 0.0000e+00
   3407.000   3352.012      98.66     1.4108    34.7443     4.4681   3.146372    27.8294     0.0004     0.2058    -0.0692    -0.0530   101.7448   101.3359     0.0508     1.2075     0.1054     4.6054     4.9021     0.0815     0.1679    34.7440    1512.22  1043.3348 0.0000e+00
   3408.000   3352.989      98.66     1.4103    34.7443     4.4642   3.146372    27.8294     0.0004     0.2039    -0.0694    -0.0528   101.7491   101.3284     0.0498     1.2076     0.1060     4.6056     4.9018     0.0813     0.1670    34.7441    1512.23  1043.3393 0.0000e+00
   3409.000   3353.968      98.66     1.4100    34.7442     4.4704   3.146373    27.8294     0.0004     0.2049    -0.0694    -0.0526   101.7491   101.3259     0.0431     1.2073     0.1052     4.6056     4.9016     0.0802     0.1675    34.7440    1512.25  1043.3437 0.0000e+00
   3410.000   3354.943      98.66     1.4089    34.7441     4.4688   3.146298    27.8293     0.0004     0.2079    -0.0693    -0.0530   101.7464   101.3347     0.0387     1.2072     0.1049     4.6055     4.9021     0.0795     0.1689    34.7438    1512.26  1043.3481 0.0000e+00
   3411.000   3355.908      98.66     1.4084    34.7440     4.4696   3.146297    27.8293     0.0004     0.2074    -0.0694    -0.0531   101.7500   101.3383     0.0455     1.2069     0.1050     4.6056     4.9022     0.0806     0.1687    34.7438    1512.28  1043.3526 0.0000e+00
   3412.000   3356.887      98.66     1.4075    34.7441     4.4644   3.146259    27.8294     0.0004     0.2091    -0.0694    -0.0532   101.7491   101.3390     0.0491     1.2068     0.1050     4.6056     4.9023     0.0812     0.1695    34.7439    1512.29  1043.3571 0.0000e+00
   3413.000   3357.864      98.66     1.4073    34.7440     4.4785   3.146276    27.8294     0.0004     0.2080    -0.0694    -0.0532   101.7479   101.3389     0.0410     1.2070     0.1050     4.6055     4.9022     0.0799     0.1690    34.7439    1512.30  1043.3616 0.0000e+00
   3414.000   3358.844      98.66     1.4071    34.7440     4.4721   3.146294    27.8295     0.0004     0.2071    -0.0694    -0.0533   101.7491   101.3412     0.0382     1.2068     0.1055     4.6056     4.9024     0.0794     0.1686    34.7439    1512.32  1043.3660 0.0000e+00
   3415.000   3359.819      98.66     1.4059    34.7439     4.4710   3.146214    27.8294     0.0004     0.2069    -0.0694    -0.0532   101.7491   101.3389     0.0398     1.2066     0.1073     4.6056     4.9022     0.0797     0.1684    34.7437    1512.33  1043.3705 0.0000e+00
   3416.000   3360.796      98.66     1.4054    34.7439     4.4712   3.146216    27.8295     0.0004     0.2049    -0.0694    -0.0532   101.7491   101.3400     0.0454     1.2068     0.1062     4.6056     4.9023     0.0806     0.1674    34.7438    1512.35  1043.3750 0.0000e+00
   3417.000   3361.772      98.66     1.4050    34.7439     4.4710   3.146215    27.8295     0.0004     0.2069    -0.0694    -0.0532   101.7491   101.3388     0.0396     1.2065     0.1052     4.6056     4.9022     0.0796     0.1684    34.7438    1512.36  1043.3794 0.0000e+00
   3418.000   3362.745      98.66     1.4049    34.7439     4.4664   3.146237    27.8295     0.0004     0.2038    -0.0693    -0.0528   101.7466   101.3308     0.0435     1.2063     0.1050     4.6055     4.9019     0.0803     0.1669    34.7437    1512.38  1043.3838 0.0000e+00
   3419.000   3363.726      98.66     1.4048    34.7438     4.4664   3.146253    27.8294     0.0004     0.2049    -0.0694    -0.0533   101.7491   101.3423     0.0455     1.2061     0.1050     4.6056     4.9024     0.0806     0.1675    34.7436    1512.40  1043.3881 0.0000e+00
   3420.000   3364.703      98.66     1.4047    34.7438     4.4598   3.146288    27.8294     0.0004     0.2063    -0.0694    -0.0532   101.7491   101.3390     0.0455     1.2059     0.1050     4.6056     4.9023     0.0806     0.1682    34.7437    1512.41  1043.3925 0.0000e+00
   3421.000   3365.676      98.66     1.4046    34.7437     4.4650   3.146309    27.8294     0.0004     0.2058    -0.0694    -0.0535   101.7491   101.3458     0.0430     1.2057     0.1053     4.6056     4.9026     0.0802     0.1679    34.7436    1512.43  1043.3969 0.0000e+00
   3422.000   3366.654      98.66     1.4046    34.7438     4.4666   3.146353    27.8295     0.0004     0.2081    -0.0694    -0.0532   101.7491   101.3400     0.0407     1.2056     0.1062     4.6056     4.9023     0.0798     0.1691    34.7437    1512.45  1043.4014 0.0000e+00
   3423.000   3367.628      98.66     1.4047    34.7437     4.4626   3.146392    27.8295     0.0004     0.2097    -0.0694    -0.0533   101.7491   101.3429     0.0436     1.2054     0.1062     4.6056     4.9024     0.0803     0.1698    34.7437    1512.47  1043.4057 0.0000e+00
