Data/Raw HPLC Argo/lovbio048b/CTD/dstn032_56b_48b.cnv
* Sea-Bird SBE 9 Data File:
* FileName = C:\CTD Data\AGU015\Crossroads\stn032.hex
* Software Version Seasave V 7.23.1
* Temperature SN = 5148
* Conductivity SN = 3721
* Number of Bytes Per Scan = 40
* Number of Voltage Words = 5
* Number of Scans Averaged by the Deck Unit = 1
* NMEA Latitude = 45 59.96 S
* NMEA Longitude = 030 57.01 E
* NMEA UTC (Time) = May 09 2015 15:29:32
* NMEA baud rate = 4800
** Ship: SA Agulhas II
** Cruise Marion Relief Voyage 015
** Ship Station AM00368
** Grid Number VOY-015-
** Latitude 45° 59.961' S
** Longitude 30° 57.014' E
** Depth 4841m
** Operator Nazeera / Gavin
** Please double check Station Numbers
** Bridge unable to open station
# nquan = 25
# nvalues = 4969                        
# units = specified
# name 0 = prDM: Pressure, Digiquartz [db]
# name 1 = depSM: Depth [salt water, m]
# name 2 = altM: Altimeter [m]
# name 3 = t090C: Temperature [ITS-90, deg C]
# name 4 = sal00: Salinity, Practical [PSU]
# name 5 = sbeox0ML/L: Oxygen, SBE 43 [ml/l]
# name 6 = c0S/m: Conductivity [S/m]
# name 7 = sigma-é00: Density [sigma-theta, kg/m^3]
# name 8 = turbWETbb0: Turbidity, WET Labs ECO BB [m^-1/sr]
# name 9 = turbWETntu0: Turbidity, WET Labs ECO [NTU]
# name 10 = bat: Beam Attenuation, Chelsea/Seatech [1/m]
# name 11 = bat1: Beam Attenuation, Chelsea/Seatech, 2 [1/m]
# name 12 = xmiss: Beam Transmission, Chelsea/Seatech [%]
# name 13 = xmiss1: Beam Transmission, Chelsea/Seatech, 2 [%]
# name 14 = flECO-AFL: Fluorescence, WET Labs ECO-AFL/FL [mg/m^3]
# name 15 = v0: Voltage 0
# name 16 = v1: Voltage 1
# name 17 = v2: Voltage 2
# name 18 = v3: Voltage 3
# name 19 = v4: Voltage 4
# name 20 = v5: Voltage 5
# name 21 = sal00: Salinity, Practical [PSU]
# name 22 = svCM: Sound Velocity [Chen-Millero, m/s]
# name 23 = density00: Density [density, kg/m^3]
# name 24 = flag: flag
# span 0 =      4.000,   4972.000       
# span 1 =      3.966,   4874.491       
# span 2 =       9.67,      98.87       
# span 3 =     0.5507,     8.9343       
# span 4 =    33.9242,    34.7845       
# span 5 =     3.7248,     6.2599       
# span 6 =   3.119236,   3.664328       
# span 7 =    26.3357,    27.8446       
# span 8 =     0.0004,     0.0009       
# span 9 =    -0.0344,     0.2453       
# span 10 =    -0.0698,     0.0452      
# span 11 =    -0.0546,     0.0556      
# span 12 =    98.8753,   101.7611      
# span 13 =    98.6197,   101.3722      
# span 14 =     0.0005,     1.1968      
# span 15 =     1.0778,     2.3554      
# span 16 =     0.1038,     0.1588      
# span 17 =     4.4772,     4.6061      
# span 18 =     4.7723,     4.9038      
# span 19 =     0.0731,     0.2725      
# span 20 =     0.0478,     0.1876      
# span 21 =    33.9240,    34.7845      
# span 22 =    1475.84,    1535.50      
# span 23 =  1026.3544,  1050.2145      
# span 24 = 0.0000e+00, 0.0000e+00      
# interval = decibars: 1                
# start_time = May 09 2015 15:29:32 [NMEA time, header]
# bad_flag = -9.990e-29
*END*
[from data line 4406]
   4410.000   4328.957      98.66     0.7710    34.7034     4.5805   3.122855    27.8428     0.0004     0.0506    -0.0672    -0.0492   101.6944   101.2368     0.0383     1.1198     0.1050     4.6032     4.8974     0.0794     0.0903    34.7033    1526.68  1047.7766 0.0000e+00
   4411.000   4329.930      98.66     0.7703    34.7035     4.5928   3.122841    27.8430     0.0004     0.0512    -0.0672    -0.0487   101.6944   101.2255     0.0432     1.1200     0.1050     4.6032     4.8968     0.0802     0.0906    34.7035    1526.69  1047.7811 0.0000e+00
   4412.000   4330.899      98.66     0.7699    34.7034     4.5910   3.122825    27.8429     0.0004     0.0506    -0.0671    -0.0492   101.6924   101.2368     0.0497     1.1198     0.1050     4.6031     4.8974     0.0813     0.0903    34.7033    1526.71  1047.7853 0.0000e+00
   4413.000   4331.867      98.66     0.7694    34.7033     4.5823   3.122812    27.8429     0.0004     0.0524    -0.0672    -0.0492   101.6938   101.2392     0.0490     1.1196     0.1053     4.6032     4.8975     0.0812     0.0912    34.7032    1526.72  1047.7897 0.0000e+00
   4414.000   4332.835      98.66     0.7686    34.7034     4.5928   3.122780    27.8430     0.0004     0.0496    -0.0672    -0.0487   101.6944   101.2262     0.0444     1.1195     0.1057     4.6032     4.8969     0.0804     0.0898    34.7033    1526.74  1047.7942 0.0000e+00
   4415.000   4333.812      98.66     0.7680    34.7034     4.5865   3.122764    27.8431     0.0004     0.0516    -0.0672    -0.0493   101.6944   101.2401     0.0373     1.1194     0.1055     4.6032     4.8975     0.0792     0.0908    34.7033    1526.75  1047.7986 0.0000e+00
   4416.000   4334.783      98.66     0.7678    34.7034     4.5939   3.122781    27.8430     0.0004     0.0499    -0.0673    -0.0494   101.6970   101.2428     0.0441     1.1196     0.1062     4.6033     4.8977     0.0804     0.0900    34.7033    1526.77  1047.8030 0.0000e+00
   4417.000   4335.753      98.66     0.7676    34.7034     4.6021   3.122800    27.8430     0.0004     0.0512    -0.0670    -0.0490   101.6900   101.2324     0.0455     1.1195     0.1062     4.6030     4.8971     0.0806     0.0906    34.7033    1526.79  1047.8073 0.0000e+00
   4418.000   4336.729      98.66     0.7675    34.7033     4.5775   3.122822    27.8430     0.0004     0.0496    -0.0672    -0.0492   101.6944   101.2379     0.0429     1.1192     0.1052     4.6032     4.8974     0.0802     0.0898    34.7033    1526.80  1047.8116 0.0000e+00
   4419.000   4337.703      98.66     0.7672    34.7034     4.5907   3.122824    27.8431     0.0004     0.0502    -0.0672    -0.0488   101.6944   101.2279     0.0379     1.1194     0.1056     4.6032     4.8969     0.0794     0.0901    34.7033    1526.82  1047.8160 0.0000e+00
   4420.000   4338.674      98.66     0.7669    34.7033     4.5927   3.122827    27.8430     0.0004     0.0511    -0.0672    -0.0488   101.6944   101.2269     0.0372     1.1191     0.1059     4.6032     4.8969     0.0792     0.0905    34.7032    1526.83  1047.8203 0.0000e+00
   4421.000   4339.648      98.66     0.7667    34.7031     4.5962   3.122837    27.8429     0.0004     0.0493    -0.0672    -0.0492   101.6944   101.2377     0.0427     1.1194     0.1050     4.6032     4.8974     0.0801     0.0897    34.7031    1526.85  1047.8245 0.0000e+00
   4422.000   4340.622      98.66     0.7665    34.7031     4.5870   3.122852    27.8430     0.0004     0.0505    -0.0672    -0.0488   101.6944   101.2267     0.0396     1.1190     0.1050     4.6032     4.8969     0.0796     0.0902    34.7031    1526.87  1047.8289 0.0000e+00
   4423.000   4341.584      98.66     0.7678    34.7031     4.5996   3.123000    27.8428     0.0004     0.0505    -0.0671    -0.0491   101.6925   101.2343     0.0467     1.1190     0.1044     4.6031     4.8972     0.0808     0.0902    34.7031    1526.89  1047.8330 0.0000e+00
   4424.000   4342.554      98.66     0.7661    34.7031     4.5894   3.122883    27.8430     0.0004     0.0492    -0.0670    -0.0491   101.6891   101.2350     0.0378     1.1190     0.1047     4.6030     4.8973     0.0793     0.0896    34.7031    1526.90  1047.8376 0.0000e+00
   4425.000   4343.532      98.66     0.7648    34.7031     4.6001   3.122798    27.8430     0.0004     0.0479    -0.0672    -0.0487   101.6943   101.2252     0.0442     1.1190     0.1041     4.6032     4.8968     0.0804     0.0889    34.7030    1526.91  1047.8421 0.0000e+00
   4426.000   4344.509      98.66     0.7642    34.7030     4.5804   3.122780    27.8430     0.0004     0.0469    -0.0672    -0.0490   101.6933   101.2326     0.0446     1.1188     0.1046     4.6032     4.8972     0.0805     0.0885    34.7029    1526.93  1047.8464 0.0000e+00
   4427.000   4345.483      98.66     0.7641    34.7030     4.5966   3.122801    27.8430     0.0004     0.0468    -0.0672    -0.0490   101.6937   101.2317     0.0366     1.1188     0.1043     4.6032     4.8971     0.0791     0.0884    34.7029    1526.95  1047.8508 0.0000e+00
   4428.000   4346.450      98.66     0.7654    34.7030     4.5902   3.122955    27.8430     0.0004     0.0467    -0.0666    -0.0487   101.6804   101.2247     0.0371     1.1186     0.1056     4.6026     4.8968     0.0792     0.0884    34.7030    1526.97  1047.8549 0.0000e+00
   4429.000   4347.425      98.66     0.7646    34.7029     4.5950   3.122909    27.8429     0.0004     0.0473    -0.0669    -0.0485   101.6860   101.2208     0.0373     1.1186     0.1054     4.6028     4.8966     0.0792     0.0887    34.7029    1526.98  1047.8593 0.0000e+00
   4430.000   4348.382      98.66     0.7657    34.7030     4.5988   3.123042    27.8429     0.0004     0.0475    -0.0667    -0.0486   101.6815   101.2224     0.0500     1.1186     0.1057     4.6026     4.8967     0.0813     0.0887    34.7029    1527.01  1047.8634 0.0000e+00
   4431.000   4349.359      98.66     0.7640    34.7029     4.5998   3.122922    27.8430     0.0004     0.0467    -0.0669    -0.0487   101.6871   101.2261     0.0372     1.1185     0.1051     4.6029     4.8968     0.0792     0.0883    34.7028    1527.01  1047.8679 0.0000e+00
   4432.000   4350.333      98.66     0.7633    34.7029     4.5944   3.122894    27.8430     0.0004     0.0452    -0.0672    -0.0484   101.6933   101.2186     0.0382     1.1186     0.1050     4.6032     4.8965     0.0794     0.0876    34.7028    1527.03  1047.8724 0.0000e+00
   4433.000   4351.306      98.66     0.7632    34.7028     4.6025   3.122904    27.8429     0.0004     0.0458    -0.0672    -0.0486   101.6944   101.2235     0.0379     1.1183     0.1059     4.6032     4.8967     0.0793     0.0879    34.7027    1527.04  1047.8766 0.0000e+00
   4434.000   4352.278      98.66     0.7627    34.7028     4.5837   3.122898    27.8430     0.0004     0.0458    -0.0670    -0.0486   101.6898   101.2230     0.0431     1.1182     0.1062     4.6030     4.8967     0.0802     0.0879    34.7027    1527.06  1047.8811 0.0000e+00
   4435.000   4353.251      98.66     0.7626    34.7029     4.5874   3.122931    27.8430     0.0004     0.0462    -0.0671    -0.0489   101.6913   101.2300     0.0452     1.1180     0.1062     4.6031     4.8970     0.0806     0.0881    34.7028    1527.08  1047.8854 0.0000e+00
   4436.000   4354.221      98.66     0.7628    34.7028     4.5979   3.122977    27.8430     0.0004     0.0469    -0.0672    -0.0489   101.6944   101.2294     0.0396     1.1181     0.1054     4.6032     4.8970     0.0796     0.0884    34.7028    1527.10  1047.8897 0.0000e+00
   4437.000   4355.195      98.66     0.7628    34.7028     4.5926   3.123011    27.8430     0.0004     0.0440    -0.0672    -0.0489   101.6944   101.2300     0.0433     1.1180     0.1050     4.6032     4.8970     0.0802     0.0870    34.7027    1527.11  1047.8940 0.0000e+00
   4438.000   4356.164      98.66     0.7627    34.7028     4.5904   3.123032    27.8430     0.0004     0.0491    -0.0672    -0.0487   101.6944   101.2250     0.0329     1.1177     0.1040     4.6032     4.8968     0.0784     0.0895    34.7028    1527.13  1047.8983 0.0000e+00
   4439.000   4357.137      98.66     0.7623    34.7027     4.5801   3.123031    27.8430     0.0004     0.0488    -0.0672    -0.0486   101.6944   101.2234     0.0311     1.1175     0.1039     4.6032     4.8967     0.0781     0.0894    34.7027    1527.15  1047.9027 0.0000e+00
   4440.000   4358.108      98.66     0.7613    34.7026     4.5867   3.122966    27.8429     0.0004     0.0490    -0.0668    -0.0486   101.6849   101.2238     0.0403     1.1173     0.1062     4.6028     4.8967     0.0797     0.0895    34.7025    1527.16  1047.9070 0.0000e+00
   4441.000   4359.081      98.66     0.7608    34.7027     4.5936   3.122957    27.8430     0.0004     0.0517    -0.0672    -0.0488   101.6944   101.2277     0.0480     1.1174     0.1058     4.6032     4.8969     0.0810     0.0909    34.7026    1527.17  1047.9114 0.0000e+00
   4442.000   4360.050      98.66     0.7601    34.7025     4.6087   3.122917    27.8430     0.0004     0.0537    -0.0672    -0.0486   101.6944   101.2220     0.0377     1.1174     0.1055     4.6032     4.8967     0.0793     0.0918    34.7025    1527.19  1047.9158 0.0000e+00
   4443.000   4361.024      98.66     0.7586    34.7025     4.5909   3.122816    27.8430     0.0004     0.0532    -0.0672    -0.0488   101.6953   101.2269     0.0377     1.1173     0.1056     4.6032     4.8969     0.0793     0.0916    34.7024    1527.20  1047.9203 0.0000e+00
   4444.000   4361.996      98.66     0.7582    34.7024     4.5891   3.122816    27.8430     0.0004     0.0548    -0.0671    -0.0477   101.6927   101.2004     0.0425     1.1171     0.1042     4.6031     4.8956     0.0801     0.0924    34.7023    1527.21  1047.9247 0.0000e+00
   4445.000   4362.966      98.66     0.7583    34.7024     4.5947   3.122853    27.8430     0.0004     0.0553    -0.0670    -0.0487   101.6900   101.2255     0.0391     1.1172     0.1048     4.6030     4.8968     0.0796     0.0926    34.7023    1527.23  1047.9289 0.0000e+00
   4446.000   4363.937      98.66     0.7580    34.7024     4.5890   3.122860    27.8430     0.0004     0.0523    -0.0670    -0.0488   101.6906   101.2282     0.0443     1.1169     0.1052     4.6030     4.8969     0.0804     0.0912    34.7023    1527.25  1047.9333 0.0000e+00
   4447.000   4364.907      98.66     0.7576    34.7024     4.6017   3.122865    27.8430     0.0004     0.0499    -0.0672    -0.0487   101.6944   101.2240     0.0382     1.1170     0.1061     4.6032     4.8967     0.0794     0.0900    34.7023    1527.26  1047.9377 0.0000e+00
   4448.000   4365.880      98.66     0.7576    34.7024     4.5842   3.122896    27.8430     0.0004     0.0498    -0.0671    -0.0489   101.6931   101.2298     0.0522     1.1167     0.1038     4.6031     4.8970     0.0817     0.0899    34.7023    1527.28  1047.9420 0.0000e+00
   4449.000   4366.850      98.66     0.7577    34.7023     4.6064   3.122937    27.8430     0.0004     0.0529    -0.0672    -0.0487   101.6944   101.2251     0.0469     1.1171     0.1049     4.6032     4.8968     0.0808     0.0915    34.7023    1527.30  1047.9463 0.0000e+00
   4450.000   4367.826      98.66     0.7574    34.7023     4.6011   3.122941    27.8430     0.0004     0.0530    -0.0671    -0.0488   101.6930   101.2271     0.0455     1.1167     0.1050     4.6031     4.8969     0.0806     0.0915    34.7023    1527.31  1047.9506 0.0000e+00
   4451.000   4368.798      98.66     0.7574    34.7024     4.5744   3.122985    27.8431     0.0004     0.0532    -0.0663    -0.0488   101.6714   101.2285     0.0447     1.1165     0.1050     4.6022     4.8970     0.0805     0.0916    34.7024    1527.33  1047.9550 0.0000e+00
   4452.000   4369.771      98.66     0.7575    34.7024     4.6000   3.123018    27.8431     0.0004     0.0527    -0.0669    -0.0489   101.6878   101.2294     0.0310     1.1167     0.1050     4.6029     4.8970     0.0781     0.0913    34.7023    1527.35  1047.9593 0.0000e+00
   4453.000   4370.744      98.66     0.7575    34.7024     4.5898   3.123061    27.8431     0.0004     0.0551    -0.0671    -0.0486   101.6931   101.2214     0.0365     1.1164     0.1050     4.6031     4.8966     0.0791     0.0926    34.7024    1527.37  1047.9636 0.0000e+00
   4454.000   4371.717      98.66     0.7574    34.7022     4.5824   3.123070    27.8430     0.0004     0.0559    -0.0671    -0.0486   101.6911   101.2226     0.0326     1.1162     0.1050     4.6031     4.8967     0.0784     0.0930    34.7022    1527.39  1047.9678 0.0000e+00
   4455.000   4372.686      98.66     0.7576    34.7022     4.5962   3.123116    27.8429     0.0004     0.0585    -0.0671    -0.0487   101.6929   101.2244     0.0440     1.1162     0.1054     4.6031     4.8968     0.0803     0.0942    34.7022    1527.40  1047.9720 0.0000e+00
   4456.000   4373.652      98.66     0.7571    34.7022     4.5867   3.123100    27.8429     0.0004     0.0594    -0.0671    -0.0486   101.6926   101.2224     0.0454     1.1159     0.1067     4.6031     4.8967     0.0806     0.0947    34.7021    1527.42  1047.9764 0.0000e+00
   4457.000   4374.623      98.66     0.7567    34.7023     4.6013   3.123106    27.8430     0.0004     0.0555    -0.0667    -0.0487   101.6829   101.2247     0.0434     1.1160     0.1050     4.6027     4.8968     0.0803     0.0927    34.7022    1527.43  1047.9809 0.0000e+00
   4458.000   4375.595      98.66     0.7563    34.7022     4.5895   3.123109    27.8430     0.0004     0.0534    -0.0671    -0.0487   101.6920   101.2245     0.0455     1.1158     0.1050     4.6031     4.8968     0.0806     0.0917    34.7022    1527.45  1047.9852 0.0000e+00
   4459.000   4376.566      98.66     0.7552    34.7022     4.5946   3.123035    27.8431     0.0004     0.0561    -0.0671    -0.0489   101.6930   101.2302     0.0389     1.1156     0.1050     4.6031     4.8970     0.0795     0.0930    34.7021    1527.46  1047.9897 0.0000e+00
   4460.000   4377.540      98.66     0.7549    34.7022     4.5875   3.123052    27.8431     0.0004     0.0561    -0.0672    -0.0485   101.6944   101.2209     0.0354     1.1157     0.1050     4.6032     4.8966     0.0789     0.0931    34.7021    1527.48  1047.9940 0.0000e+00
   4461.000   4378.512      98.66     0.7550    34.7022     4.5990   3.123089    27.8431     0.0004     0.0522    -0.0670    -0.0486   101.6896   101.2228     0.0309     1.1159     0.1052     4.6030     4.8967     0.0781     0.0911    34.7021    1527.50  1047.9983 0.0000e+00
   4462.000   4379.486      98.66     0.7551    34.7022     4.5971   3.123138    27.8431     0.0004     0.0438    -0.0668    -0.0487   101.6848   101.2244     0.0352     1.1156     0.1062     4.6028     4.8968     0.0789     0.0869    34.7022    1527.51  1048.0026 0.0000e+00
   4463.000   4380.461      98.66     0.7550    34.7022     4.5849   3.123155    27.8431     0.0004     0.0537    -0.0668    -0.0489   101.6838   101.2294     0.0370     1.1156     0.1062     4.6027     4.8970     0.0792     0.0918    34.7022    1527.53  1048.0070 0.0000e+00
   4464.000   4381.432      98.66     0.7548    34.7021     4.5984   3.123166    27.8431     0.0004     0.0537    -0.0672    -0.0487   101.6942   101.2239     0.0378     1.1154     0.1058     4.6032     4.8967     0.0793     0.0918    34.7021    1527.55  1048.0113 0.0000e+00
   4465.000   4382.406      98.66     0.7542    34.7020     4.5861   3.123147    27.8431     0.0004     0.0522    -0.0672    -0.0485   101.6944   101.2205     0.0447     1.1154     0.1050     4.6032     4.8966     0.0805     0.0911    34.7020    1527.56  1048.0156 0.0000e+00
   4466.000   4383.376      98.66     0.7542    34.7020     4.6021   3.123175    27.8430     0.0004     0.0546    -0.0667    -0.0484   101.6823   101.2185     0.0447     1.1154     0.1048     4.6027     4.8965     0.0805     0.0923    34.7019    1527.58  1048.0199 0.0000e+00
