Data/Raw HPLC Argo/lovbio088d/CTD/bioargomed02.cnv
* Sea-Bird SBE 9 Data File:
* FileName = C:\CTD\raw\bioargomed02.hdr
* Software Version Seasave V 7.23.2
* Temperature SN = 2473
* Conductivity SN = 1313
* Number of Bytes Per Scan = 31
* Number of Voltage Words = 4
* Number of Scans Averaged by the Deck Unit = 1
* NMEA Latitude = 38 10.19 N
* NMEA Longitude = 018 30.13 E
* NMEA UTC (Time) = May 16 2015  03:29:37
* NMEA baud rate = 4800
** Ship: TETHYS 2
** Cruise: BIOARGOMED
** Station: 02
# nquan = 11
# nvalues = 504                         
# units = specified
# name 0 = prDM: Pressure, Digiquartz [db]
# name 1 = t090C: Temperature [ITS-90, deg C]
# name 2 = c0S/m: Conductivity [S/m]
# name 3 = sbeox0V: Oxygen raw, SBE 43 [V]
# name 4 = flC: Fluorescence, Chelsea Aqua 3 Chl Con [ug/l]
# name 5 = CStarTr0: Beam Transmission, WET Labs C-Star [%]
# name 6 = potemp090C: Potential Temperature [ITS-90, deg C]
# name 7 = sal00: Salinity, Practical [PSU]
# name 8 = sigma-é00: Density [sigma-theta, kg/m^3]
# name 9 = sbeox0Mm/Kg: Oxygen, SBE 43 [umol/kg], WS = 2
# name 10 = flag: flag
# span 0 =      1.000,    504.000       
# span 1 =    14.2629,    18.8665       
# span 2 =   4.657393,   5.134151       
# span 3 =     2.5239,     3.3828       
# span 4 =     0.1555,     0.2936       
# span 5 =    88.7991,    91.0596       
# span 6 =    14.1859,    18.8649       
# span 7 =    38.8492,    38.9719       
# span 8 =    28.0144,    29.1430       
# span 9 =    178.490,    237.356       
# span 10 = 0.0000e+00, 0.0000e+00      
# interval = decibars: 1                
# start_time = May 16 2015 03:29:37 [NMEA time, header]
# bad_flag = -9.990e-29
*END*
[from data line 263]
    264.000    14.8392   4.714309     2.7131     0.1716    90.8941    14.7981    38.9318    29.0527    189.192 0.0000e+00
    265.000    14.8309   4.713406     2.7114     0.1642    90.8881    14.7896    38.9313    29.0542    189.147 0.0000e+00
    266.000    14.8296   4.713289     2.7114     0.1610    90.8833    14.7882    38.9311    29.0544    189.291 0.0000e+00
    267.000    14.8252   4.712757     2.7106     0.1577    90.8878    14.7836    38.9301    29.0546    189.141 0.0000e+00
    268.000    14.8210   4.712307     2.7095     0.1615    90.8903    14.7794    38.9296    29.0552    188.978 0.0000e+00
    269.000    14.8177   4.711917     2.7068     0.1665    90.8868    14.7758    38.9289    29.0555    188.800 0.0000e+00
    270.000    14.8071   4.710613     2.7070     0.1681    90.8876    14.7651    38.9270    29.0564    189.192 0.0000e+00
    271.000    14.7955   4.709363     2.7082     0.1663    90.8795    14.7534    38.9265    29.0586    189.412 0.0000e+00
    272.000    14.7896   4.708734     2.7080     0.1658    90.8856    14.7474    38.9261    29.0597    189.223 0.0000e+00
    273.000    14.7891   4.708830     2.7082     0.1665    90.8827    14.7467    38.9270    29.0605    189.515 0.0000e+00
    274.000    14.7884   4.708816     2.7093     0.1679    90.8878    14.7458    38.9272    29.0609    189.496 0.0000e+00
    275.000    14.7884   4.708829     2.7075     0.1725    90.8878    14.7457    38.9269    29.0607    189.265 0.0000e+00
    276.000    14.7774   4.707603     2.7069     0.1694    90.8853    14.7345    38.9260    29.0625    189.415 0.0000e+00
    277.000    14.7735   4.707318     2.7077     0.1649    90.8879    14.7305    38.9269    29.0641    189.588 0.0000e+00
    278.000    14.7743   4.707443     2.7071     0.1653    90.8762    14.7312    38.9267    29.0638    189.203 0.0000e+00
    279.000    14.7733   4.707342     2.7029     0.1660    90.8881    14.7301    38.9263    29.0638    188.941 0.0000e+00
    280.000    14.7703   4.707082     2.7026     0.1648    90.8845    14.7269    38.9265    29.0646    188.886 0.0000e+00
    281.000    14.7677   4.706897     2.7015     0.1657    90.8865    14.7241    38.9269    29.0655    188.873 0.0000e+00
    282.000    14.7670   4.707030     2.7005     0.1652    90.8922    14.7232    38.9285    29.0669    188.771 0.0000e+00
    283.000    14.7672   4.707198     2.6986     0.1665    90.8996    14.7233    38.9293    29.0676    188.472 0.0000e+00
    284.000    14.7674   4.707307     2.6952     0.1700    90.8951    14.7234    38.9297    29.0679    188.296 0.0000e+00
    285.000    14.7693   4.707675     2.6964     0.1699    90.8916    14.7250    38.9309    29.0684    188.781 0.0000e+00
    286.000    14.7702   4.707834     2.6964     0.1682    90.9118    14.7258    38.9310    29.0683    188.531 0.0000e+00
    287.000    14.7709   4.707975     2.6941     0.1662    90.9094    14.7263    38.9311    29.0683    188.179 0.0000e+00
    288.000    14.7699   4.707996     2.6926     0.1663    90.9144    14.7252    38.9319    29.0692    188.180 0.0000e+00
    289.000    14.7702   4.708146     2.6926     0.1665    90.9155    14.7253    38.9326    29.0696    188.144 0.0000e+00
    290.000    14.7705   4.708209     2.6892     0.1658    90.9134    14.7255    38.9324    29.0695    187.827 0.0000e+00
    291.000    14.7612   4.707027     2.6887     0.1638    90.9199    14.7161    38.9303    29.0699    188.276 0.0000e+00
    292.000    14.7454   4.705136     2.6910     0.1616    90.9191    14.7001    38.9281    29.0718    188.564 0.0000e+00
    293.000    14.7325   4.703564     2.6907     0.1652    90.9135    14.6871    38.9259    29.0730    188.162 0.0000e+00
    294.000    14.7231   4.702447     2.6880     0.1638    90.9065    14.6775    38.9245    29.0741    188.000 0.0000e+00
    295.000    14.7190   4.701956     2.6877     0.1665    90.8972    14.6733    38.9236    29.0743    188.276 0.0000e+00
    296.000    14.7174   4.701780     2.6884     0.1622    90.8927    14.6715    38.9231    29.0744    188.353 0.0000e+00
    297.000    14.7144   4.701425     2.6886     0.1616    90.8834    14.6684    38.9224    29.0745    188.426 0.0000e+00
    298.000    14.7089   4.700712     2.6888     0.1639    90.8841    14.6627    38.9208    29.0746    188.320 0.0000e+00
    299.000    14.6993   4.699624     2.6876     0.1623    90.8630    14.6530    38.9198    29.0760    188.232 0.0000e+00
    300.000    14.6974   4.699455     2.6869     0.1629    90.8789    14.6510    38.9197    29.0763    188.281 0.0000e+00
    301.000    14.6968   4.699428     2.6866     0.1622    90.8752    14.6502    38.9196    29.0765    188.195 0.0000e+00
    302.000    14.6910   4.698747     2.6840     0.1606    90.8590    14.6443    38.9186    29.0770    187.988 0.0000e+00
    303.000    14.6848   4.698093     2.6842     0.1631    90.8718    14.6380    38.9183    29.0782    188.379 0.0000e+00
    304.000    14.6831   4.697941     2.6856     0.1626    90.8450    14.6360    38.9182    29.0785    188.405 0.0000e+00
    305.000    14.6827   4.697925     2.6845     0.1623    90.8866    14.6355    38.9180    29.0785    188.226 0.0000e+00
    306.000    14.6794   4.697646     2.6841     0.1580    90.8427    14.6320    38.9183    29.0795    188.064 0.0000e+00
    307.000    14.6785   4.697606     2.6822     0.1612    90.8727    14.6310    38.9184    29.0798    187.788 0.0000e+00
    308.000    14.6771   4.697500     2.6808     0.1629    90.8641    14.6294    38.9183    29.0801    187.918 0.0000e+00
    309.000    14.6787   4.697768     2.6794     0.1660    90.8634    14.6309    38.9188    29.0801    187.702 0.0000e+00
    310.000    14.6770   4.697788     2.6782     0.1640    90.8711    14.6291    38.9202    29.0816    187.714 0.0000e+00
    311.000    14.6763   4.697767     2.6778     0.1667    90.8714    14.6282    38.9203    29.0819    187.685 0.0000e+00
    312.000    14.6759   4.697763     2.6775     0.1644    90.8700    14.6277    38.9202    29.0819    187.964 0.0000e+00
    313.000    14.6759   4.697804     2.6805     0.1679    90.8708    14.6275    38.9201    29.0819    188.161 0.0000e+00
    314.000    14.6757   4.697849     2.6785     0.1671    90.8723    14.6271    38.9203    29.0821    187.601 0.0000e+00
    315.000    14.6736   4.697620     2.6765     0.1667    90.8693    14.6249    38.9199    29.0823    187.640 0.0000e+00
    316.000    14.6673   4.696913     2.6770     0.1636    90.8819    14.6185    38.9191    29.0831    187.973 0.0000e+00
    317.000    14.6657   4.696825     2.6756     0.1627    90.8838    14.6167    38.9195    29.0838    187.481 0.0000e+00
    318.000    14.6695   4.697528     2.6716     0.1660    90.8977    14.6203    38.9218    29.0848    187.372 0.0000e+00
    319.000    14.6730   4.698160     2.6724     0.1633    90.8998    14.6237    38.9237    29.0855    187.544 0.0000e+00
    320.000    14.6725   4.698165     2.6722     0.1611    90.9101    14.6230    38.9238    29.0858    187.323 0.0000e+00
    321.000    14.6701   4.697923     2.6696     0.1583    90.9129    14.6205    38.9235    29.0861    187.098 0.0000e+00
    322.000    14.6568   4.696256     2.6660     0.1604    90.9193    14.6070    38.9209    29.0871    186.686 0.0000e+00
    323.000    14.6404   4.694209     2.6649     0.1592    90.9166    14.5905    38.9178    29.0884    187.232 0.0000e+00
    324.000    14.6330   4.693382     2.6666     0.1616    90.9262    14.5829    38.9171    29.0895    187.380 0.0000e+00
    325.000    14.6304   4.693134     2.6661     0.1616    90.9209    14.5802    38.9169    29.0900    187.148 0.0000e+00
    326.000    14.6336   4.693514     2.6621     0.1621    90.9224    14.5832    38.9169    29.0893    186.617 0.0000e+00
    327.000    14.6260   4.692667     2.6619     0.1609    90.9187    14.5755    38.9161    29.0904    186.979 0.0000e+00
    328.000    14.6225   4.692285     2.6629     0.1629    90.9171    14.5719    38.9156    29.0908    187.253 0.0000e+00
    329.000    14.6227   4.692350     2.6649     0.1647    90.9139    14.5719    38.9156    29.0909    187.314 0.0000e+00
    330.000    14.6201   4.692066     2.6642     0.1643    90.8977    14.5692    38.9151    29.0910    186.867 0.0000e+00
    331.000    14.6166   4.691681     2.6615     0.1643    90.9153    14.5655    38.9146    29.0915    186.730 0.0000e+00
    332.000    14.6133   4.691268     2.6611     0.1656    90.9176    14.5621    38.9135    29.0914    187.010 0.0000e+00
    333.000    14.6035   4.690129     2.6615     0.1667    90.9068    14.5522    38.9123    29.0927    187.118 0.0000e+00
    334.000    14.6055   4.690390     2.6592     0.1682    90.9103    14.5539    38.9124    29.0923    186.639 0.0000e+00
    335.000    14.5955   4.689255     2.6590     0.1659    90.9117    14.5439    38.9113    29.0937    187.165 0.0000e+00
    336.000    14.5942   4.689163     2.6609     0.1615    90.8994    14.5424    38.9113    29.0941    187.288 0.0000e+00
    337.000    14.5949   4.689291     2.6591     0.1601    90.8961    14.5429    38.9113    29.0940    186.752 0.0000e+00
    338.000    14.5936   4.689182     2.6575     0.1623    90.9055    14.5415    38.9112    29.0942    186.787 0.0000e+00
    339.000    14.5926   4.689132     2.6577     0.1563    90.9056    14.5403    38.9113    29.0945    186.970 0.0000e+00
    340.000    14.5918   4.689052     2.6564     0.1573    90.9060    14.5393    38.9110    29.0945    186.564 0.0000e+00
    341.000    14.5883   4.688675     2.6555     0.1614    90.9054    14.5357    38.9105    29.0949    186.893 0.0000e+00
    342.000    14.5858   4.688431     2.6559     0.1604    90.9033    14.5331    38.9103    29.0953    186.726 0.0000e+00
    343.000    14.5818   4.687950     2.6550     0.1626    90.9010    14.5289    38.9094    29.0956    186.688 0.0000e+00
    344.000    14.5759   4.687286     2.6540     0.1609    90.8944    14.5228    38.9087    29.0964    186.639 0.0000e+00
    345.000    14.5704   4.686679     2.6531     0.1577    90.8947    14.5172    38.9080    29.0971    186.604 0.0000e+00
    346.000    14.5686   4.686500     2.6529     0.1601    90.8859    14.5153    38.9077    29.0974    186.729 0.0000e+00
    347.000    14.5673   4.686399     2.6538     0.1607    90.8833    14.5138    38.9076    29.0976    186.912 0.0000e+00
    348.000    14.5655   4.686224     2.6524     0.1645    90.8950    14.5119    38.9074    29.0978    186.434 0.0000e+00
    349.000    14.5580   4.685366     2.6507     0.1625    90.8915    14.5042    38.9064    29.0988    186.289 0.0000e+00
    350.000    14.5501   4.684531     2.6480     0.1622    90.8911    14.4962    38.9061    29.1004    186.114 0.0000e+00
    351.000    14.5466   4.684196     2.6460     0.1613    90.8906    14.4925    38.9061    29.1011    185.967 0.0000e+00
    352.000    14.5437   4.683912     2.6434     0.1635    90.8946    14.4895    38.9059    29.1017    186.038 0.0000e+00
    353.000    14.5418   4.683754     2.6452     0.1657    90.8915    14.4875    38.9059    29.1021    186.434 0.0000e+00
    354.000    14.5429   4.683929     2.6435     0.1611    90.8974    14.4884    38.9060    29.1020    185.754 0.0000e+00
    355.000    14.5387   4.683530     2.6404     0.1582    90.8444    14.4841    38.9060    29.1029    185.533 0.0000e+00
    356.000    14.5351   4.683220     2.6391     0.1598    90.8629    14.4803    38.9063    29.1040    185.632 0.0000e+00
    357.000    14.5357   4.683344     2.6377     0.1612    90.9133    14.4808    38.9064    29.1040    185.541 0.0000e+00
    358.000    14.5313   4.682942     2.6359     0.1606    90.9198    14.4762    38.9066    29.1051    185.398 0.0000e+00
    359.000    14.5304   4.682910     2.6356     0.1600    90.9222    14.4751    38.9068    29.1056    185.361 0.0000e+00
    360.000    14.5298   4.682882     2.6342     0.1593    90.9208    14.4744    38.9066    29.1056    185.199 0.0000e+00
    361.000    14.5292   4.682880     2.6309     0.1625    90.9253    14.4737    38.9068    29.1059    184.841 0.0000e+00
    362.000    14.5280   4.682787     2.6302     0.1660    90.9248    14.4723    38.9067    29.1061    184.930 0.0000e+00
    363.000    14.5269   4.682714     2.6277     0.1664    90.9335    14.4710    38.9067    29.1064    184.586 0.0000e+00
    364.000    14.5261   4.682677     2.6279     0.1676    90.9349    14.4701    38.9067    29.1066    185.081 0.0000e+00
    365.000    14.5261   4.682715     2.6292     0.1689    90.9347    14.4700    38.9066    29.1065    184.933 0.0000e+00
    366.000    14.5230   4.682431     2.6254     0.1672    90.9322    14.4666    38.9067    29.1074    184.227 0.0000e+00
    367.000    14.5188   4.682019     2.6236     0.1650    90.9472    14.4624    38.9065    29.1082    184.484 0.0000e+00
    368.000    14.5168   4.681823     2.6227     0.1642    90.9630    14.4602    38.9063    29.1085    184.426 0.0000e+00
    369.000    14.5144   4.681590     2.6218     0.1633    90.9540    14.4577    38.9060    29.1089    184.349 0.0000e+00
    370.000    14.5136   4.681556     2.6216     0.1580    90.9547    14.4567    38.9061    29.1091    184.511 0.0000e+00
    371.000    14.5135   4.681590     2.6209     0.1643    90.9571    14.4565    38.9061    29.1091    184.223 0.0000e+00
    372.000    14.5134   4.681672     2.6189     0.1607    90.9634    14.4561    38.9066    29.1096    184.080 0.0000e+00
    373.000    14.5140   4.681856     2.6184     0.1641    90.9696    14.4566    38.9073    29.1100    184.233 0.0000e+00
    374.000    14.5138   4.681897     2.6185     0.1627    90.9700    14.4563    38.9074    29.1102    184.247 0.0000e+00
    375.000    14.5105   4.681520     2.6160     0.1596    90.9805    14.4528    38.9067    29.1105    183.949 0.0000e+00
    376.000    14.5030   4.680656     2.6167     0.1628    90.9783    14.4451    38.9058    29.1114    184.259 0.0000e+00
    377.000    14.4970   4.679946     2.6168     0.1665    90.9695    14.4390    38.9047    29.1119    184.174 0.0000e+00
    378.000    14.4934   4.679572     2.6148     0.1654    90.9745    14.4352    38.9044    29.1125    183.884 0.0000e+00
    379.000    14.4884   4.678946     2.6120     0.1616    90.9670    14.4302    38.9030    29.1126    183.692 0.0000e+00
    380.000    14.4854   4.678669     2.6117     0.1619    90.9722    14.4270    38.9030    29.1133    183.795 0.0000e+00
    381.000    14.4813   4.678203     2.6115     0.1625    90.9744    14.4227    38.9024    29.1138    183.948 0.0000e+00
    382.000    14.4772   4.677723     2.6090     0.1645    90.9647    14.4185    38.9015    29.1140    183.312 0.0000e+00
    383.000    14.4706   4.677004     2.6077     0.1593    90.9675    14.4117    38.9010    29.1152    183.569 0.0000e+00
    384.000    14.4702   4.677035     2.6085     0.1574    90.9745    14.4112    38.9013    29.1155    183.791 0.0000e+00
    385.000    14.4719   4.677252     2.6092     0.1619    90.9556    14.4127    38.9012    29.1151    183.855 0.0000e+00
    386.000    14.4657   4.676536     2.6096     0.1626    90.9288    14.4065    38.9002    29.1157    183.738 0.0000e+00
    387.000    14.4634   4.676326     2.6078     0.1648    90.9659    14.4039    38.9002    29.1162    183.393 0.0000e+00
    388.000    14.4625   4.676259     2.6056     0.1571    90.9708    14.4030    38.8999    29.1162    183.433 0.0000e+00
    389.000    14.4593   4.675861     2.6060     0.1566    90.9702    14.3995    38.8991    29.1163    183.737 0.0000e+00
    390.000    14.4545   4.675335     2.6059     0.1601    90.9719    14.3946    38.8985    29.1170    183.611 0.0000e+00
    391.000    14.4530   4.675190     2.6058     0.1631    90.9692    14.3929    38.8982    29.1171    183.676 0.0000e+00
    392.000    14.4523   4.675172     2.6049     0.1648    90.9681    14.3921    38.8983    29.1174    183.507 0.0000e+00
    393.000    14.4513   4.675078     2.6045     0.1633    90.9654    14.3910    38.8979    29.1173    183.450 0.0000e+00
