Data/Raw HPLC Argo/lovbio088d/CTD/bioargomed02.cnv
* Sea-Bird SBE 9 Data File:
* FileName = C:\CTD\raw\bioargomed02.hdr
* Software Version Seasave V 7.23.2
* Temperature SN = 2473
* Conductivity SN = 1313
* Number of Bytes Per Scan = 31
* Number of Voltage Words = 4
* Number of Scans Averaged by the Deck Unit = 1
* NMEA Latitude = 38 10.19 N
* NMEA Longitude = 018 30.13 E
* NMEA UTC (Time) = May 16 2015  03:29:37
* NMEA baud rate = 4800
** Ship: TETHYS 2
** Cruise: BIOARGOMED
** Station: 02
# nquan = 11
# nvalues = 504                         
# units = specified
# name 0 = prDM: Pressure, Digiquartz [db]
# name 1 = t090C: Temperature [ITS-90, deg C]
# name 2 = c0S/m: Conductivity [S/m]
# name 3 = sbeox0V: Oxygen raw, SBE 43 [V]
# name 4 = flC: Fluorescence, Chelsea Aqua 3 Chl Con [ug/l]
# name 5 = CStarTr0: Beam Transmission, WET Labs C-Star [%]
# name 6 = potemp090C: Potential Temperature [ITS-90, deg C]
# name 7 = sal00: Salinity, Practical [PSU]
# name 8 = sigma-é00: Density [sigma-theta, kg/m^3]
# name 9 = sbeox0Mm/Kg: Oxygen, SBE 43 [umol/kg], WS = 2
# name 10 = flag: flag
# span 0 =      1.000,    504.000       
# span 1 =    14.2629,    18.8665       
# span 2 =   4.657393,   5.134151       
# span 3 =     2.5239,     3.3828       
# span 4 =     0.1555,     0.2936       
# span 5 =    88.7991,    91.0596       
# span 6 =    14.1859,    18.8649       
# span 7 =    38.8492,    38.9719       
# span 8 =    28.0144,    29.1430       
# span 9 =    178.490,    237.356       
# span 10 = 0.0000e+00, 0.0000e+00      
# interval = decibars: 1                
# start_time = May 16 2015 03:29:37 [NMEA time, header]
# bad_flag = -9.990e-29
*END*
[from data line 394]
    395.000    14.4484   4.674819     2.6024     0.1615    90.9615    14.3877    38.8976    29.1178    183.255 0.0000e+00
    396.000    14.4470   4.674694     2.6000     0.1613    90.9656    14.3862    38.8974    29.1180    183.001 0.0000e+00
    397.000    14.4459   4.674642     2.5985     0.1624    90.9687    14.3850    38.8975    29.1184    182.887 0.0000e+00
    398.000    14.4450   4.674564     2.5966     0.1664    90.9712    14.3839    38.8973    29.1184    182.844 0.0000e+00
    399.000    14.4430   4.674406     2.5963     0.1613    90.9712    14.3818    38.8973    29.1189    183.005 0.0000e+00
    400.000    14.4405   4.674186     2.5964     0.1603    90.9743    14.3791    38.8973    29.1195    183.125 0.0000e+00
    401.000    14.4409   4.674339     2.5973     0.1632    90.9727    14.3794    38.8979    29.1199    183.274 0.0000e+00
    402.000    14.4411   4.674416     2.5975     0.1661    90.9772    14.3794    38.8981    29.1200    183.043 0.0000e+00
    403.000    14.4408   4.674454     2.5956     0.1663    90.9858    14.3789    38.8982    29.1203    182.925 0.0000e+00
    404.000    14.4415   4.674649     2.5957     0.1653    90.9863    14.3795    38.8989    29.1206    183.090 0.0000e+00
    405.000    14.4417   4.674739     2.5954     0.1594    90.9840    14.3795    38.8991    29.1208    182.912 0.0000e+00
    406.000    14.4427   4.674981     2.5946     0.1633    90.9837    14.3804    38.8999    29.1212    183.003 0.0000e+00
    407.000    14.4434   4.675140     2.5952     0.1657    90.9873    14.3809    38.9003    29.1214    183.101 0.0000e+00
    408.000    14.4439   4.675229     2.5939     0.1639    90.9818    14.3812    38.9002    29.1213    182.761 0.0000e+00
    409.000    14.4464   4.675792     2.5918     0.1623    90.9864    14.3836    38.9025    29.1225    182.441 0.0000e+00
    410.000    14.4508   4.676550     2.5895     0.1612    90.9993    14.3878    38.9047    29.1233    182.130 0.0000e+00
    411.000    14.4511   4.676640     2.5871     0.1607    91.0001    14.3879    38.9049    29.1234    181.992 0.0000e+00
    412.000    14.4527   4.676992     2.5830     0.1592    91.0079    14.3894    38.9061    29.1240    181.693 0.0000e+00
    413.000    14.4592   4.677952     2.5829     0.1607    91.0144    14.3957    38.9081    29.1242    182.117 0.0000e+00
    414.000    14.4598   4.678066     2.5850     0.1595    91.0154    14.3962    38.9081    29.1241    182.289 0.0000e+00
    415.000    14.4597   4.678104     2.5845     0.1562    91.0156    14.3959    38.9082    29.1242    182.143 0.0000e+00
    416.000    14.4589   4.678043     2.5848     0.1582    91.0150    14.3949    38.9080    29.1242    182.176 0.0000e+00
    417.000    14.4580   4.677962     2.5840     0.1571    91.0190    14.3939    38.9077    29.1243    182.164 0.0000e+00
    418.000    14.4546   4.677635     2.5847     0.1603    91.0145    14.3904    38.9076    29.1249    182.346 0.0000e+00
    419.000    14.4526   4.677455     2.5838     0.1614    91.0139    14.3882    38.9075    29.1253    181.993 0.0000e+00
    420.000    14.4517   4.677370     2.5824     0.1627    91.0050    14.3872    38.9071    29.1253    182.174 0.0000e+00
    421.000    14.4495   4.677181     2.5829     0.1633    91.0202    14.3848    38.9072    29.1259    182.030 0.0000e+00
    422.000    14.4474   4.677039     2.5811     0.1599    91.0261    14.3826    38.9074    29.1266    181.913 0.0000e+00
    423.000    14.4471   4.677035     2.5810     0.1575    91.0263    14.3821    38.9073    29.1266    182.054 0.0000e+00
    424.000    14.4471   4.677084     2.5802     0.1603    91.0222    14.3820    38.9073    29.1266    181.869 0.0000e+00
    425.000    14.4459   4.676962     2.5778     0.1652    91.0360    14.3807    38.9069    29.1266    181.640 0.0000e+00
    426.000    14.4399   4.676237     2.5770     0.1590    91.0340    14.3744    38.9058    29.1271    181.688 0.0000e+00
    427.000    14.4341   4.675555     2.5770     0.1577    91.0277    14.3685    38.9048    29.1276    181.714 0.0000e+00
    428.000    14.4308   4.675194     2.5753     0.1630    91.0369    14.3651    38.9042    29.1279    181.401 0.0000e+00
    429.000    14.4276   4.674817     2.5728     0.1606    91.0347    14.3617    38.9035    29.1282    181.534 0.0000e+00
    430.000    14.4261   4.674659     2.5742     0.1628    91.0307    14.3600    38.9031    29.1282    181.846 0.0000e+00
    431.000    14.4257   4.674670     2.5755     0.1612    91.0329    14.3595    38.9032    29.1284    181.973 0.0000e+00
    432.000    14.4249   4.674595     2.5759     0.1612    91.0381    14.3586    38.9028    29.1283    181.781 0.0000e+00
    433.000    14.4230   4.674366     2.5746     0.1641    91.0403    14.3565    38.9021    29.1282    181.591 0.0000e+00
    434.000    14.4139   4.673221     2.5735     0.1607    91.0395    14.3473    38.9001    29.1287    181.543 0.0000e+00
    435.000    14.4089   4.672648     2.5721     0.1561    91.0315    14.3421    38.8994    29.1293    181.452 0.0000e+00
    436.000    14.4019   4.671785     2.5716     0.1574    91.0434    14.3351    38.8978    29.1296    181.554 0.0000e+00
    437.000    14.3980   4.671365     2.5712     0.1568    91.0371    14.3310    38.8973    29.1301    181.521 0.0000e+00
    438.000    14.3973   4.671306     2.5703     0.1594    91.0425    14.3301    38.8971    29.1302    181.453 0.0000e+00
    439.000    14.3957   4.671164     2.5699     0.1629    91.0322    14.3284    38.8969    29.1304    181.482 0.0000e+00
    440.000    14.3951   4.671103     2.5690     0.1624    91.0452    14.3276    38.8965    29.1302    181.421 0.0000e+00
    441.000    14.3949   4.671161     2.5695     0.1637    91.0419    14.3273    38.8968    29.1306    181.678 0.0000e+00
    442.000    14.3948   4.671187     2.5701     0.1618    91.0412    14.3271    38.8967    29.1305    181.746 0.0000e+00
    443.000    14.3939   4.671121     2.5713     0.1587    91.0411    14.3260    38.8966    29.1307    181.811 0.0000e+00
    444.000    14.3925   4.670985     2.5710     0.1642    91.0388    14.3244    38.8963    29.1308    181.647 0.0000e+00
    445.000    14.3899   4.670702     2.5681     0.1597    91.0448    14.3216    38.8958    29.1311    181.063 0.0000e+00
    446.000    14.3890   4.670663     2.5657     0.1609    91.0441    14.3206    38.8959    29.1314    181.144 0.0000e+00
    447.000    14.3885   4.670659     2.5650     0.1617    91.0361    14.3200    38.8959    29.1315    181.023 0.0000e+00
    448.000    14.3875   4.670577     2.5612     0.1617    91.0441    14.3188    38.8957    29.1315    180.633 0.0000e+00
    449.000    14.3865   4.670514     2.5599     0.1621    91.0547    14.3177    38.8956    29.1318    180.766 0.0000e+00
    450.000    14.3857   4.670474     2.5609     0.1584    91.0556    14.3167    38.8956    29.1320    181.141 0.0000e+00
    451.000    14.3865   4.670596     2.5621     0.1583    91.0411    14.3174    38.8955    29.1318    181.148 0.0000e+00
    452.000    14.3843   4.670365     2.5619     0.1610    91.0596    14.3150    38.8952    29.1320    181.082 0.0000e+00
    453.000    14.3830   4.670253     2.5623     0.1616    91.0440    14.3135    38.8950    29.1322    181.240 0.0000e+00
    454.000    14.3813   4.670093     2.5623     0.1646    91.0434    14.3117    38.8948    29.1324    181.090 0.0000e+00
    455.000    14.3825   4.670261     2.5565     0.1600    91.0480    14.3128    38.8947    29.1321    180.129 0.0000e+00
    456.000    14.3800   4.670047     2.5551     0.1615    91.0410    14.3101    38.8947    29.1328    180.277 0.0000e+00
    457.000    14.3813   4.670325     2.5537     0.1642    91.0272    14.3113    38.8956    29.1331    180.294 0.0000e+00
    458.000    14.3813   4.670350     2.5534     0.1617    91.0460    14.3111    38.8954    29.1330    180.434 0.0000e+00
    459.000    14.3793   4.670130     2.5530     0.1595    91.0439    14.3089    38.8949    29.1332    180.542 0.0000e+00
    460.000    14.3742   4.669564     2.5540     0.1603    91.0519    14.3037    38.8943    29.1339    180.639 0.0000e+00
    461.000    14.3757   4.669797     2.5535     0.1611    91.0450    14.3050    38.8946    29.1338    180.487 0.0000e+00
    462.000    14.3754   4.669835     2.5530     0.1573    91.0545    14.3045    38.8948    29.1340    180.470 0.0000e+00
    463.000    14.3742   4.669763     2.5524     0.1622    91.0491    14.3032    38.8948    29.1343    180.117 0.0000e+00
    464.000    14.3721   4.669564     2.5476     0.1657    91.0484    14.3009    38.8947    29.1347    179.700 0.0000e+00
    465.000    14.3698   4.669352     2.5477     0.1639    91.0469    14.2985    38.8946    29.1352    180.232 0.0000e+00
    466.000    14.3682   4.669236     2.5487     0.1630    91.0493    14.2967    38.8947    29.1356    180.285 0.0000e+00
    467.000    14.3675   4.669195     2.5437     0.1680    91.0555    14.2960    38.8944    29.1357    179.377 0.0000e+00
    468.000    14.3665   4.669151     2.5423     0.1643    91.0513    14.2947    38.8947    29.1361    179.521 0.0000e+00
    469.000    14.3646   4.668989     2.5428     0.1652    91.0526    14.2927    38.8946    29.1365    179.777 0.0000e+00
    470.000    14.3641   4.668951     2.5403     0.1615    91.0540    14.2921    38.8943    29.1364    179.364 0.0000e+00
    471.000    14.3636   4.668955     2.5402     0.1562    91.0567    14.2914    38.8944    29.1366    179.622 0.0000e+00
    472.000    14.3624   4.668823     2.5411     0.1575    91.0369    14.2901    38.8939    29.1366    179.732 0.0000e+00
    473.000    14.3610   4.668666     2.5423     0.1650    91.0410    14.2885    38.8934    29.1365    179.863 0.0000e+00
    474.000    14.3543   4.667944     2.5429     0.1623    91.0559    14.2817    38.8929    29.1376    179.914 0.0000e+00
    475.000    14.3549   4.668038     2.5400     0.1579    91.0475    14.2821    38.8928    29.1374    179.329 0.0000e+00
    476.000    14.3544   4.668104     2.5377     0.1577    91.0564    14.2814    38.8935    29.1381    179.488 0.0000e+00
    477.000    14.3550   4.668296     2.5389     0.1612    91.0472    14.2819    38.8942    29.1386    179.617 0.0000e+00
    478.000    14.3554   4.668355     2.5351     0.1587    91.0548    14.2821    38.8940    29.1384    178.717 0.0000e+00
    479.000    14.3554   4.668436     2.5316     0.1555    90.9859    14.2820    38.8943    29.1386    178.606 0.0000e+00
    480.000    14.3520   4.667992     2.5313     0.1608    91.0596    14.2785    38.8931    29.1384    178.837 0.0000e+00
    481.000    14.3389   4.666352     2.5319     0.1619    91.0566    14.2653    38.8904    29.1393    179.176 0.0000e+00
    482.000    14.3361   4.666041     2.5335     0.1637    91.0581    14.2623    38.8899    29.1395    179.280 0.0000e+00
    483.000    14.3306   4.665287     2.5336     0.1604    91.0559    14.2566    38.8879    29.1393    179.257 0.0000e+00
    484.000    14.3207   4.664101     2.5337     0.1616    91.0504    14.2466    38.8863    29.1402    179.269 0.0000e+00
    485.000    14.3176   4.663746     2.5326     0.1656    91.0516    14.2434    38.8857    29.1404    179.074 0.0000e+00
    486.000    14.3154   4.663530     2.5315     0.1626    91.0472    14.2411    38.8854    29.1407    179.153 0.0000e+00
    487.000    14.3124   4.663136     2.5321     0.1612    91.0491    14.2378    38.8843    29.1406    179.260 0.0000e+00
    488.000    14.3125   4.663187     2.5286     0.1611    91.0525    14.2378    38.8842    29.1406    178.523 0.0000e+00
    489.000    14.3072   4.662542     2.5261     0.1617    91.0418    14.2324    38.8830    29.1408    178.729 0.0000e+00
    490.000    14.3042   4.662207     2.5267     0.1578    91.0464    14.2292    38.8825    29.1411    179.122 0.0000e+00
    491.000    14.3036   4.662179     2.5286     0.1573    91.0414    14.2285    38.8824    29.1412    179.123 0.0000e+00
    492.000    14.3029   4.662138     2.5267     0.1614    91.0401    14.2276    38.8823    29.1413    178.590 0.0000e+00
    493.000    14.3022   4.662108     2.5243     0.1607    91.0556    14.2268    38.8822    29.1414    178.490 0.0000e+00
    494.000    14.3004   4.661870     2.5239     0.1599    91.0430    14.2248    38.8814    29.1412    178.772 0.0000e+00
    495.000    14.2979   4.661613     2.5255     0.1651    91.0513    14.2222    38.8810    29.1415    179.178 0.0000e+00
    496.000    14.2968   4.661490     2.5269     0.1603    91.0469    14.2209    38.8806    29.1414    179.038 0.0000e+00
    497.000    14.2935   4.661025     2.5255     0.1624    91.0433    14.2175    38.8791    29.1410    178.940 0.0000e+00
    498.000    14.2819   4.659570     2.5261     0.1664    91.0493    14.2058    38.8766    29.1417    179.066 0.0000e+00
    499.000    14.2757   4.658816     2.5258     0.1668    91.0471    14.1994    38.8754    29.1421    179.084 0.0000e+00
    500.000    14.2762   4.658914     2.5271     0.1631    91.0465    14.1998    38.8753    29.1420    179.239 0.0000e+00
    501.000    14.2653   4.657577     2.5250     0.1624    91.0554    14.1887    38.8733    29.1429    178.906 0.0000e+00
    502.000    14.2655   4.657675     2.5255     0.1629    91.0527    14.1889    38.8736    29.1430    179.354 0.0000e+00
    503.000    14.2647   4.657594     2.5267     0.1627    91.0591    14.1878    38.8732    29.1430    179.594 0.0000e+00
    504.000    14.2629   4.657393 -9.990e-29     0.1579    91.0549    14.1859    38.8727    29.1430 -9.990e-29 0.0000e+00
