Data/Raw HPLC Argo/lovbio088d/CTD/bioargomed02.cnv
* Sea-Bird SBE 9 Data File:
* FileName = C:\CTD\raw\bioargomed02.hdr
* Software Version Seasave V 7.23.2
* Temperature SN = 2473
* Conductivity SN = 1313
* Number of Bytes Per Scan = 31
* Number of Voltage Words = 4
* Number of Scans Averaged by the Deck Unit = 1
* NMEA Latitude = 38 10.19 N
* NMEA Longitude = 018 30.13 E
* NMEA UTC (Time) = May 16 2015  03:29:37
* NMEA baud rate = 4800
** Ship: TETHYS 2
** Cruise: BIOARGOMED
** Station: 02
# nquan = 11
# nvalues = 504                         
# units = specified
# name 0 = prDM: Pressure, Digiquartz [db]
# name 1 = t090C: Temperature [ITS-90, deg C]
# name 2 = c0S/m: Conductivity [S/m]
# name 3 = sbeox0V: Oxygen raw, SBE 43 [V]
# name 4 = flC: Fluorescence, Chelsea Aqua 3 Chl Con [ug/l]
# name 5 = CStarTr0: Beam Transmission, WET Labs C-Star [%]
# name 6 = potemp090C: Potential Temperature [ITS-90, deg C]
# name 7 = sal00: Salinity, Practical [PSU]
# name 8 = sigma-é00: Density [sigma-theta, kg/m^3]
# name 9 = sbeox0Mm/Kg: Oxygen, SBE 43 [umol/kg], WS = 2
# name 10 = flag: flag
# span 0 =      1.000,    504.000       
# span 1 =    14.2629,    18.8665       
# span 2 =   4.657393,   5.134151       
# span 3 =     2.5239,     3.3828       
# span 4 =     0.1555,     0.2936       
# span 5 =    88.7991,    91.0596       
# span 6 =    14.1859,    18.8649       
# span 7 =    38.8492,    38.9719       
# span 8 =    28.0144,    29.1430       
# span 9 =    178.490,    237.356       
# span 10 = 0.0000e+00, 0.0000e+00      
# interval = decibars: 1                
# start_time = May 16 2015 03:29:37 [NMEA time, header]
# bad_flag = -9.990e-29
*END*
[from data line 132]
    133.000    15.1660   4.736609     3.0542     0.1775    90.8404    15.1451    38.8699    28.9263    216.212 0.0000e+00
    134.000    15.1587   4.735788     3.0518     0.1752    90.8426    15.1377    38.8691    28.9273    216.122 0.0000e+00
    135.000    15.1512   4.734696     3.0505     0.1745    90.8469    15.1300    38.8661    28.9267    216.254 0.0000e+00
    136.000    15.1318   4.732273     3.0504     0.1717    90.8591    15.1105    38.8626    28.9284    216.212 0.0000e+00
    137.000    15.1292   4.732040     3.0477     0.1744    90.8324    15.1077    38.8626    28.9291    215.984 0.0000e+00
    138.000    15.1291   4.732047     3.0472     0.1717    90.8531    15.1074    38.8623    28.9290    216.296 0.0000e+00
    139.000    15.1292   4.732089     3.0491     0.1797    90.8591    15.1074    38.8622    28.9289    216.408 0.0000e+00
    140.000    15.1295   4.732201     3.0465     0.1768    90.8609    15.1075    38.8625    28.9291    215.666 0.0000e+00
    141.000    15.1436   4.734588     3.0417     0.1772    90.8535    15.1215    38.8700    28.9317    215.218 0.0000e+00
    142.000    15.1669   4.738133     3.0375     0.1774    90.8655    15.1446    38.8791    28.9335    214.771 0.0000e+00
    143.000    15.1731   4.739133     3.0346     0.1738    90.8571    15.1506    38.8818    28.9341    214.516 0.0000e+00
    144.000    15.1751   4.739457     3.0324     0.1742    90.8739    15.1525    38.8823    28.9341    214.560 0.0000e+00
    145.000    15.1750   4.739488     3.0322     0.1704    90.8839    15.1522    38.8823    28.9342    214.706 0.0000e+00
    146.000    15.1662   4.738413     3.0308     0.1682    90.8751    15.1432    38.8807    28.9350    214.278 0.0000e+00
    147.000    15.1621   4.738149     3.0275     0.1692    90.8853    15.1390    38.8818    28.9368    213.970 0.0000e+00
    148.000    15.1908   4.742901     3.0257     0.1714    90.8763    15.1675    38.8967    28.9419    214.052 0.0000e+00
    149.000    15.1933   4.742981     3.0245     0.1692    90.8704    15.1699    38.8945    28.9396    213.716 0.0000e+00
    150.000    15.1914   4.743046     3.0159     0.1646    90.8901    15.1678    38.8966    28.9417    212.654 0.0000e+00
    151.000    15.1903   4.743076     3.0147     0.1650    90.8878    15.1665    38.8975    28.9427    213.096 0.0000e+00
    152.000    15.1893   4.742981     3.0151     0.1647    90.8892    15.1654    38.8972    28.9427    213.104 0.0000e+00
    153.000    15.1915   4.743340     3.0070     0.1709    90.8900    15.1674    38.8979    28.9427    211.716 0.0000e+00
    154.000    15.2085   4.746233     2.9987     0.1693    90.8796    15.1842    38.9072    28.9462    210.612 0.0000e+00
    155.000    15.2331   4.750221     2.9921     0.1663    90.8965    15.2086    38.9191    28.9497    210.210 0.0000e+00
    156.000    15.2544   4.753362     2.9885     0.1664    90.9036    15.2298    38.9264    28.9505    210.358 0.0000e+00
    157.000    15.2423   4.751781     2.9875     0.1656    90.9137    15.2175    38.9234    28.9510    210.402 0.0000e+00
    158.000    15.2325   4.750778     2.9854     0.1656    90.9063    15.2076    38.9235    28.9533    210.328 0.0000e+00
    159.000    15.2325   4.750785     2.9841     0.1679    90.9148    15.2074    38.9231    28.9531    210.007 0.0000e+00
    160.000    15.2325   4.750851     2.9771     0.1707    90.9161    15.2073    38.9232    28.9532    209.168 0.0000e+00
    161.000    15.2329   4.750938     2.9756     0.1701    90.8996    15.2075    38.9232    28.9532    209.770 0.0000e+00
    162.000    15.2329   4.750987     2.9774     0.1682    90.9017    15.2074    38.9232    28.9532    210.085 0.0000e+00
    163.000    15.2329   4.750969     2.9790     0.1685    90.9124    15.2071    38.9227    28.9528    209.957 0.0000e+00
    164.000    15.2335   4.751123     2.9775     0.1703    90.9097    15.2076    38.9230    28.9530    209.939 0.0000e+00
    165.000    15.2339   4.751218     2.9782     0.1690    90.9115    15.2078    38.9231    28.9530    210.048 0.0000e+00
    166.000    15.2338   4.751262     2.9781     0.1712    90.9063    15.2076    38.9231    28.9531    209.743 0.0000e+00
    167.000    15.2389   4.752279     2.9695     0.1706    90.9100    15.2126    38.9262    28.9544    208.082 0.0000e+00
    168.000    15.2829   4.758954     2.9583     0.1699    90.9165    15.2563    38.9442    28.9582    206.827 0.0000e+00
    169.000    15.3055   4.762250     2.9481     0.1667    90.9158    15.2788    38.9517    28.9588    206.290 0.0000e+00
    170.000    15.2897   4.760194     2.9447     0.1623    90.9118    15.2628    38.9481    28.9597    206.686 0.0000e+00
    171.000    15.2834   4.759429     2.9463     0.1610    90.9109    15.2564    38.9468    28.9602    207.190 0.0000e+00
    172.000    15.2829   4.759399     2.9444     0.1667    90.9134    15.2557    38.9466    28.9602    206.632 0.0000e+00
    173.000    15.2655   4.756731     2.9431     0.1709    90.9105    15.2382    38.9389    28.9582    207.007 0.0000e+00
    174.000    15.2253   4.751474     2.9450     0.1700    90.9142    15.1979    38.9300    28.9606    207.409 0.0000e+00
    175.000    15.2238   4.751489     2.9477     0.1640    90.9143    15.1962    38.9312    28.9619    207.913 0.0000e+00
    176.000    15.1687   4.743775     2.9549     0.1702    90.9143    15.1410    38.9145    28.9616    209.085 0.0000e+00
    177.000    15.1291   4.738499     2.9581     0.1666    90.9123    15.1013    38.9048    28.9632    209.215 0.0000e+00
    178.000    15.0989   4.734970     2.9579     0.1657    90.9065    15.0710    38.9018    28.9677    208.936 0.0000e+00
    179.000    15.0956   4.734440     2.9579     0.1671    90.9110    15.0675    38.8997    28.9669    209.400 0.0000e+00
    180.000    15.0955   4.734504     2.9603     0.1679    90.9096    15.0673    38.9000    28.9672    209.379 0.0000e+00
    181.000    15.0960   4.734587     2.9560     0.1732    90.9044    15.0676    38.8998    28.9670    208.455 0.0000e+00
    182.000    15.0932   4.734344     2.9534     0.1715    90.9078    15.0647    38.8999    28.9677    208.709 0.0000e+00
    183.000    15.0930   4.734480     2.9540     0.1752    90.9000    15.0643    38.9009    28.9686    208.885 0.0000e+00
    184.000    15.0959   4.734886     2.9478     0.1689    90.9140    15.0671    38.9014    28.9683    207.130 0.0000e+00
    185.000    15.1104   4.737264     2.9340     0.1696    90.9169    15.0813    38.9085    28.9706    205.663 0.0000e+00
    186.000    15.1192   4.738584     2.9279     0.1684    90.9190    15.0900    38.9114    28.9709    205.247 0.0000e+00
    187.000    15.1257   4.739783     2.9213     0.1717    90.9161    15.0963    38.9156    28.9727    205.366 0.0000e+00
    188.000    15.1329   4.740958     2.9208     0.1697    90.9202    15.1034    38.9189    28.9736    205.676 0.0000e+00
    189.000    15.1524   4.743988     2.9186     0.1630    90.9149    15.1227    38.9269    28.9754    204.640 0.0000e+00
    190.000    15.1350   4.741678     2.9083     0.1666    90.9164    15.1052    38.9225    28.9760    203.177 0.0000e+00
    191.000    15.1340   4.742097     2.8988     0.1628    90.9252    15.1040    38.9269    28.9797    202.516 0.0000e+00
    192.000    15.1339   4.742201     2.8919     0.1644    90.9273    15.1038    38.9276    28.9802    202.386 0.0000e+00
    193.000    15.1284   4.741569     2.8876     0.1651    90.9135    15.0980    38.9268    28.9809    202.261 0.0000e+00
    194.000    15.1225   4.740916     2.8813     0.1651    90.9138    15.0920    38.9262    28.9818    202.109 0.0000e+00
    195.000    15.1078   4.738851     2.8854     0.1681    90.9307    15.0771    38.9214    28.9815    203.538 0.0000e+00
    196.000    15.0380   4.729551     2.8902     0.1656    90.9017    15.0073    38.9045    28.9843    204.189 0.0000e+00
    197.000    15.0217   4.727636     2.8932     0.1671    90.8925    14.9909    38.9026    28.9865    204.067 0.0000e+00
    198.000    15.0239   4.728040     2.8932     0.1670    90.8785    14.9929    38.9037    28.9870    203.756 0.0000e+00
    199.000    15.0105   4.726181     2.8939     0.1699    90.8731    14.9794    38.8994    28.9867    204.222 0.0000e+00
    200.000    15.0115   4.726557     2.8958     0.1701    90.8759    14.9802    38.9014    28.9881    204.768 0.0000e+00
    201.000    15.0184   4.727577     2.8988     0.1716    90.8746    14.9869    38.9036    28.9882    204.746 0.0000e+00
    202.000    15.0183   4.727610     2.8918     0.1588    90.8703    14.9867    38.9036    28.9883    202.660 0.0000e+00
    203.000    15.0239   4.728679     2.8843     0.1632    90.8682    14.9921    38.9074    28.9900    201.964 0.0000e+00
    204.000    15.0392   4.731247     2.8779     0.1662    90.8864    15.0072    38.9155    28.9928    201.739 0.0000e+00
    205.000    15.0379   4.731059     2.8743     0.1660    90.8953    15.0058    38.9146    28.9925    201.754 0.0000e+00
    206.000    15.0301   4.730103     2.8705     0.1641    90.8965    14.9979    38.9130    28.9930    201.593 0.0000e+00
    207.000    15.0268   4.729732     2.8634     0.1665    90.8994    14.9944    38.9125    28.9934    200.067 0.0000e+00
    208.000    15.0287   4.730294     2.8471     0.1693    90.8945    14.9961    38.9154    28.9953    198.440 0.0000e+00
    209.000    15.0307   4.730874     2.8429     0.1705    90.9062    14.9980    38.9183    28.9971    199.112 0.0000e+00
    210.000    15.0298   4.730908     2.8436     0.1689    90.9048    14.9969    38.9190    28.9979    199.856 0.0000e+00
    211.000    15.0304   4.730942     2.8391     0.1666    90.9104    14.9974    38.9183    28.9972    198.352 0.0000e+00
    212.000    15.0302   4.731136     2.8308     0.1685    90.9143    14.9970    38.9199    28.9986    197.679 0.0000e+00
    213.000    15.0329   4.731720     2.8285     0.1676    90.9128    14.9996    38.9221    28.9997    197.887 0.0000e+00
    214.000    15.0351   4.732033     2.8239     0.1636    90.9098    15.0016    38.9224    28.9995    197.086 0.0000e+00
    215.000    15.0435   4.733606     2.8149     0.1595    90.9210    15.0098    38.9282    29.0021    196.667 0.0000e+00
    216.000    15.0475   4.734390     2.8145     0.1620    90.9229    15.0137    38.9310    29.0033    196.626 0.0000e+00
    217.000    15.0439   4.734010     2.8106     0.1696    90.9371    15.0099    38.9306    29.0039    196.171 0.0000e+00
    218.000    15.0383   4.733493     2.8081     0.1707    90.9293    15.0041    38.9310    29.0055    196.261 0.0000e+00
    219.000    15.0378   4.733487     2.8073     0.1713    90.9177    15.0035    38.9310    29.0056    196.071 0.0000e+00
    220.000    15.0377   4.733511     2.8034     0.1641    90.9338    15.0033    38.9309    29.0056    195.523 0.0000e+00
    221.000    15.0378   4.733751     2.7986     0.1618    90.9269    15.0032    38.9325    29.0069    195.071 0.0000e+00
    222.000    15.0379   4.733937     2.7922     0.1624    90.9339    15.0031    38.9337    29.0079    194.012 0.0000e+00
    223.000    15.0383   4.734174     2.7866     0.1656    90.9393    15.0033    38.9351    29.0089    193.854 0.0000e+00
    224.000    15.0399   4.734509     2.7858     0.1638    90.9355    15.0048    38.9362    29.0093    194.299 0.0000e+00
    225.000    15.0421   4.734983     2.7835     0.1616    90.9407    15.0069    38.9379    29.0102    193.715 0.0000e+00
    226.000    15.0452   4.735758     2.7810     0.1648    90.9492    15.0097    38.9416    29.0124    193.755 0.0000e+00
    227.000    15.0475   4.736225     2.7804     0.1676    90.9397    15.0119    38.9432    29.0132    193.753 0.0000e+00
    228.000    15.0503   4.736688     2.7748     0.1640    90.9536    15.0146    38.9442    29.0133    192.873 0.0000e+00
    229.000    15.0583   4.738137     2.7681     0.1629    90.9456    15.0224    38.9492    29.0154    192.464 0.0000e+00
    230.000    15.0730   4.740481     2.7674     0.1656    90.9416    15.0369    38.9558    29.0172    192.550 0.0000e+00
    231.000    15.0865   4.742473     2.7654     0.1642    90.9450    15.0502    38.9603    29.0177    192.262 0.0000e+00
    232.000    15.0879   4.742778     2.7634     0.1659    90.9331    15.0514    38.9613    29.0181    192.248 0.0000e+00
    233.000    15.0661   4.740029     2.7635     0.1687    90.9275    15.0295    38.9572    29.0200    192.340 0.0000e+00
    234.000    15.0596   4.739429     2.7589     0.1688    90.9254    15.0229    38.9576    29.0218    191.621 0.0000e+00
    235.000    15.0430   4.737305     2.7552     0.1676    90.9256    15.0061    38.9541    29.0229    191.823 0.0000e+00
    236.000    15.0226   4.734714     2.7560     0.1654    90.9145    14.9856    38.9501    29.0244    192.140 0.0000e+00
    237.000    15.0185   4.734345     2.7560     0.1660    90.9082    14.9814    38.9503    29.0256    191.905 0.0000e+00
    238.000    15.0086   4.732897     2.7525     0.1665    90.9092    14.9713    38.9464    29.0248    191.679 0.0000e+00
    239.000    14.9857   4.730123     2.7529     0.1679    90.9041    14.9483    38.9431    29.0275    192.002 0.0000e+00
    240.000    14.9786   4.729252     2.7533     0.1689    90.9104    14.9411    38.9416    29.0280    192.007 0.0000e+00
    241.000    14.9695   4.728241     2.7527     0.1687    90.8971    14.9318    38.9410    29.0296    191.887 0.0000e+00
    242.000    14.9733   4.728723     2.7458     0.1638    90.8988    14.9354    38.9412    29.0289    190.788 0.0000e+00
    243.000    14.9546   4.726443     2.7431     0.1653    90.8998    14.9166    38.9383    29.0310    191.205 0.0000e+00
    244.000    14.9421   4.724965     2.7441     0.1656    90.8896    14.9040    38.9367    29.0326    191.593 0.0000e+00
    245.000    14.9457   4.725495     2.7438     0.1617    90.8801    14.9074    38.9375    29.0325    191.146 0.0000e+00
    246.000    14.9561   4.727559     2.7371     0.1631    90.8928    14.9176    38.9458    29.0365    189.947 0.0000e+00
    247.000    15.0161   4.736803     2.7328     0.1641    90.9175    14.9774    38.9711    29.0426    189.626 0.0000e+00
    248.000    15.0251   4.737878     2.7311     0.1647    90.9446    14.9863    38.9715    29.0409    189.626 0.0000e+00
    249.000    15.0251   4.737917     2.7272     0.1613    90.9609    14.9861    38.9715    29.0409    189.177 0.0000e+00
    250.000    15.0238   4.737872     2.7229     0.1588    90.9616    14.9846    38.9719    29.0415    188.876 0.0000e+00
    251.000    15.0197   4.737359     2.7215     0.1596    90.9608    14.9804    38.9708    29.0417    189.001 0.0000e+00
    252.000    15.0039   4.735377     2.7207     0.1622    90.9604    14.9644    38.9678    29.0430    188.972 0.0000e+00
    253.000    14.9885   4.733222     2.7148     0.1690    90.9587    14.9488    38.9629    29.0427    188.366 0.0000e+00
    254.000    14.9704   4.731332     2.7158     0.1688    90.9615    14.9307    38.9630    29.0468    189.092 0.0000e+00
    255.000    14.9594   4.729839     2.7172     0.1683    90.9583    14.9195    38.9597    29.0469    189.239 0.0000e+00
    256.000    14.9609   4.730121     2.7158     0.1696    90.9597    14.9209    38.9604    29.0471    188.627 0.0000e+00
    257.000    14.9283   4.725699     2.7128     0.1657    90.9504    14.8882    38.9515    29.0476    188.743 0.0000e+00
    258.000    14.8996   4.721923     2.7135     0.1625    90.9365    14.8594    38.9447    29.0489    189.238 0.0000e+00
    259.000    14.8987   4.722052     2.7136     0.1623    90.9197    14.8583    38.9464    29.0504    189.061 0.0000e+00
    260.000    14.8902   4.720697     2.7101     0.1667    90.9153    14.8497    38.9418    29.0488    188.673 0.0000e+00
    261.000    14.8708   4.718335     2.7097     0.1651    90.9173    14.8301    38.9389    29.0510    189.017 0.0000e+00
    262.000    14.8564   4.716565     2.7117     0.1663    90.8993    14.8157    38.9364    29.0523    189.475 0.0000e+00
