Data/Raw HPLC Argo/lovbio088d/CTD/bioargomed02.cnv
* Sea-Bird SBE 9 Data File:
* FileName = C:\CTD\raw\bioargomed02.hdr
* Software Version Seasave V 7.23.2
* Temperature SN = 2473
* Conductivity SN = 1313
* Number of Bytes Per Scan = 31
* Number of Voltage Words = 4
* Number of Scans Averaged by the Deck Unit = 1
* NMEA Latitude = 38 10.19 N
* NMEA Longitude = 018 30.13 E
* NMEA UTC (Time) = May 16 2015  03:29:37
* NMEA baud rate = 4800
** Ship: TETHYS 2
** Cruise: BIOARGOMED
** Station: 02
# nquan = 11
# nvalues = 504                         
# units = specified
# name 0 = prDM: Pressure, Digiquartz [db]
# name 1 = t090C: Temperature [ITS-90, deg C]
# name 2 = c0S/m: Conductivity [S/m]
# name 3 = sbeox0V: Oxygen raw, SBE 43 [V]
# name 4 = flC: Fluorescence, Chelsea Aqua 3 Chl Con [ug/l]
# name 5 = CStarTr0: Beam Transmission, WET Labs C-Star [%]
# name 6 = potemp090C: Potential Temperature [ITS-90, deg C]
# name 7 = sal00: Salinity, Practical [PSU]
# name 8 = sigma-é00: Density [sigma-theta, kg/m^3]
# name 9 = sbeox0Mm/Kg: Oxygen, SBE 43 [umol/kg], WS = 2
# name 10 = flag: flag
# span 0 =      1.000,    504.000       
# span 1 =    14.2629,    18.8665       
# span 2 =   4.657393,   5.134151       
# span 3 =     2.5239,     3.3828       
# span 4 =     0.1555,     0.2936       
# span 5 =    88.7991,    91.0596       
# span 6 =    14.1859,    18.8649       
# span 7 =    38.8492,    38.9719       
# span 8 =    28.0144,    29.1430       
# span 9 =    178.490,    237.356       
# span 10 = 0.0000e+00, 0.0000e+00      
# interval = decibars: 1                
# start_time = May 16 2015 03:29:37 [NMEA time, header]
# bad_flag = -9.990e-29
*END*
      1.000    18.8618   5.133313     3.3143     0.2199    88.7991    18.8616    38.8662    28.0156    219.187 0.0000e+00
      2.000    18.8628   5.133419     3.3031     0.2136    89.0713    18.8625    38.8657    28.0150    219.217 0.0000e+00
      3.000    18.8635   5.133535     3.2938     0.2128    89.0661    18.8629    38.8656    28.0149    218.117 0.0000e+00
      4.000    18.8635   5.133569     3.2987     0.2166    88.9818    18.8627    38.8655    28.0148    219.391 0.0000e+00
      5.000    18.8652   5.133830     3.3041     0.2183    89.0808    18.8643    38.8657    28.0145    219.447 0.0000e+00
      6.000    18.8656   5.133915     3.3002     0.2139    89.0401    18.8646    38.8656    28.0144    218.651 0.0000e+00
      7.000    18.8655   5.133949     3.2897     0.2069    89.0276    18.8642    38.8656    28.0145    218.743 0.0000e+00
      8.000    18.8664   5.134106     3.2966     0.2076    89.0862    18.8649    38.8658    28.0144    219.233 0.0000e+00
      9.000    18.8665   5.134151     3.2984     0.2059    89.0493    18.8648    38.8657    28.0144    219.105 0.0000e+00
     10.000    18.8657   5.134148     3.3053     0.2056    89.0633    18.8639    38.8659    28.0148    219.845 0.0000e+00
     11.000    18.8644   5.134078     3.3055     0.2119    89.0056    18.8624    38.8662    28.0154    219.415 0.0000e+00
     12.000    18.8630   5.134024     3.3017     0.2123    89.0936    18.8608    38.8667    28.0162    218.962 0.0000e+00
     13.000    18.8556   5.133486     3.3003     0.2090    89.0899    18.8532    38.8686    28.0197    219.379 0.0000e+00
     14.000    18.8552   5.133533     3.3009     0.2080    89.1105    18.8526    38.8690    28.0201    219.163 0.0000e+00
     15.000    18.8520   5.133288     3.2994     0.2079    89.1081    18.8492    38.8695    28.0214    219.813 0.0000e+00
     16.000    18.8441   5.132658     3.3074     0.2043    89.0979    18.8412    38.8711    28.0247    220.620 0.0000e+00
     17.000    18.8442   5.132756     3.3092     0.2042    89.0635    18.8411    38.8715    28.0250    220.393 0.0000e+00
     18.000    18.8223   5.130705     3.3120     0.2035    89.1183    18.8191    38.8742    28.0328    221.002 0.0000e+00
     19.000    18.7717   5.126067     3.3155     0.2023    89.1214    18.7683    38.8820    28.0519    221.078 0.0000e+00
     20.000    18.7170   5.120753     3.3164     0.2057    89.1187    18.7134    38.8878    28.0707    221.617 0.0000e+00
     21.000    18.4749   5.093327     3.3268     0.1979    89.1780    18.4712    38.8812    28.1281    223.627 0.0000e+00
     22.000    18.3523   5.079976     3.3316     0.1983    89.2258    18.3484    38.8822    28.1603    224.582 0.0000e+00
     23.000    18.2828   5.072618     3.3338     0.2010    89.2138    18.2787    38.8843    28.1797    224.644 0.0000e+00
     24.000    18.1934   5.062568     3.3341     0.1998    89.2342    18.1892    38.8821    28.2008    225.566 0.0000e+00
     25.000    18.0384   5.043223     3.3478     0.2069    89.1706    18.0340    38.8618    28.2246    227.877 0.0000e+00
     26.000    17.8266   5.018571     3.3505     0.2038    89.1307    17.8220    38.8492    28.2684    228.215 0.0000e+00
     27.000    17.6885   5.005411     3.3552     0.2064    89.1135    17.6838    38.8661    28.3161    229.947 0.0000e+00
     28.000    17.2010   4.951211     3.3737     0.2039    89.0486    17.1963    38.8583    28.4311    234.041 0.0000e+00
     29.000    17.0640   4.937514     3.3820     0.2023    89.0813    17.0591    38.8692    28.4731    235.076 0.0000e+00
     30.000    16.9839   4.929804     3.3828     0.2030    89.1019    16.9788    38.8780    28.4994    234.493 0.0000e+00
     31.000    16.9813   4.929106     3.3690     0.2028    89.1236    16.9761    38.8738    28.4969    233.933 0.0000e+00
     32.000    16.7611   4.905101     3.3754     0.1996    89.1484    16.7557    38.8735    28.5503    236.121 0.0000e+00
     33.000    16.7094   4.900001     3.3772     0.2026    89.1976    16.7039    38.8779    28.5662    235.957 0.0000e+00
     34.000    16.7367   4.902806     3.3657     0.2136    89.1728    16.7310    38.8759    28.5581    234.253 0.0000e+00
     35.000    16.5251   4.879844     3.3666     0.2065    89.1573    16.5193    38.8763    28.6094    236.008 0.0000e+00
     36.000    16.4363   4.870667     3.3697     0.2061    89.1383    16.4303    38.8802    28.6338    236.769 0.0000e+00
     37.000    16.4230   4.869692     3.3669     0.2022    89.1726    16.4169    38.8840    28.6399    235.777 0.0000e+00
     38.000    16.3179   4.857311     3.3595     0.2054    89.1174    16.3116    38.8750    28.6581    235.916 0.0000e+00
     39.000    16.2420   4.848961     3.3580     0.2028    89.1191    16.2356    38.8736    28.6752    236.189 0.0000e+00
     40.000    16.1933   4.843508     3.3568     0.2068    89.1246    16.1867    38.8717    28.6853    236.404 0.0000e+00
     41.000    16.1197   4.835244     3.3510     0.2077    89.1441    16.1130    38.8688    28.7005    236.195 0.0000e+00
     42.000    15.9867   4.820906     3.3519     0.2067    89.1082    15.9799    38.8691    28.7322    237.268 0.0000e+00
     43.000    15.9500   4.817480     3.3520     0.2097    89.0673    15.9430    38.8738    28.7444    237.356 0.0000e+00
     44.000    15.9391   4.816288     3.3454     0.2147    89.0418    15.9320    38.8732    28.7466    236.859 0.0000e+00
     45.000    15.9150   4.813952     3.3451     0.2138    89.0329    15.9077    38.8753    28.7539    236.709 0.0000e+00
     46.000    15.9205   4.814625     3.3372     0.2180    89.0599    15.9130    38.8756    28.7529    235.801 0.0000e+00
     47.000    15.8831   4.811019     3.3344     0.2190    89.0653    15.8755    38.8792    28.7645    236.166 0.0000e+00
     48.000    15.8647   4.809435     3.3283     0.2174    89.1001    15.8570    38.8825    28.7713    234.736 0.0000e+00
     49.000    15.8556   4.809350     3.3201     0.2166    89.1160    15.8477    38.8902    28.7795    234.953 0.0000e+00
     50.000    15.8588   4.809958     3.3172     0.2223    89.1433    15.8507    38.8922    28.7803    234.610 0.0000e+00
     51.000    15.8428   4.808474     3.3120     0.2219    89.1419    15.8345    38.8941    28.7855    234.441 0.0000e+00
     52.000    15.8236   4.806388     3.3128     0.2193    89.1655    15.8152    38.8936    28.7897    234.762 0.0000e+00
     53.000    15.8132   4.805453     3.3050     0.2214    89.1752    15.8047    38.8949    28.7931    233.536 0.0000e+00
     54.000    15.7737   4.801484     3.2933     0.2269    89.1803    15.7650    38.8973    28.8043    233.021 0.0000e+00
     55.000    15.7616   4.800562     3.2952     0.2276    89.1853    15.7528    38.9003    28.8095    233.870 0.0000e+00
     56.000    15.7605   4.800371     3.2880     0.2280    89.1929    15.7515    38.8993    28.8090    232.357 0.0000e+00
     57.000    15.7310   4.797463     3.2796     0.2322    89.1838    15.7219    38.9014    28.8175    231.567 0.0000e+00
     58.000    15.7176   4.796090     3.2713     0.2318    89.1813    15.7083    38.9017    28.8210    230.628 0.0000e+00
     59.000    15.6972   4.793949     3.2613     0.2294    89.1778    15.6878    38.9019    28.8259    230.378 0.0000e+00
     60.000    15.6903   4.793224     3.2602     0.2340    89.1975    15.6806    38.9017    28.8274    230.503 0.0000e+00
     61.000    15.6622   4.790051     3.2518     0.2368    89.1824    15.6524    38.9000    28.8326    229.328 0.0000e+00
     62.000    15.6479   4.788368     3.2475     0.2350    89.2211    15.6380    38.8983    28.8347    229.421 0.0000e+00
     63.000    15.6414   4.788025     3.2467     0.2332    89.2810    15.6313    38.9013    28.8385    229.764 0.0000e+00
     64.000    15.6434   4.788362     3.2378     0.2394    89.2451    15.6332    38.9019    28.8385    228.243 0.0000e+00
     65.000    15.6337   4.787742     3.2221     0.2454    89.2592    15.6233    38.9054    28.8436    226.908 0.0000e+00
     66.000    15.6344   4.788227     3.2220     0.2424    89.2636    15.6238    38.9087    28.8460    227.934 0.0000e+00
     67.000    15.6313   4.787806     3.2235     0.2460    89.2547    15.6206    38.9075    28.8458    227.870 0.0000e+00
     68.000    15.6330   4.788187     3.2125     0.2501    89.2449    15.6221    38.9088    28.8465    225.966 0.0000e+00
     69.000    15.6313   4.788386     3.2073     0.2558    89.1517    15.6202    38.9119    28.8493    226.178 0.0000e+00
     70.000    15.6252   4.787680     3.2065     0.2574    89.1946    15.6140    38.9110    28.8500    226.081 0.0000e+00
     71.000    15.6065   4.785370     3.2000     0.2701    89.0957    15.5952    38.9080    28.8521    225.571 0.0000e+00
     72.000    15.5883   4.783450     3.1955     0.2835    89.0580    15.5768    38.9080    28.8564    224.724 0.0000e+00
     73.000    15.5910   4.784177     3.1763     0.2899    89.1221    15.5793    38.9116    28.8585    222.460 0.0000e+00
     74.000    15.5960   4.785099     3.1671     0.2936    89.3156    15.5841    38.9146    28.8598    222.314 0.0000e+00
     75.000    15.5895   4.784252     3.1589     0.2855    89.4144    15.5775    38.9128    28.8599    221.633 0.0000e+00
     76.000    15.5717   4.782043     3.1540     0.2751    89.5435    15.5595    38.9099    28.8618    222.137 0.0000e+00
     77.000    15.5596   4.780545     3.1566     0.2743    89.6308    15.5473    38.9076    28.8629    222.671 0.0000e+00
     78.000    15.5210   4.775171     3.1566     0.2720    89.7371    15.5086    38.8962    28.8631    222.458 0.0000e+00
     79.000    15.4941   4.772112     3.1527     0.2662    89.8543    15.4816    38.8944    28.8679    222.116 0.0000e+00
     80.000    15.4957   4.772397     3.1498     0.2638    89.8566    15.4829    38.8950    28.8681    221.827 0.0000e+00
     81.000    15.4977   4.772839     3.1444     0.2636    89.8721    15.4848    38.8966    28.8689    221.118 0.0000e+00
     82.000    15.5015   4.773494     3.1393     0.2652    89.8887    15.4885    38.8984    28.8694    220.897 0.0000e+00
     83.000    15.4818   4.770566     3.1366     0.2658    89.9367    15.4686    38.8906    28.8680    221.119 0.0000e+00
     84.000    15.3968   4.760164     3.1373     0.2549    90.0759    15.3835    38.8791    28.8787    221.854 0.0000e+00
     85.000    15.3719   4.756703     3.1401     0.2445    90.1373    15.3584    38.8715    28.8786    222.490 0.0000e+00
     86.000    15.3520   4.754171     3.1433     0.2409    90.1810    15.3384    38.8675    28.8802    222.946 0.0000e+00
     87.000    15.3516   4.754165     3.1432     0.2382    90.1836    15.3378    38.8675    28.8803    222.329 0.0000e+00
     88.000    15.3544   4.754565     3.1301     0.2380    90.1865    15.3404    38.8679    28.8800    220.403 0.0000e+00
     89.000    15.3481   4.754550     3.1258     0.2371    90.2599    15.3340    38.8736    28.8859    220.629 0.0000e+00
     90.000    15.3542   4.755447     3.1255     0.2330    90.3095    15.3399    38.8754    28.8859    221.045 0.0000e+00
     91.000    15.3543   4.755441     3.1268     0.2319    90.3060    15.3399    38.8747    28.8854    221.134 0.0000e+00
     92.000    15.3548   4.755659     3.1255     0.2313    90.3148    15.3403    38.8758    28.8861    220.413 0.0000e+00
     93.000    15.3556   4.755805     3.1173     0.2320    90.3122    15.3408    38.8760    28.8861    218.578 0.0000e+00
     94.000    15.3711   4.758839     3.1030     0.2345    90.3123    15.3562    38.8880    28.8918    217.314 0.0000e+00
     95.000    15.4444   4.769760     3.0930     0.2296    90.4522    15.4294    38.9151    28.8959    216.771 0.0000e+00
     96.000    15.4646   4.773123     3.0803     0.2225    90.5069    15.4493    38.9255    28.8994    215.747 0.0000e+00
     97.000    15.4720   4.774114     3.0764     0.2219    90.5163    15.4566    38.9268    28.8987    215.853 0.0000e+00
     98.000    15.4598   4.772496     3.0760     0.2199    90.5138    15.4442    38.9237    28.8991    216.070 0.0000e+00
     99.000    15.4431   4.770536     3.0721     0.2100    90.5745    15.4274    38.9217    28.9015    215.404 0.0000e+00
    100.000    15.4760   4.775754     3.0675     0.2133    90.6009    15.4601    38.9365    28.9054    215.124 0.0000e+00
    101.000    15.4890   4.777213     3.0666     0.2134    90.5845    15.4730    38.9366    28.9025    215.087 0.0000e+00
    102.000    15.4858   4.776815     3.0650     0.2102    90.5894    15.4696    38.9357    28.9026    214.954 0.0000e+00
    103.000    15.4828   4.776439     3.0618     0.2115    90.5899    15.4664    38.9348    28.9026    214.701 0.0000e+00
    104.000    15.4752   4.775506     3.0621     0.2093    90.6098    15.4587    38.9333    28.9032    215.081 0.0000e+00
    105.000    15.4760   4.775856     3.0625     0.2099    90.6306    15.4592    38.9354    28.9047    215.035 0.0000e+00
    106.000    15.4625   4.773993     3.0603     0.2032    90.6407    15.4456    38.9312    28.9046    214.723 0.0000e+00
    107.000    15.4910   4.778887     3.0594     0.2014    90.6624    15.4740    38.9473    28.9105    214.841 0.0000e+00
    108.000    15.5104   4.781387     3.0609     0.2016    90.6442    15.4932    38.9505    28.9086    215.021 0.0000e+00
    109.000    15.5112   4.781467     3.0617     0.2027    90.6628    15.4938    38.9501    28.9081    214.822 0.0000e+00
    110.000    15.5080   4.781133     3.0540     0.2001    90.6549    15.4905    38.9498    28.9086    213.855 0.0000e+00
    111.000    15.5123   4.781629     3.0557     0.2015    90.6699    15.4946    38.9497    28.9075    214.889 0.0000e+00
    112.000    15.4031   4.766176     3.0601     0.2006    90.7217    15.3853    38.9158    28.9066    215.900 0.0000e+00
    113.000    15.3684   4.762405     3.0624     0.1941    90.7312    15.3505    38.9151    28.9142    215.783 0.0000e+00
    114.000    15.3658   4.762117     3.0614     0.1890    90.7321    15.3478    38.9146    28.9143    215.520 0.0000e+00
    115.000    15.3661   4.762206     3.0585     0.1853    90.7402    15.3479    38.9147    28.9144    215.461 0.0000e+00
    116.000    15.3504   4.759678     3.0607     0.1896    90.7309    15.3320    38.9066    28.9118    215.965 0.0000e+00
    117.000    15.2814   4.750638     3.0613     0.1889    90.7613    15.2630    38.8915    28.9160    216.338 0.0000e+00
    118.000    15.2578   4.747633     3.0631     0.1864    90.7675    15.2391    38.8869    28.9179    216.765 0.0000e+00
    119.000    15.2249   4.743589     3.0665     0.1803    90.7772    15.2062    38.8819    28.9215    217.015 0.0000e+00
    120.000    15.2191   4.742537     3.0634     0.1771    90.7809    15.2003    38.8775    28.9195    216.389 0.0000e+00
    121.000    15.2182   4.742502     3.0628     0.1791    90.7893    15.1991    38.8777    28.9199    216.896 0.0000e+00
    122.000    15.2164   4.742287     3.0646     0.1782    90.7904    15.1971    38.8771    28.9199    216.886 0.0000e+00
    123.000    15.2160   4.742342     3.0628     0.1775    90.7934    15.1966    38.8775    28.9203    216.672 0.0000e+00
    124.000    15.2256   4.743810     3.0612     0.1804    90.8023    15.2061    38.8810    28.9209    216.282 0.0000e+00
    125.000    15.2351   4.745404     3.0536     0.1805    90.8212    15.2154    38.8858    28.9225    215.477 0.0000e+00
    126.000    15.2373   4.745773     3.0529     0.1776    90.8268    15.2174    38.8866    28.9226    215.769 0.0000e+00
    127.000    15.2324   4.745192     3.0531     0.1734    90.8255    15.2123    38.8857    28.9231    215.841 0.0000e+00
    128.000    15.2319   4.745129     3.0499     0.1809    90.8268    15.2117    38.8852    28.9228    215.503 0.0000e+00
    129.000    15.2093   4.742066     3.0493     0.1808    90.8309    15.1890    38.8790    28.9232    215.903 0.0000e+00
    130.000    15.1891   4.739565     3.0513     0.1828    90.8227    15.1687    38.8755    28.9252    216.479 0.0000e+00
    131.000    15.1810   4.738591     3.0550     0.1774    90.8423    15.1604    38.8741    28.9260    216.607 0.0000e+00
