Data/Raw HPLC Argo/lovbio075b/CTD/out_c_060.cnv
* Sea-Bird SBE 9 Data File:
* FileName = C:\OUTPACE_CTD_Classik_DATA\out_c_060.hex
* Software Version Seasave V 7.23.1
* Temperature SN = 0970
* Conductivity SN = 0606
* Number of Bytes Per Scan = 40
* Number of Voltage Words = 5
* Number of Scans Averaged by the Deck Unit = 1
* NMEA Latitude = 19 14.46 S
* NMEA Longitude = 164 34.87 E
* NMEA UTC (Time) = Mar 01 2015  22:52:56
* NMEA baud rate = 4800
# nquan = 23
# nvalues = 1019                        
# units = specified
# name 0 = prDM: Pressure, Digiquartz [db]
# name 1 = t090C: Temperature [ITS-90, deg C]
# name 2 = t190C: Temperature, 2 [ITS-90, deg C]
# name 3 = c0mS/cm: Conductivity [mS/cm]
# name 4 = c1mS/cm: Conductivity, 2 [mS/cm]
# name 5 = sbeox0V: Oxygen raw, SBE 43 [V]
# name 6 = modError: Modulo Error Count
# name 7 = flC: Fluorescence, Chelsea Aqua 3 Chl Con [ug/l]
# name 8 = par: PAR/Irradiance, Biospherical/Licor
# name 9 = spar: SPAR/Surface Irradiance
# name 10 = cpar: CPAR/Corrected Irradiance [%]
# name 11 = CStarAt0: Beam Attenuation, WET Labs C-Star [1/m]
# name 12 = CStarTr0: Beam Transmission, WET Labs C-Star [%]
# name 13 = scan: Scan Count
# name 14 = sal00: Salinity, Practical [PSU]
# name 15 = sal11: Salinity, Practical, 2 [PSU]
# name 16 = potemp090C: Potential Temperature [ITS-90, deg C]
# name 17 = potemp190C: Potential Temperature, 2 [ITS-90, deg C]
# name 18 = sigma-é00: Density [sigma-theta, kg/m^3]
# name 19 = sigma-é11: Density, 2 [sigma-theta, kg/m^3]
# name 20 = depSM: Depth [salt water, m], lat = -19.241
# name 21 = sbeox0ML/L: Oxygen, SBE 43 [ml/l], WS = 2
# name 22 = flag: flag
# span 0 =      2.000,    512.000       
# span 1 =     9.5606,    29.5193       
# span 2 =     9.5584,    29.5172       
# span 3 =  37.565846,  57.751244       
# span 4 =  37.563205,  57.746798       
# span 5 =     1.8030,     2.6666       
# span 6 =          0,          0       
# span 7 =    -0.0107,   116.7335       
# span 8 = -1.483e-06, 1.7970e+03       
# span 9 = -9.047e+01, 2.4245e+03       
# span 10 = -6.188e-08, 2.7095e+02      
# span 11 =    -0.0053,     0.4631      
# span 12 =    91.8139,   100.1320      
# span 13 =       -108,      43452      
# span 14 =    29.4652,    35.8050      
# span 15 =    32.9175,    35.8046      
# span 16 =     9.5021,    29.5186      
# span 17 =     9.4999,    29.5165      
# span 18 =    17.7712,    26.7641      
# span 19 =    20.3514,    26.7672      
# span 20 =      1.988,    508.266      
# span 21 =    3.17159,    4.62963      
# span 22 = 0.0000e+00, 0.0000e+00      
# interval = decibars: 1                
# start_time = Mar 01 2015 22:52:56 [NMEA time, header]
# bad_flag = -9.990e-29
*END*
[from data line 630]
    390.000    14.4221    14.4084  42.657916  42.660672     1.8471          0     0.0059 1.0000e-12 2.3673e+03 4.2243e-14    -0.0041   100.1028      17106    35.1247    35.1396    14.3642    14.3505    26.2062    26.2206    387.270    3.70655 0.0000e+00
    389.000    14.4581    14.4459  42.694802  42.691354     1.8432          0    -0.0003 1.0000e-12 2.3674e+03 4.2242e-14    -0.0042   100.1041      17127    35.1265    35.1344    14.4002    14.3880    26.1998    26.2085    386.278    3.69398 0.0000e+00
    388.000    14.4767    14.4761  42.710893  42.716154     1.8398          0    -0.0010 1.0000e-12 2.3694e+03 4.2205e-14    -0.0042   100.1041      17148    35.1248    35.1303    14.4190    14.4183    26.1945    26.1989    385.286    3.69175 0.0000e+00
    387.000    14.4929    14.4854  42.725234  42.720455     1.8390          0     0.0040 1.0000e-12 2.3722e+03 4.2155e-14    -0.0042   100.1031      17170    35.1239    35.1262    14.4352    14.4277    26.1903    26.1937    384.294    3.69754 0.0000e+00
    386.000    14.5041    14.4924  42.732655  42.729026     1.8384          0     0.0055 1.0000e-12 2.3720e+03 4.2158e-14    -0.0042   100.1041      17197    35.1210    35.1282    14.4465    14.4349    26.1856    26.1937    383.302    3.69143 0.0000e+00
    385.000    14.5313    14.5386  42.769501  42.785896     1.8363          0     0.0078 1.0000e-12 2.3683e+03 4.2224e-14    -0.0042   100.1050      17225    35.1307    35.1391    14.4738    14.4811    26.1872    26.1921    382.309    3.68183 0.0000e+00
    384.000    14.5512    14.5683  42.784407  42.811176     1.8352          0     0.0123 1.0000e-12 2.3676e+03 4.2238e-14    -0.0042   100.1051      17252    35.1268    35.1359    14.4938    14.5109    26.1799    26.1833    381.317    3.68213 0.0000e+00
    383.000    14.6209    14.6050  42.875746  42.857807     1.8355          0     0.0133 1.0000e-12 2.3684e+03 4.2224e-14    -0.0042   100.1041      17278    35.1481    35.1460    14.5635    14.5476    26.1813    26.1831    380.325    3.68480 0.0000e+00
    382.000    14.6950    14.6536  42.941883  42.906966     1.8374          0     0.0132 1.0000e-12 2.3698e+03 4.2198e-14    -0.0042   100.1041      17304    35.1423    35.1477    14.6376    14.5962    26.1608    26.1739    379.333    3.68720 0.0000e+00
    381.000    14.7150    14.6946  42.957665  42.951352     1.8396          0     0.0134 1.0000e-12 2.3703e+03 4.2189e-14    -0.0042   100.1041      17333    35.1392    35.1518    14.6576    14.6373    26.1541    26.1682    378.341    3.69218 0.0000e+00
    380.000    14.7131    14.7177  42.953530  42.964484     1.8417          0     0.0150 1.0000e-12 2.3707e+03 4.2182e-14    -0.0042   100.1041      17361    35.1374    35.1433    14.6559    14.6605    26.1531    26.1566    377.349    3.69285 0.0000e+00
    379.000    14.7301    14.7237  42.981684  42.971055     1.8417          0     0.0191 1.0000e-12 2.3719e+03 4.2161e-14    -0.0042   100.1041      17384    35.1483    35.1443    14.6730    14.6667    26.1578    26.1561    376.357    3.68826 0.0000e+00
    378.000    14.7641    14.7432  43.017603  43.004940     1.8428          0     0.0160 1.0000e-12 2.3737e+03 4.2128e-14    -0.0042   100.1041      17405    35.1509    35.1582    14.7071    14.6862    26.1524    26.1626    375.365    3.69548 0.0000e+00
    377.000    14.7942    14.7797  43.043647  43.040865     1.8448          0     0.0138 1.0000e-12 2.3760e+03 4.2087e-14    -0.0041   100.1003      17425    35.1480    35.1586    14.7373    14.7228    26.1436    26.1549    374.373    3.70356 0.0000e+00
    376.000    14.8030    14.7985  43.054216  43.054098     1.8476          0     0.0158 1.0000e-12 2.3778e+03 4.2055e-14    -0.0042   100.1041      17447    35.1502    35.1541    14.7462    14.7417    26.1434    26.1474    373.380    3.70905 0.0000e+00
    375.000    14.8142    14.8124  43.065592  43.069016     1.8498          0     0.0155 1.0000e-12 2.3772e+03 4.2065e-14    -0.0042   100.1053      17470    35.1508    35.1557    14.7575    14.7557    26.1414    26.1455    372.388    3.70770 0.0000e+00
    374.000    14.8217    14.8251  43.079180  43.083982     1.8506          0     0.0183 1.0000e-12 2.3796e+03 4.2024e-14    -0.0041   100.1017      17493    35.1570    35.1582    14.7651    14.7686    26.1444    26.1447    371.396    3.70574 0.0000e+00
    373.000    14.8595    14.8356  43.124480  43.095784     1.8512          0     0.0122 1.0000e-12 2.3820e+03 4.1980e-14    -0.0042   100.1041      17517    35.1647    35.1600    14.8030    14.7792    26.1421    26.1437    370.404    3.70048 0.0000e+00
    372.000    14.8939    14.8739  43.156064  43.147816     1.8510          0     0.0149 1.0000e-12 2.3846e+03 4.1936e-14    -0.0038   100.0957      17542    35.1630    35.1735    14.8374    14.8175    26.1333    26.1458    369.412    3.69473 0.0000e+00
    371.000    14.9085    14.8459  43.171979  43.085862     1.8500          0     0.0072 1.0000e-12 2.3854e+03 4.1921e-14    -0.0041   100.1023      17572    35.1647    35.1425    14.8522    14.7898    26.1314    26.1279    368.420    3.68474 0.0000e+00
    370.000    14.9319    14.8645  43.195208  43.141142     1.8464          0     0.0105 1.0000e-12 2.3847e+03 4.1934e-14    -0.0045   100.1113      17604    35.1652    35.1766    14.8757    14.8084    26.1267    26.1502    367.428    3.66118 0.0000e+00
    369.000    14.9447    14.9420  43.213238  43.233388     1.8401          0     0.0057 1.0000e-12 2.3848e+03 4.1932e-14    -0.0042   100.1040      17635    35.1706    35.1915    14.8886    14.8858    26.1280    26.1447    366.435    3.63755 0.0000e+00
    368.000    15.0273    15.0137  43.312775  43.309771     1.8361          0     0.0014 1.0000e-12 2.3844e+03 4.1939e-14    -0.0040   100.0995      17660    35.1874    35.1969    14.9711    14.9575    26.1229    26.1331    365.443    3.63379 0.0000e+00
    367.000    15.1276    15.0745  43.412299  43.365328     1.8352          0    -0.0001 1.0000e-12 2.3844e+03 4.1939e-14    -0.0043   100.1068      17682    35.1882    35.1932    15.0713    15.0184    26.1014    26.1169    364.451    3.63095 0.0000e+00
    366.000    15.1717    15.1382  43.451605  43.446238     1.8352          0     0.0012 1.0000e-12 2.3852e+03 4.1926e-14    -0.0042   100.1041      17701    35.1847    35.2099    15.1154    15.0820    26.0889    26.1157    363.459    3.63144 0.0000e+00
    365.000    15.2348    15.1999  43.529724  43.509288     1.8357          0     0.0052 1.0000e-12 2.3877e+03 4.1882e-14    -0.0042   100.1041      17721    35.1993    35.2121    15.1785    15.1437    26.0862    26.1038    362.467    3.62836 0.0000e+00
    364.000    15.2839    15.2733  43.570173  43.572898     1.8360          0     0.0103 1.0000e-12 2.3896e+03 4.1848e-14    -0.0042   100.1053      17741    35.1923    35.2043    15.2277    15.2171    26.0699    26.0815    361.475    3.62497 0.0000e+00
    363.000    15.3044    15.2933  43.599071  43.593687     1.8364          0     0.0011 1.0000e-12 2.3889e+03 4.1861e-14    -0.0042   100.1041      17765    35.2005    35.2056    15.2483    15.2372    26.0716    26.0780    360.482    3.62385 0.0000e+00
    362.000    15.3433    15.2853  43.636954  43.543931     1.8363          0    -0.0005 1.0000e-12 2.3863e+03 4.1906e-14    -0.0042   100.1041      17793    35.2004    35.1682    15.2872    15.2294    26.0629    26.0509    359.490    3.61392 0.0000e+00
    361.000    15.3619    15.2788  43.650559  43.617020     1.8342          0     0.0015 1.0000e-12 2.3839e+03 4.1948e-14    -0.0041   100.1010      17822    35.1964    35.2405    15.3060    15.2231    26.0556    26.1081    358.498    3.60448 0.0000e+00
    360.000    15.3681    15.3650  43.661955  43.661824     1.8339          0     0.0066 1.0000e-12 2.3834e+03 4.1956e-14    -0.0046   100.1149      17847    35.2016    35.2042    15.3123    15.3092    26.0582    26.0609    357.506    3.60895 0.0000e+00
    359.000    15.4031    15.3826  43.699039  43.686875     1.8331          0     0.0062 1.0000e-12 2.3846e+03 4.1935e-14    -0.0043   100.1077      17869    35.2041    35.2115    15.3474    15.3269    26.0524    26.0626    356.514    3.59680 0.0000e+00
    358.000    15.4108    15.4044  43.703380  43.703103     1.8313          0     0.0080 1.0000e-12 2.3857e+03 4.1916e-14    -0.0047   100.1183      17891    35.2016    35.2071    15.3552    15.3488    26.0486    26.0543    355.521    3.59442 0.0000e+00
    357.000    15.4128    15.4036  43.703977  43.691025     1.8320          0    -0.0008 1.0000e-12 2.3886e+03 4.1866e-14    -0.0046   100.1144      17919    35.2007    35.1973    15.3574    15.3482    26.0474    26.0469    354.529    3.60686 0.0000e+00
    356.000    15.4107    15.3900  43.701244  43.687426     1.8343          0    -0.0005 1.0000e-12 2.3865e+03 4.1902e-14    -0.0046   100.1158      17951    35.2005    35.2066    15.3555    15.3348    26.0477    26.0571    353.537    3.61065 0.0000e+00
    355.000    15.4124    15.4142  43.703296  43.708899     1.8349          0     0.0065 1.0000e-12 2.3856e+03 4.1918e-14    -0.0048   100.1190      17979    35.2012    35.2047    15.3573    15.3590    26.0479    26.0502    352.545    3.60905 0.0000e+00
    354.000    15.4259    15.4198  43.721244  43.715493     1.8355          0     0.0069 1.0000e-12 2.3854e+03 4.1923e-14    -0.0045   100.1133      18003    35.2058    35.2061    15.3709    15.3648    26.0484    26.0499    351.552    3.61082 0.0000e+00
    353.000    15.4486    15.4381  43.746613  43.744117     1.8363          0     0.0034 1.0000e-12 2.3841e+03 4.1945e-14    -0.0045   100.1114      18026    35.2087    35.2159    15.3937    15.3832    26.0455    26.0534    350.560    3.61000 0.0000e+00
    352.000    15.4828    15.4715  43.782263  43.780832     1.8365          0     0.0050 1.0000e-12 2.3847e+03 4.1935e-14    -0.0046   100.1149      18047    35.2107    35.2195    15.4280    15.4167    26.0394    26.0487    349.568    3.60534 0.0000e+00
    351.000    15.4800    15.4767  43.770926  43.771742     1.8370          0     0.0070 1.0000e-12 2.3859e+03 4.1914e-14    -0.0046   100.1156      18074    35.2033    35.2071    15.4254    15.4221    26.0343    26.0379    348.576    3.61040 0.0000e+00
    350.000    15.5252    15.5462  43.838372  43.873738     1.8394          0     0.0053 1.0000e-12 2.3874e+03 4.1886e-14    -0.0046   100.1158      18105    35.2241    35.2373    15.4707    15.4915    26.0402    26.0456    347.583    3.61576 0.0000e+00
    349.000    15.4923    15.5651  43.785276  43.872772     1.8389          0     0.0014 1.0000e-12 2.3862e+03 4.1908e-14    -0.0048   100.1198      18142    35.2062    35.2199    15.4379    15.5105    26.0337    26.0280    346.591    3.60117 0.0000e+00
    348.000    15.5437    15.5874  43.859444  43.920028     1.8357          0    -0.0102 1.0000e-12 2.3885e+03 4.1867e-14    -0.0048   100.1193      18186    35.2274    35.2429    15.4894    15.5329    26.0385    26.0406    345.599    3.59938 0.0000e+00
    347.000    15.5966    15.6840  43.881119  43.991537     1.8416          0    -0.0037 1.0000e-12 2.3936e+03 4.1779e-14    -0.0049   100.1234      18236    35.2000    35.2213    15.5424    15.6295    26.0055    26.0022    344.607    3.62168 0.0000e+00
    346.000    15.5270    15.6985  43.867795  44.037278     1.8482          0    -0.0024 1.0000e-12 2.3946e+03 4.1761e-14    -0.0045   100.1121      18292    35.2505    35.2498    15.4730    15.6441    26.0599    26.0208    343.614    3.64262 0.0000e+00
    345.000    15.8181    15.8044  44.160323  44.163922     1.8529          0     0.0029 1.0000e-12 2.3920e+03 4.1806e-14    -0.0053   100.1320      18335    35.2539    35.2693    15.7636    15.7499    25.9969    26.0119    342.622    3.63524 0.0000e+00
    344.000    15.9927    15.9257  44.351645  44.292897     1.8576          0     0.0089 1.0000e-12 2.3888e+03 4.1863e-14    -0.0052   100.1314      18374    35.2700    35.2771    15.9379    15.8711    25.9695    25.9903    341.630    3.62550 0.0000e+00
    343.000    16.0601    16.0291  44.422950  44.403496     1.8569          0     0.0058 1.0000e-12 2.3850e+03 4.1929e-14    -0.0051   100.1293      18413    35.2740    35.2842    16.0053    15.9744    25.9572    25.9721    340.637    3.61239 0.0000e+00
    342.000    16.1042    16.0902  44.465486  44.460226     1.8565          0     0.0042 1.0000e-12 2.3811e+03 4.1997e-14    -0.0050   100.1245      18451    35.2731    35.2809    16.0495    16.0355    25.9464    25.9556    339.645    3.60788 0.0000e+00
    341.000    16.0947    16.0283  44.445888  44.361966     1.8576          0     0.0087 1.0000e-12 2.3772e+03 4.2065e-14    -0.0051   100.1285      18494    35.2645    35.2487    16.0402    15.9739    25.9419    25.9450    338.653    3.62139 0.0000e+00
    340.000    16.0353    16.0923  44.397444  44.481921     1.8660          0     0.0049 1.0000e-12 2.3711e+03 4.2174e-14    -0.0051   100.1281      18555    35.2745    35.2991    15.9810    16.0379    25.9632    25.9690    337.661    3.65529 0.0000e+00
    339.000    16.1900    16.2177  44.577863  44.612410     1.8715          0     0.0132 1.0000e-12 2.3684e+03 4.2224e-14    -0.0052   100.1307      18604    35.2980    35.3042    16.1356    16.1632    25.9457    25.9441    336.668    3.64821 0.0000e+00
    338.000    16.2898    16.2706  44.681191  44.664092     1.8731          0     0.0061 1.0000e-12 2.3701e+03 4.2192e-14    -0.0052   100.1293      18643    35.3017    35.3036    16.2354    16.2161    25.9255    25.9314    335.676    3.64456 0.0000e+00
    337.000    16.3487    16.3241  44.738835  44.721686     1.8759          0     0.0005 1.0000e-12 2.3725e+03 4.2150e-14    -0.0050   100.1266      18685    35.3010    35.3076    16.2943    16.2697    25.9113    25.9221    334.684    3.64486 0.0000e+00
    336.000    16.3639    16.3532  44.754992  44.749206     1.8766          0     0.0110 1.0000e-12 2.3751e+03 4.2102e-14    -0.0050   100.1259      18727    35.3022    35.3066    16.3096    16.2989    25.9087    25.9145    333.691    3.64239 0.0000e+00
    335.000    16.3740    16.3694  44.765120  44.762128     1.8764          0     0.0113 1.0000e-12 2.3770e+03 4.2070e-14    -0.0051   100.1292      18764    35.3027    35.3041    16.3198    16.3152    25.9067    25.9088    332.699    3.63689 0.0000e+00
    334.000    16.3784    16.3562  44.763102  44.738508     1.8750          0     0.0121 1.0000e-12 2.3786e+03 4.2041e-14    -0.0052   100.1306      18805    35.2974    35.2953    16.3243    16.3022    25.9016    25.9051    331.707    3.63832 0.0000e+00
    333.000    16.3566    16.3783  44.747878  44.779221     1.8806          0     0.0113 1.0000e-12 2.3838e+03 4.1950e-14    -0.0051   100.1277      18863    35.3036    35.3121    16.3028    16.3245    25.9113    25.9128    330.714    3.67266 0.0000e+00
    332.000    16.3858    16.4120  44.777144  44.812417     1.8931          0     0.0120 1.0000e-12 2.3848e+03 4.1933e-14    -0.0052   100.1316      18898    35.3040    35.3120    16.3321    16.3583    25.9048    25.9049    329.722    3.72807 0.0000e+00
    331.000    16.4584    16.4431  44.874601  44.861647     1.9035          0     0.0092 1.0000e-12 2.3871e+03 4.1892e-14    -0.0052   100.1297      18926    35.3263    35.3284    16.4047    16.3894    25.9051    25.9103    328.730    3.72768 0.0000e+00
    330.000    16.5572    16.5127  44.988566  44.962777     1.9068          0     0.0111 1.0000e-12 2.3902e+03 4.1838e-14    -0.0051   100.1285      18950    35.3400    35.3565    16.5034    16.4590    25.8926    25.9156    327.737    3.71239 0.0000e+00
    329.000    16.6755    16.6275  45.120498  45.085932     1.9073          0     0.0091 1.0000e-12 2.3926e+03 4.1796e-14    -0.0018   100.0422      18976    35.3521    35.3641    16.6216    16.5737    25.8742    25.8946    326.745    3.69556 0.0000e+00
