Data/Raw HPLC Argo/lovbio075b/CTD/out_c_060.cnv
* Sea-Bird SBE 9 Data File:
* FileName = C:\OUTPACE_CTD_Classik_DATA\out_c_060.hex
* Software Version Seasave V 7.23.1
* Temperature SN = 0970
* Conductivity SN = 0606
* Number of Bytes Per Scan = 40
* Number of Voltage Words = 5
* Number of Scans Averaged by the Deck Unit = 1
* NMEA Latitude = 19 14.46 S
* NMEA Longitude = 164 34.87 E
* NMEA UTC (Time) = Mar 01 2015  22:52:56
* NMEA baud rate = 4800
# nquan = 23
# nvalues = 1019                        
# units = specified
# name 0 = prDM: Pressure, Digiquartz [db]
# name 1 = t090C: Temperature [ITS-90, deg C]
# name 2 = t190C: Temperature, 2 [ITS-90, deg C]
# name 3 = c0mS/cm: Conductivity [mS/cm]
# name 4 = c1mS/cm: Conductivity, 2 [mS/cm]
# name 5 = sbeox0V: Oxygen raw, SBE 43 [V]
# name 6 = modError: Modulo Error Count
# name 7 = flC: Fluorescence, Chelsea Aqua 3 Chl Con [ug/l]
# name 8 = par: PAR/Irradiance, Biospherical/Licor
# name 9 = spar: SPAR/Surface Irradiance
# name 10 = cpar: CPAR/Corrected Irradiance [%]
# name 11 = CStarAt0: Beam Attenuation, WET Labs C-Star [1/m]
# name 12 = CStarTr0: Beam Transmission, WET Labs C-Star [%]
# name 13 = scan: Scan Count
# name 14 = sal00: Salinity, Practical [PSU]
# name 15 = sal11: Salinity, Practical, 2 [PSU]
# name 16 = potemp090C: Potential Temperature [ITS-90, deg C]
# name 17 = potemp190C: Potential Temperature, 2 [ITS-90, deg C]
# name 18 = sigma-é00: Density [sigma-theta, kg/m^3]
# name 19 = sigma-é11: Density, 2 [sigma-theta, kg/m^3]
# name 20 = depSM: Depth [salt water, m], lat = -19.241
# name 21 = sbeox0ML/L: Oxygen, SBE 43 [ml/l], WS = 2
# name 22 = flag: flag
# span 0 =      2.000,    512.000       
# span 1 =     9.5606,    29.5193       
# span 2 =     9.5584,    29.5172       
# span 3 =  37.565846,  57.751244       
# span 4 =  37.563205,  57.746798       
# span 5 =     1.8030,     2.6666       
# span 6 =          0,          0       
# span 7 =    -0.0107,   116.7335       
# span 8 = -1.483e-06, 1.7970e+03       
# span 9 = -9.047e+01, 2.4245e+03       
# span 10 = -6.188e-08, 2.7095e+02      
# span 11 =    -0.0053,     0.4631      
# span 12 =    91.8139,   100.1320      
# span 13 =       -108,      43452      
# span 14 =    29.4652,    35.8050      
# span 15 =    32.9175,    35.8046      
# span 16 =     9.5021,    29.5186      
# span 17 =     9.4999,    29.5165      
# span 18 =    17.7712,    26.7641      
# span 19 =    20.3514,    26.7672      
# span 20 =      1.988,    508.266      
# span 21 =    3.17159,    4.62963      
# span 22 = 0.0000e+00, 0.0000e+00      
# interval = decibars: 1                
# start_time = Mar 01 2015 22:52:56 [NMEA time, header]
# bad_flag = -9.990e-29
*END*
[from data line 756]
    264.000    19.5057    19.5196  48.293465  48.311800     1.9250          0    -0.0007 1.0000e-12 2.4000e+03 4.1665e-14    -0.0041   100.1028      20513    35.6307    35.6341    19.4575    19.4713    25.3852    25.3842    262.232    3.52607 0.0000e+00
    263.000    19.5526    19.5417  48.345731  48.338900     1.9269          0     0.0000 1.0000e-12 2.3990e+03 4.1684e-14    -0.0038   100.0939      20534    35.6344    35.6381    19.5045    19.4936    25.3758    25.3815    261.239    3.52351 0.0000e+00
    262.000    19.5899    19.5740  48.384399  48.378860     1.9260          0     0.0011 1.0000e-12 2.3990e+03 4.1684e-14    -0.0041   100.1026      20554    35.6350    35.6440    19.5419    19.5260    25.3666    25.3776    260.246    3.51122 0.0000e+00
    261.000    19.6065    19.6053  48.405716  48.412166     1.9245          0     0.0023 1.0000e-12 2.3979e+03 4.1704e-14    -0.0041   100.1013      20574    35.6389    35.6452    19.5586    19.5575    25.3652    25.3703    259.254    3.51403 0.0000e+00
    260.000    19.6351    19.6302  48.438173  48.436776     1.9276          0     0.0062 1.0000e-12 2.4012e+03 4.1645e-14    -0.0040   100.0988      20594    35.6418    35.6447    19.5874    19.5826    25.3598    25.3634    258.261    3.52954 0.0000e+00
    259.000    19.6847    19.6529  48.498298  48.468643     1.9308          0    -0.0026 1.0000e-12 2.4021e+03 4.1629e-14    -0.0041   100.1029      20616    35.6496    35.6521    19.6371    19.6054    25.3528    25.3631    257.268    3.52838 0.0000e+00
    258.000    19.7065    19.6906  48.514873  48.502172     1.9322          0    -0.0034 1.0000e-12 2.4026e+03 4.1621e-14    -0.0041   100.1021      20640    35.6451    35.6481    19.6591    19.6432    25.3436    25.3501    256.276    3.52857 0.0000e+00
    257.000    19.6745    19.6801  48.475160  48.482001     1.9343          0    -0.0050 1.0000e-12 2.4002e+03 4.1663e-14    -0.0041   100.1006      20668    35.6399    35.6408    19.6272    19.6328    25.3480    25.3472    255.283    3.53283 0.0000e+00
    256.000    19.7347    19.6814  48.552560  48.496633     1.9349          0     0.0023 1.0000e-12 2.3974e+03 4.1712e-14    -0.0034   100.0861      20699    35.6529    35.6521    19.6876    19.6343    25.3421    25.3555    254.290    3.52758 0.0000e+00
    255.000    19.7534    19.7525  48.563458  48.584195     1.9353          0     0.0108 9.4677e-05 2.3963e+03 3.9499e-06    -0.0034   100.0850      20727    35.6464    35.6643    19.7065    19.7055    25.3322    25.3462    253.297    3.52458 0.0000e+00
    254.000    19.7746    19.7744  48.601566  48.601247     1.9341          0     0.0071 -1.483e-06 2.3960e+03 -6.188e-08    -0.0028   100.0694      20749    35.6601    35.6600    19.7278    19.7276    25.3371    25.3371    252.305    3.51927 0.0000e+00
    253.000    19.7982    19.7909  48.617994  48.616612     1.9346          0     0.0039 1.0000e-12 2.3979e+03 4.1703e-14    -0.0038   100.0940      20769    35.6540    35.6591    19.7515    19.7442    25.3262    25.3320    251.312    3.52491 0.0000e+00
    252.000    19.8052    19.8038  48.624175  48.626097     1.9365          0     0.0042 5.9201e-04 2.3996e+03 2.4679e-05    -0.0032   100.0805      20788    35.6535    35.6563    19.7587    19.7572    25.3239    25.3265    250.319    3.53199 0.0000e+00
    251.000    19.8081    19.8098  48.628335  48.631464     1.9385          0     0.0113 1.7730e-03 2.4015e+03 7.3825e-05    -0.0037   100.0921      20808    35.6549    35.6560    19.7617    19.7635    25.3242    25.3246    249.327    3.53850 0.0000e+00
    250.000    19.8122    19.8167  48.632675  48.641448     1.9413          0     0.0094 2.4232e-03 2.4024e+03 1.0086e-04    -0.0034   100.0852      20829    35.6553    35.6587    19.7661    19.7705    25.3234    25.3249    248.334    3.54229 0.0000e+00
    249.000    19.8243    19.8236  48.647473  48.642610     1.9425          0     0.0106 6.0178e-03 2.4036e+03 2.5036e-04    -0.0037   100.0909      20850    35.6575    35.6541    19.7784    19.7776    25.3219    25.3195    247.341    3.53890 0.0000e+00
    248.000    19.8458    19.8341  48.673510  48.673176     1.9427          0     0.0206 5.0060e-03 2.4032e+03 2.0830e-04    -0.0035   100.0877      20870    35.6611    35.6708    19.7999    19.7883    25.3189    25.3294    246.348    3.53364 0.0000e+00
    247.000    19.8765    19.8729  48.717609  48.725511     1.9419          0     0.0180 4.9453e-03 2.4023e+03 2.0585e-04    -0.0034   100.0851      20891    35.6717    35.6812    19.8308    19.8272    25.3189    25.3271    245.355    3.53176 0.0000e+00
    246.000    19.9178    19.9283  48.776054  48.780498     1.9439          0     0.0145 5.5026e-03 2.4015e+03 2.2913e-04    -0.0032   100.0800      20913    35.6851    35.6798    19.8722    19.8827    25.3182    25.3114    244.363    3.54666 0.0000e+00
    245.000    20.0390    19.9591  48.912824  48.843336     1.9504          0     0.0071 4.7970e-03 2.4010e+03 1.9978e-04    -0.0031   100.0777      20937    35.6950    35.7057    19.9934    19.9136    25.2938    25.3230    243.370    3.56138 0.0000e+00
    244.000    20.0640    20.0439  48.923308  48.882426     1.9575          0     0.0018 6.4621e-03 2.3991e+03 2.6935e-04    -0.0025   100.0620      20965    35.6827    35.6662    20.0186    19.9985    25.2777    25.2704    242.377    3.57446 0.0000e+00
    243.000    20.0863    19.9252  48.966933  48.781807     1.9634          0     0.0037 8.3795e-03 2.3968e+03 3.4962e-04    -0.0031   100.0769      20996    35.7000    35.6846    20.0410    19.8801    25.2850    25.3158    241.384    3.57698 0.0000e+00
    242.000    20.1627    20.1248  49.052850  49.071513     1.9652          0     0.0045 1.0093e-02 2.3952e+03 4.2140e-04    -0.0026   100.0658      21023    35.7060    35.7534    20.1174    20.0797    25.2693    25.3154    240.392    3.57110 0.0000e+00
    241.000    20.2361    20.2330  49.172297  49.184188     1.9666          0     0.0009 8.9922e-03 2.3945e+03 3.7553e-04    -0.0029   100.0723      21046    35.7418    35.7543    20.1910    20.1878    25.2770    25.2873    239.399    3.56422 0.0000e+00
    240.000    20.4299    20.3509  49.360184  49.322280     1.9654          0     0.0035 1.1449e-02 2.3935e+03 4.7835e-04    -0.0030   100.0747      21065    35.7317    35.7676    20.3847    20.3057    25.2175    25.2660    238.406    3.55101 0.0000e+00
    239.000    20.4700    20.4455  49.406076  49.413866     1.9671          0     0.0095 1.4136e-02 2.3942e+03 5.9043e-04    -0.0026   100.0658      21083    35.7355    35.7626    20.4249    20.4004    25.2097    25.2369    237.413    3.55676 0.0000e+00
    238.000    20.5186    20.4973  49.464384  49.446419     1.9684          0     0.0120 1.3408e-02 2.3949e+03 5.5987e-04    -0.0026   100.0644      21100    35.7424    35.7457    20.4736    20.4523    25.2018    25.2101    236.421    3.55484 0.0000e+00
    237.000    20.5542    20.5430  49.488190  49.500048     1.9698          0     0.0104 1.3327e-02 2.3941e+03 5.5665e-04    -0.0020   100.0514      21119    35.7321    35.7511    20.5093    20.4981    25.1844    25.2019    235.428    3.55838 0.0000e+00
    236.000    20.5364    20.5633  49.453330  49.482030     1.9725          0     0.0107 1.6048e-02 2.3939e+03 6.7037e-04    -0.0024   100.0615      21140    35.7191    35.7197    20.4917    20.5186    25.1792    25.1725    234.435    3.56813 0.0000e+00
    235.000    20.4546    20.4727  49.397335  49.384704     1.9757          0     0.0131 1.9344e-02 2.3915e+03 8.0890e-04    -0.0026   100.0666      21168    35.7428    35.7174    20.4103    20.4283    25.2192    25.1949    233.442    3.57457 0.0000e+00
    234.000    20.5741    20.5325  49.526226  49.517606     1.9759          0     0.0075 1.9661e-02 2.3889e+03 8.2298e-04    -0.0025   100.0627      21195    35.7472    35.7752    20.5297    20.4882    25.1904    25.2230    232.449    3.56770 0.0000e+00
    233.000    20.6653    20.6351  49.629073  49.606984     1.9786          0     0.0056 1.7960e-02 2.3875e+03 7.5224e-04    -0.0021   100.0533      21219    35.7542    35.7617    20.6210    20.5908    25.1711    25.1850    231.457    3.56736 0.0000e+00
    232.000    20.7577    20.6680  49.736072  49.637281     1.9790          0     0.0044 2.0893e-02 2.3877e+03 8.7500e-04    -0.0021   100.0547      21242    35.7634    35.7589    20.7134    20.6239    25.1532    25.1739    230.464    3.56125 0.0000e+00
    231.000    20.8401    20.7802  49.823034  49.799303     1.9808          0     0.0098 2.2191e-02 2.3876e+03 9.2940e-04    -0.0021   100.0523      21264    35.7648    35.7960    20.7959    20.7361    25.1319    25.1718    229.471    3.56363 0.0000e+00
    230.000    20.8702    20.8576  49.840872  49.842165     1.9830          0     0.0196 2.2396e-02 2.3884e+03 9.3767e-04    -0.0020   100.0511      21287    35.7543    35.7659    20.8262    20.8135    25.1156    25.1279    228.478    3.56258 0.0000e+00
    229.000    20.9067    20.8958  49.888931  49.885519     1.9828          0     0.0179 2.3244e-02 2.3883e+03 9.7329e-04    -0.0020   100.0522      21311    35.7628    35.7692    20.8629    20.8519    25.1121    25.1200    227.485    3.55999 0.0000e+00
    228.000    20.9456    20.9256  49.932530  49.912960     1.9853          0     0.0129 2.5530e-02 2.3873e+03 1.0694e-03    -0.0020   100.0511      21335    35.7657    35.7666    20.9018    20.8819    25.1038    25.1099    226.492    3.56505 0.0000e+00
    227.000    20.9928    20.9627  49.984986  49.960849     1.9862          0     0.0151 2.9258e-02 2.3863e+03 1.2261e-03    -0.0018   100.0457      21356    35.7687    35.7745    20.9491    20.9191    25.0932    25.1057    225.500    3.56189 0.0000e+00
    226.000    21.0261    20.9889  50.021487  49.996009     1.9876          0     0.0203 2.9535e-02 2.3864e+03 1.2376e-03    -0.0016   100.0393      21376    35.7705    35.7812    20.9826    20.9454    25.0854    25.1037    224.507    3.56285 0.0000e+00
    225.000    21.0457    21.0453  50.042136  50.051992     1.9883          0     0.0190 3.2351e-02 2.3865e+03 1.3556e-03    -0.0014   100.0355      21397    35.7711    35.7793    21.0023    21.0019    25.0804    25.0868    223.514    3.56269 0.0000e+00
    224.000    21.0887    21.0765  50.090525  50.087764     1.9897          0     0.0124 3.3446e-02 2.3874e+03 1.4009e-03    -0.0014   100.0356      21420    35.7743    35.7823    21.0455    21.0333    25.0711    25.0806    222.521    3.56655 0.0000e+00
    223.000    21.1103    21.1133  50.110228  50.115915     1.9937          0     0.0101 3.5208e-02 2.3877e+03 1.4746e-03    -0.0011   100.0284      21447    35.7724    35.7745    21.0672    21.0702    25.0637    25.0645    221.528    3.58185 0.0000e+00
    222.000    21.1594    21.1399  50.168784  50.172008     2.0006          0     0.0047 3.7589e-02 2.3884e+03 1.5738e-03    -0.0011   100.0276      21475    35.7787    35.7975    21.1165    21.0970    25.0550    25.0747    220.535    3.59230 0.0000e+00
    221.000    21.2104    21.2271  50.220959  50.246923     2.0021          0     0.0084 3.8489e-02 2.3884e+03 1.6115e-03    -0.0011   100.0269      21499    35.7783    35.7851    21.1676    21.1843    25.0407    25.0413    219.542    3.58094 0.0000e+00
    220.000    21.3095    21.2577  50.357421  50.302766     2.0021          0     0.0153 4.0321e-02 2.3871e+03 1.6892e-03    -0.0009   100.0233      21522    35.8050    35.8046    21.2668    21.2150    25.0337    25.0477    218.550    3.57900 0.0000e+00
    219.000    21.4342    21.3898  50.451639  50.429997     2.0056          0     0.0176 4.3958e-02 2.3863e+03 1.8422e-03    -0.0007   100.0169      21544    35.7767    35.7964    21.3915    21.3471    24.9778    25.0051    217.557    3.58439 0.0000e+00
    218.000    21.4598    21.4375  50.477067  50.465999     2.0089          0     0.0165 4.6079e-02 2.3858e+03 1.9314e-03    -0.0005   100.0115      21569    35.7760    35.7858    21.4173    21.3950    24.9701    24.9837    216.564    3.58455 0.0000e+00
    217.000    21.4532    21.4679  50.464607  50.488010     2.0080          0     0.0179 4.9200e-02 2.3841e+03 2.0637e-03    -0.0002   100.0059      21598    35.7719    35.7783    21.4108    21.4255    24.9688    24.9696    215.571    3.57425 0.0000e+00
    216.000    21.4642    21.4786  50.481265  50.494230     2.0087          0     0.0158 5.1490e-02 2.3827e+03 2.1610e-03    -0.0002   100.0037      21628    35.7764    35.7748    21.4220    21.4364    24.9692    24.9639    214.578    3.58355 0.0000e+00
    215.000    21.4668    21.4855  50.483287  50.501466     2.0106          0     0.0127 5.3273e-02 2.3824e+03 2.2360e-03     0.0001    99.9980      21655    35.7762    35.7752    21.4248    21.4435    24.9683    24.9623    213.585    3.58470 0.0000e+00
    214.000    21.5059    21.4972  50.521804  50.515451     2.0107          0     0.0185 5.7792e-02 2.3820e+03 2.4263e-03     0.0005    99.9870      21680    35.7747    35.7769    21.4640    21.4553    24.9562    24.9603    212.592    3.58141 0.0000e+00
    213.000    21.5187    21.5138  50.532504  50.530808     2.0125          0     0.0117 5.8066e-02 2.3824e+03 2.4373e-03     0.0005    99.9882      21703    35.7729    35.7757    21.4771    21.4721    24.9513    24.9547    211.599    3.58527 0.0000e+00
    212.000    21.5263    21.5244  50.537056  50.538127     2.0125          0     0.0082 5.8878e-02 2.3830e+03 2.4707e-03     0.0005    99.9861      21726    35.7706    35.7730    21.4848    21.4829    24.9474    24.9497    210.606    3.58587 0.0000e+00
    211.000    21.5304    21.5324  50.544360  50.547027     2.0152          0     0.0077 6.4250e-02 2.3833e+03 2.6958e-03     0.0009    99.9763      21749    35.7733    35.7738    21.4891    21.4911    24.9482    24.9480    209.613    3.59157 0.0000e+00
    210.000    21.5455    21.5435  50.556614  50.555350     2.0149          0     0.0072 6.9479e-02 2.3835e+03 2.9150e-03     0.0009    99.9782      21772    35.7709    35.7715    21.5044    21.5024    24.9421    24.9432    208.621    3.58216 0.0000e+00
    209.000    21.5520    21.5477  50.559910  50.557515     2.0138          0     0.0127 7.1100e-02 2.3817e+03 2.9852e-03     0.0013    99.9677      21796    35.7684    35.7701    21.5111    21.5068    24.9384    24.9409    207.628    3.58183 0.0000e+00
    208.000    21.5537    21.5518  50.560767  50.559364     2.0153          0     0.0079 7.5416e-02 2.3799e+03 3.1688e-03     0.0011    99.9716      21823    35.7681    35.7685    21.5129    21.5111    24.9376    24.9385    206.635    3.58963 0.0000e+00
    207.000    21.5569    21.5513  50.563988  50.555087     2.0161          0     0.0079 7.8939e-02 2.3800e+03 3.3167e-03     0.0013    99.9682      21852    35.7683    35.7659    21.5164    21.5108    24.9369    24.9366    205.642    3.58638 0.0000e+00
    206.000    21.5610    21.5597  50.565646  50.568914     2.0171          0     0.0088 8.3411e-02 2.3792e+03 3.5059e-03     0.0021    99.9477      21882    35.7665    35.7702    21.5207    21.5194    24.9343    24.9375    204.649    3.59262 0.0000e+00
    205.000    21.5659    21.5697  50.570777  50.574755     2.0192          0     0.0130 8.7476e-02 2.3802e+03 3.6751e-03     0.0025    99.9375      21908    35.7670    35.7669    21.5257    21.5296    24.9332    24.9321    203.656    3.59636 0.0000e+00
    204.000    21.5770    21.5752  50.579952  50.576797     2.0203          0     0.0164 8.9785e-02 2.3799e+03 3.7726e-03     0.0024    99.9392      21932    35.7653    35.7643    21.5371    21.5352    24.9288    24.9286    202.663    3.59884 0.0000e+00
    203.000    21.5836    21.5801  50.584028  50.582720     2.0226          0     0.0102 9.3193e-02 2.3805e+03 3.9148e-03     0.0032    99.9197      21955    35.7635    35.7653    21.5438    21.5403    24.9256    24.9279    201.670    3.60333 0.0000e+00
