Data/Raw HPLC Argo/lovbio075b/CTD/out_c_060.cnv
* Sea-Bird SBE 9 Data File:
* FileName = C:\OUTPACE_CTD_Classik_DATA\out_c_060.hex
* Software Version Seasave V 7.23.1
* Temperature SN = 0970
* Conductivity SN = 0606
* Number of Bytes Per Scan = 40
* Number of Voltage Words = 5
* Number of Scans Averaged by the Deck Unit = 1
* NMEA Latitude = 19 14.46 S
* NMEA Longitude = 164 34.87 E
* NMEA UTC (Time) = Mar 01 2015  22:52:56
* NMEA baud rate = 4800
# nquan = 23
# nvalues = 1019                        
# units = specified
# name 0 = prDM: Pressure, Digiquartz [db]
# name 1 = t090C: Temperature [ITS-90, deg C]
# name 2 = t190C: Temperature, 2 [ITS-90, deg C]
# name 3 = c0mS/cm: Conductivity [mS/cm]
# name 4 = c1mS/cm: Conductivity, 2 [mS/cm]
# name 5 = sbeox0V: Oxygen raw, SBE 43 [V]
# name 6 = modError: Modulo Error Count
# name 7 = flC: Fluorescence, Chelsea Aqua 3 Chl Con [ug/l]
# name 8 = par: PAR/Irradiance, Biospherical/Licor
# name 9 = spar: SPAR/Surface Irradiance
# name 10 = cpar: CPAR/Corrected Irradiance [%]
# name 11 = CStarAt0: Beam Attenuation, WET Labs C-Star [1/m]
# name 12 = CStarTr0: Beam Transmission, WET Labs C-Star [%]
# name 13 = scan: Scan Count
# name 14 = sal00: Salinity, Practical [PSU]
# name 15 = sal11: Salinity, Practical, 2 [PSU]
# name 16 = potemp090C: Potential Temperature [ITS-90, deg C]
# name 17 = potemp190C: Potential Temperature, 2 [ITS-90, deg C]
# name 18 = sigma-é00: Density [sigma-theta, kg/m^3]
# name 19 = sigma-é11: Density, 2 [sigma-theta, kg/m^3]
# name 20 = depSM: Depth [salt water, m], lat = -19.241
# name 21 = sbeox0ML/L: Oxygen, SBE 43 [ml/l], WS = 2
# name 22 = flag: flag
# span 0 =      2.000,    512.000       
# span 1 =     9.5606,    29.5193       
# span 2 =     9.5584,    29.5172       
# span 3 =  37.565846,  57.751244       
# span 4 =  37.563205,  57.746798       
# span 5 =     1.8030,     2.6666       
# span 6 =          0,          0       
# span 7 =    -0.0107,   116.7335       
# span 8 = -1.483e-06, 1.7970e+03       
# span 9 = -9.047e+01, 2.4245e+03       
# span 10 = -6.188e-08, 2.7095e+02      
# span 11 =    -0.0053,     0.4631      
# span 12 =    91.8139,   100.1320      
# span 13 =       -108,      43452      
# span 14 =    29.4652,    35.8050      
# span 15 =    32.9175,    35.8046      
# span 16 =     9.5021,    29.5186      
# span 17 =     9.4999,    29.5165      
# span 18 =    17.7712,    26.7641      
# span 19 =    20.3514,    26.7672      
# span 20 =      1.988,    508.266      
# span 21 =    3.17159,    4.62963      
# span 22 = 0.0000e+00, 0.0000e+00      
# interval = decibars: 1                
# start_time = Mar 01 2015 22:52:56 [NMEA time, header]
# bad_flag = -9.990e-29
*END*
[from data line 1008]
     12.000    29.3853    29.3738  57.609555  57.590222     2.6266          0     0.0311 7.7297e+02 2.3618e+03 3.2728e+01     0.0932    97.6979      39842    34.9343    34.9295    29.3824    29.3708    21.8864    21.8867     11.927    4.34623 0.0000e+00
     11.000    29.3979    29.3785  57.623538  57.604113     2.6343          0     0.0290 9.5385e+02 2.3642e+03 4.0339e+01     0.0923    97.7179      39884    34.9350    34.9358    29.3952    29.3759    21.8826    21.8898     10.933    4.36531 0.0000e+00
     10.000    29.4136    29.4121  57.638956  57.634960     2.6320          0     0.0311 6.9851e+02 2.3696e+03 2.9482e+01     0.0853    97.8907      40359    34.9344    34.9328    29.4112    29.4097    21.8768    21.8761      9.939    4.35060 0.0000e+00
      9.000    29.4267    29.4288  57.652150  57.651340     2.6422          0     0.0348 1.0261e+03 2.3698e+03 4.3299e+01     0.0742    98.1629      41460    34.9342    34.9320    29.4245    29.4266    21.8721    21.8698      8.945    4.37594 0.0000e+00
      8.000    29.4272    29.4298  57.652927  57.652891     2.6375          0     0.0404 1.1173e+03 2.3724e+03 4.7105e+01     0.0756    98.1281      41491    34.9346    34.9327    29.4253    29.4279    21.8722    21.8699      7.951    4.35479 0.0000e+00
      7.000    29.4365    29.4331  57.663107  57.655973     2.6373          0     0.0407 1.1434e+03 2.3743e+03 4.8159e+01     0.0753    98.1350      41533    34.9351    34.9327    29.4348    29.4314    21.8694    21.8687      6.957    4.36545 0.0000e+00
      6.000    29.4632    29.4685  57.696147  57.708844     2.6327          0     0.0309 1.1403e+03 2.3745e+03 4.8021e+01     0.0766    98.1030      41575    34.9385    34.9433    29.4617    29.4670    21.8629    21.8647      5.964    4.34469 0.0000e+00
      5.000    29.4820    29.4986  57.715375  57.734223     2.6363          0     0.0206 1.5792e+03 2.3695e+03 6.6631e+01     0.0730    98.1913      41681    34.9382    34.9391    29.4808    29.4973    21.8562    21.8512      4.970    4.34975 0.0000e+00
      4.000    29.5146    29.5169  57.746882  57.746165     2.6330          0     0.0234 1.7617e+03 2.3769e+03 7.4114e+01     0.0626    98.4485      42873    34.9364    34.9342    29.5136    29.5159    21.8437    21.8413      3.976    4.31211 0.0000e+00
      3.000    29.5193    29.5172  57.751244  57.746798     2.3681          0    -0.0030 1.7970e+03 2.3790e+03 7.5533e+01     0.0616    98.4722      43401    34.9362    34.9347    29.5186    29.5165    21.8419    21.8414      2.982    3.57101 0.0000e+00
      2.000    29.4851    29.4630  48.952488  54.634467     2.1057          0   116.7335 1.7689e+03 2.3819e+03 7.4265e+01     0.4631    91.8139      43452    29.4652    32.9175    29.4846    29.4625    17.7712    20.3514      1.988    3.17159 0.0000e+00
