Data/Raw HPLC Argo/lovbio075b/CTD/out_c_060.cnv
* Sea-Bird SBE 9 Data File:
* FileName = C:\OUTPACE_CTD_Classik_DATA\out_c_060.hex
* Software Version Seasave V 7.23.1
* Temperature SN = 0970
* Conductivity SN = 0606
* Number of Bytes Per Scan = 40
* Number of Voltage Words = 5
* Number of Scans Averaged by the Deck Unit = 1
* NMEA Latitude = 19 14.46 S
* NMEA Longitude = 164 34.87 E
* NMEA UTC (Time) = Mar 01 2015  22:52:56
* NMEA baud rate = 4800
# nquan = 23
# nvalues = 1019                        
# units = specified
# name 0 = prDM: Pressure, Digiquartz [db]
# name 1 = t090C: Temperature [ITS-90, deg C]
# name 2 = t190C: Temperature, 2 [ITS-90, deg C]
# name 3 = c0mS/cm: Conductivity [mS/cm]
# name 4 = c1mS/cm: Conductivity, 2 [mS/cm]
# name 5 = sbeox0V: Oxygen raw, SBE 43 [V]
# name 6 = modError: Modulo Error Count
# name 7 = flC: Fluorescence, Chelsea Aqua 3 Chl Con [ug/l]
# name 8 = par: PAR/Irradiance, Biospherical/Licor
# name 9 = spar: SPAR/Surface Irradiance
# name 10 = cpar: CPAR/Corrected Irradiance [%]
# name 11 = CStarAt0: Beam Attenuation, WET Labs C-Star [1/m]
# name 12 = CStarTr0: Beam Transmission, WET Labs C-Star [%]
# name 13 = scan: Scan Count
# name 14 = sal00: Salinity, Practical [PSU]
# name 15 = sal11: Salinity, Practical, 2 [PSU]
# name 16 = potemp090C: Potential Temperature [ITS-90, deg C]
# name 17 = potemp190C: Potential Temperature, 2 [ITS-90, deg C]
# name 18 = sigma-é00: Density [sigma-theta, kg/m^3]
# name 19 = sigma-é11: Density, 2 [sigma-theta, kg/m^3]
# name 20 = depSM: Depth [salt water, m], lat = -19.241
# name 21 = sbeox0ML/L: Oxygen, SBE 43 [ml/l], WS = 2
# name 22 = flag: flag
# span 0 =      2.000,    512.000       
# span 1 =     9.5606,    29.5193       
# span 2 =     9.5584,    29.5172       
# span 3 =  37.565846,  57.751244       
# span 4 =  37.563205,  57.746798       
# span 5 =     1.8030,     2.6666       
# span 6 =          0,          0       
# span 7 =    -0.0107,   116.7335       
# span 8 = -1.483e-06, 1.7970e+03       
# span 9 = -9.047e+01, 2.4245e+03       
# span 10 = -6.188e-08, 2.7095e+02      
# span 11 =    -0.0053,     0.4631      
# span 12 =    91.8139,   100.1320      
# span 13 =       -108,      43452      
# span 14 =    29.4652,    35.8050      
# span 15 =    32.9175,    35.8046      
# span 16 =     9.5021,    29.5186      
# span 17 =     9.4999,    29.5165      
# span 18 =    17.7712,    26.7641      
# span 19 =    20.3514,    26.7672      
# span 20 =      1.988,    508.266      
# span 21 =    3.17159,    4.62963      
# span 22 = 0.0000e+00, 0.0000e+00      
# interval = decibars: 1                
# start_time = Mar 01 2015 22:52:56 [NMEA time, header]
# bad_flag = -9.990e-29
*END*
[from data line 693]
    327.000    16.7112    16.7131  45.144421  45.159786     1.9008          0     0.0062 1.0000e-12 2.3963e+03 4.1731e-14    -0.0051   100.1284      19042    35.3424    35.3542    16.6576    16.6595    25.8582    25.8669    324.760    3.65797 0.0000e+00
    326.000    16.7147    16.7384  45.148266  45.174201     1.8957          0    -0.0006 1.0000e-12 2.3968e+03 4.1723e-14    -0.0051   100.1291      19078    35.3431    35.3450    16.6612    16.6848    25.8579    25.8538    323.768    3.66253 0.0000e+00
    325.000    16.7310    16.7624  45.176550  45.213696     1.8990          0     0.0089 1.0000e-12 2.3974e+03 4.1712e-14    -0.0052   100.1297      19107    35.3539    35.3589    16.6776    16.7090    25.8624    25.8588    322.775    3.68372 0.0000e+00
    324.000    16.8892    16.8211  45.356827  45.303475     1.9028          0     0.0106 1.0000e-12 2.3967e+03 4.1724e-14    -0.0049   100.1235      19135    35.3731    35.3863    16.8356    16.7677    25.8398    25.8660    321.783    3.68385 0.0000e+00
    323.000    16.9803    16.9535  45.455280  45.450100     1.9077          0     0.0118 1.0000e-12 2.3965e+03 4.1729e-14    -0.0049   100.1214      19159    35.3794    35.3985    16.9267    16.9000    25.8230    25.8440    320.791    3.69822 0.0000e+00
    322.000    17.0386    17.0108  45.513731  45.498495     1.9138          0     0.0102 1.0000e-12 2.3963e+03 4.1732e-14    -0.0051   100.1285      19183    35.3797    35.3908    16.9851    16.9573    25.8093    25.8245    319.798    3.70739 0.0000e+00
    321.000    17.0712    17.0666  45.551101  45.551304     1.9177          0     0.0047 1.0000e-12 2.3969e+03 4.1721e-14    -0.0051   100.1286      19207    35.3841    35.3883    17.0178    17.0132    25.8049    25.8092    318.806    3.69678 0.0000e+00
    320.000    17.1043    17.0907  45.586134  45.580733     1.9161          0     0.0026 1.0000e-12 2.3973e+03 4.1715e-14    -0.0049   100.1218      19232    35.3860    35.3931    17.0509    17.0374    25.7984    25.8072    317.814    3.67780 0.0000e+00
    319.000    17.1219    17.0974  45.605578  45.559623     1.9150          0     0.0046 1.0000e-12 2.3967e+03 4.1724e-14    -0.0049   100.1215      19258    35.3878    35.3692    17.0687    17.0443    25.7956    25.7872    316.821    3.68075 0.0000e+00
    318.000    17.1384    17.0878  45.624045  45.605300     1.9152          0     0.0068 1.0000e-12 2.3957e+03 4.1743e-14    -0.0050   100.1265      19285    35.3898    35.4179    17.0853    17.0348    25.7932    25.8268    315.829    3.67293 0.0000e+00
    317.000    17.1671    17.1625  45.661367  45.652715     1.9120          0     0.0116 1.0000e-12 2.3944e+03 4.1765e-14    -0.0049   100.1223      19308    35.3975    35.3940    17.1141    17.1095    25.7922    25.7906    314.836    3.65642 0.0000e+00
    316.000    17.2352    17.1938  45.738028  45.720440     1.9098          0     0.0092 1.0000e-12 2.3966e+03 4.1727e-14    -0.0052   100.1293      19329    35.4049    35.4258    17.1822    17.1409    25.7815    25.8075    313.844    3.64677 0.0000e+00
    315.000    17.2870    17.2618  45.789243  45.779453     1.9073          0     0.0088 1.0000e-12 2.3980e+03 4.1702e-14    -0.0050   100.1244      19350    35.4044    35.4180    17.2341    17.2089    25.7686    25.7851    312.851    3.63512 0.0000e+00
    314.000    17.3587    17.3168  45.881037  45.840912     1.9046          0     0.0053 1.0000e-12 2.3971e+03 4.1718e-14    -0.0048   100.1206      19371    35.4217    35.4235    17.3058    17.2640    25.7646    25.7761    311.859    3.63030 0.0000e+00
    313.000    17.4289    17.3908  45.946930  45.931458     1.9058          0     0.0090 1.0000e-12 2.3983e+03 4.1697e-14    -0.0051   100.1283      19393    35.4177    35.4376    17.3760    17.3380    25.7446    25.7691    310.867    3.63782 0.0000e+00
    312.000    17.4751    17.4616  45.999458  46.008590     1.9065          0     0.0072 1.0000e-12 2.3983e+03 4.1697e-14    -0.0051   100.1271      19416    35.4232    35.4428    17.4223    17.4088    25.7376    25.7560    309.874    3.63637 0.0000e+00
    311.000    17.5197    17.5042  46.046004  46.029490     1.9089          0     0.0083 1.0000e-12 2.3981e+03 4.1701e-14    -0.0046   100.1145      19438    35.4248    35.4240    17.4670    17.4516    25.7280    25.7312    308.882    3.64122 0.0000e+00
    310.000    17.5498    17.5055  46.072853  46.025555     1.9096          0     0.0102 1.0000e-12 2.3965e+03 4.1728e-14    -0.0051   100.1272      19461    35.4221    35.4199    17.4972    17.4530    25.7187    25.7277    307.889    3.63577 0.0000e+00
    309.000    17.5750    17.5413  46.119482  46.099306     1.9107          0     0.0103 1.0000e-12 2.3945e+03 4.1763e-14    -0.0040   100.1002      19486    35.4407    35.4527    17.5225    17.4889    25.7268    25.7441    306.897    3.63869 0.0000e+00
    308.000    17.6554    17.6417  46.191671  46.205021     1.9124          0     0.0112 1.0000e-12 2.3939e+03 4.1772e-14    -0.0046   100.1158      19510    35.4333    35.4567    17.6029    17.5892    25.7015    25.7228    305.904    3.63617 0.0000e+00
    307.000    17.7610    17.7023  46.343247  46.288107     1.9128          0     0.0077 1.0000e-12 2.3940e+03 4.1771e-14    -0.0050   100.1260      19533    35.4721    35.4757    17.7084    17.6499    25.7054    25.7226    304.912    3.62459 0.0000e+00
    306.000    17.8308    17.8096  46.392796  46.418903     1.9126          0     0.0041 1.0000e-12 2.3944e+03 4.1764e-14    -0.0047   100.1186      19554    35.4542    35.4951    17.7783    17.7571    25.6747    25.7112    303.919    3.61718 0.0000e+00
    305.000    17.8870    17.8950  46.463626  46.477076     1.9116          0     0.0079 1.0000e-12 2.3964e+03 4.1731e-14    -0.0052   100.1296      19576    35.4665    35.4711    17.8346    17.8426    25.6702    25.6718    302.927    3.60918 0.0000e+00
    304.000    17.9466    17.9270  46.530915  46.522505     1.9113          0     0.0069 1.0000e-12 2.3969e+03 4.1721e-14    -0.0047   100.1172      19598    35.4727    35.4826    17.8942    17.8746    25.6603    25.6727    301.935    3.60644 0.0000e+00
    303.000    17.9841    17.9813  46.564254  46.575585     1.9112          0     0.0018 1.0000e-12 2.3973e+03 4.1715e-14    -0.0050   100.1262      19620    35.4691    35.4813    17.9318    17.9290    25.6483    25.6583    300.942    3.60405 0.0000e+00
    302.000    18.0016    18.0075  46.583533  46.594602     1.9116          0     0.0014 1.0000e-12 2.3964e+03 4.1730e-14    -0.0041   100.1013      19645    35.4708    35.4752    17.9494    17.9553    25.6452    25.6471    299.950    3.60203 0.0000e+00
    301.000    18.0316    18.0338  46.616400  46.636978     1.9105          0     0.0056 1.0000e-12 2.3949e+03 4.1757e-14    -0.0048   100.1206      19669    35.4732    35.4889    17.9796    17.9817    25.6396    25.6511    298.957    3.59509 0.0000e+00
    300.000    18.0884    18.0829  46.695177  46.694363     1.9102          0     0.0015 1.0000e-12 2.3925e+03 4.1797e-14    -0.0052   100.1296      19693    35.4916    35.4957    18.0364    18.0309    25.6396    25.6441    297.965    3.59240 0.0000e+00
    299.000    18.1458    18.1406  46.745986  46.752797     1.9102          0    -0.0001 1.0000e-12 2.3924e+03 4.1800e-14    -0.0046   100.1157      19715    35.4856    35.4959    18.0939    18.0887    25.6208    25.6299    296.972    3.59099 0.0000e+00
    298.000    18.2072    18.1860  46.824247  46.823754     1.9115          0     0.0036 1.0000e-12 2.3924e+03 4.1800e-14    -0.0047   100.1174      19735    35.4995    35.5174    18.1553    18.1342    25.6162    25.6352    295.980    3.59432 0.0000e+00
    297.000    18.2477    18.2411  46.863029  46.862929     1.9135          0     0.0063 1.0000e-12 2.3930e+03 4.1790e-14    -0.0043   100.1078      19756    35.4978    35.5034    18.1959    18.1893    25.6048    25.6107    294.987    3.59755 0.0000e+00
    296.000    18.2764    18.2685  46.889675  46.891527     1.9153          0     0.0082 1.0000e-12 2.3932e+03 4.1785e-14    -0.0050   100.1258      19779    35.4960    35.5044    18.2247    18.2168    25.5963    25.6047    293.995    3.59390 0.0000e+00
    295.000    18.2888    18.2897  46.906939  46.911244     1.9146          0     0.0010 1.0000e-12 2.3940e+03 4.1771e-14    -0.0046   100.1147      19802    35.5003    35.5032    18.2373    18.2382    25.5964    25.5984    293.002    3.58154 0.0000e+00
    294.000    18.2921    18.3043  46.909434  46.924833     1.9121          0     0.0012 1.0000e-12 2.3943e+03 4.1766e-14    -0.0044   100.1090      19824    35.5000    35.5025    18.2408    18.2529    25.5953    25.5942    292.009    3.57286 0.0000e+00
    293.000    18.3736    18.3454  47.008916  46.996753     1.9105          0     0.0050 1.0000e-12 2.3951e+03 4.1752e-14    -0.0044   100.1085      19848    35.5144    35.5284    18.3223    18.2941    25.5859    25.6037    291.017    3.56820 0.0000e+00
    292.000    18.4534    18.4180  47.107882  47.082997     1.9106          0     0.0073 1.0000e-12 2.3951e+03 4.1752e-14    -0.0050   100.1254      19872    35.5297    35.5392    18.4021    18.3668    25.5777    25.5938    290.024    3.56804 0.0000e+00
    291.000    18.5279    18.4910  47.177286  47.154134     1.9121          0    -0.0062 1.0000e-12 2.3939e+03 4.1773e-14    -0.0046   100.1152      19899    35.5245    35.5368    18.4767    18.4398    25.5550    25.5736    289.032    3.57171 0.0000e+00
    290.000    18.5863    18.5329  47.251010  47.198875     1.9154          0    -0.0076 1.0000e-12 2.3928e+03 4.1793e-14    -0.0047   100.1164      19927    35.5369    35.5389    18.5351    18.4817    25.5497    25.5647    288.039    3.57940 0.0000e+00
    289.000    18.6334    18.6100  47.309381  47.300822     1.9182          0    -0.0092 1.0000e-12 2.3924e+03 4.1799e-14    -0.0045   100.1116      19951    35.5460    35.5589    18.5823    18.5590    25.5447    25.5605    287.047    3.57596 0.0000e+00
    288.000    18.7178    18.6609  47.418886  47.367116     1.9180          0    -0.0090 1.0000e-12 2.3929e+03 4.1790e-14    -0.0043   100.1069      19970    35.5660    35.5713    18.6667    18.6099    25.5387    25.5572    286.054    3.56562 0.0000e+00
    287.000    18.8345    18.7753  47.536442  47.531184     1.9188          0    -0.0071 1.0000e-12 2.3954e+03 4.1747e-14    -0.0042   100.1041      19987    35.5649    35.6114    18.7833    18.7242    25.5083    25.5589    285.062    3.55783 0.0000e+00
    286.000    18.8810    18.8721  47.584677  47.599244     1.9179          0    -0.0038 1.0000e-12 2.3975e+03 4.1710e-14    -0.0042   100.1041      20004    35.5659    35.5857    18.8300    18.8210    25.4972    25.5147    284.069    3.54910 0.0000e+00
    285.000    18.9267    18.9218  47.646612  47.661794     1.9170          0    -0.0018 1.0000e-12 2.3999e+03 4.1669e-14    -0.0044   100.1089      20020    35.5789    35.5959    18.8757    18.8708    25.4955    25.5097    283.077    3.54819 0.0000e+00
    284.000    18.9811    18.9917  47.701251  47.726183     1.9186          0    -0.0009 1.0000e-12 2.4031e+03 4.1612e-14    -0.0043   100.1081      20039    35.5785    35.5903    18.9302    18.9408    25.4813    25.4876    282.084    3.55334 0.0000e+00
    283.000    18.9784    19.0216  47.660290  47.721118     1.9199          0     0.0044 1.0000e-12 2.4029e+03 4.1615e-14    -0.0043   100.1079      20062    35.5469    35.5608    18.9277    18.9708    25.4577    25.4573    281.091    3.55577 0.0000e+00
    282.000    18.8899    18.9275  47.578720  47.617380     1.9222          0     0.0049 1.0000e-12 2.3983e+03 4.1697e-14    -0.0042   100.1047      20100    35.5547    35.5549    18.8395    18.8770    25.4862    25.4768    280.099    3.56605 0.0000e+00
    281.000    18.8984    18.9351  47.610093  47.627687     1.9241          0     0.0011 1.0000e-12 2.3948e+03 4.1759e-14    -0.0042   100.1041      20142    35.5740    35.5573    18.8482    18.8849    25.4988    25.4767    279.106    3.56563 0.0000e+00
    280.000    18.9952    18.9897  47.710025  47.771927     1.9227          0    -0.0005 1.0000e-12 2.3952e+03 4.1751e-14    -0.0042   100.1041      20167    35.5752    35.6318    18.9450    18.9395    25.4750    25.5197    278.114    3.54508 0.0000e+00
    279.000    19.0907    19.0936  47.846312  47.845253     1.9201          0    -0.0020 1.0000e-12 2.3968e+03 4.1722e-14    -0.0042   100.1041      20185    35.6078    35.6044    19.0405    19.0434    25.4754    25.4721    277.121    3.53352 0.0000e+00
    278.000    19.1619    19.1399  47.898540  47.903134     1.9196          0     0.0004 1.0000e-12 2.3989e+03 4.1685e-14    -0.0042   100.1041      20201    35.5908    35.6134    19.1117    19.0898    25.4441    25.4671    276.128    3.52978 0.0000e+00
    277.000    19.1832    19.1763  47.919586  47.922362     1.9181          0     0.0012 1.0000e-12 2.4012e+03 4.1645e-14    -0.0042   100.1041      20217    35.5904    35.5987    19.1332    19.1263    25.4384    25.4465    275.136    3.52464 0.0000e+00
    276.000    19.1893    19.1929  47.924483  47.935748     1.9177          0    -0.0003 1.0000e-12 2.4046e+03 4.1586e-14    -0.0041   100.1026      20233    35.5897    35.5960    19.1395    19.1430    25.4362    25.4401    274.143    3.52743 0.0000e+00
    275.000    19.2012    19.2073  47.941924  47.953068     1.9180          0     0.0016 1.0000e-12 2.4079e+03 4.1530e-14    -0.0042   100.1041      20250    35.5945    35.5985    19.1515    19.1576    25.4367    25.4383    273.151    3.53315 0.0000e+00
    274.000    19.2184    19.2178  47.960251  47.956544     1.9204          0     0.0000 1.0000e-12 2.4076e+03 4.1534e-14    -0.0042   100.1054      20270    35.5954    35.5928    19.1689    19.1683    25.4330    25.4311    272.158    3.54060 0.0000e+00
    273.000    19.2255    19.2238  47.965623  47.972879     1.9221          0    -0.0026 1.0000e-12 2.4020e+03 4.1632e-14    -0.0042   100.1031      20293    35.5941    35.6016    19.1762    19.1745    25.4301    25.4363    271.165    3.53974 0.0000e+00
    272.000    19.2306    19.2419  47.957464  47.975725     1.9233          0    -0.0042 1.0000e-12 2.3993e+03 4.1679e-14    -0.0045   100.1128      20319    35.5833    35.5889    19.1814    19.1927    25.4205    25.4219    270.173    3.54260 0.0000e+00
    271.000    19.1824    19.2125  47.920629  47.953228     1.9245          0     0.0006 1.0000e-12 2.3968e+03 4.1722e-14    -0.0042   100.1050      20348    35.5942    35.5957    19.1335    19.1635    25.4412    25.4346    269.180    3.54397 0.0000e+00
    270.000    19.2133    19.2513  47.954802  48.009335     1.9247          0     0.0098 1.0000e-12 2.3969e+03 4.1721e-14    -0.0042   100.1041      20379    35.5967    35.6096    19.1645    19.2024    25.4351    25.4352    268.187    3.54008 0.0000e+00
    269.000    19.2586    19.2642  48.009438  48.008792     1.9235          0     0.0105 1.0000e-12 2.3976e+03 4.1708e-14    -0.0039   100.0969      20407    35.6038    35.5985    19.2099    19.2155    25.4288    25.4233    267.195    3.53272 0.0000e+00
    268.000    19.3049    19.2867  48.062323  48.047193     1.9239          0     0.0028 1.0000e-12 2.4000e+03 4.1666e-14    -0.0039   100.0957      20430    35.6086    35.6116    19.2563    19.2381    25.4205    25.4275    266.202    3.53453 0.0000e+00
    267.000    19.3507    19.3267  48.112780  48.108881     1.9246          0     0.0036 1.0000e-12 2.4015e+03 4.1640e-14    -0.0041   100.1015      20452    35.6119    35.6291    19.3022    19.2783    25.4112    25.4305    265.210    3.53048 0.0000e+00
    266.000    19.4241    19.4062  48.208858  48.211814     1.9240          0    -0.0026 1.0000e-12 2.4017e+03 4.1637e-14    -0.0042   100.1041      20472    35.6294    35.6471    19.3757    19.3578    25.4055    25.4237    264.217    3.52316 0.0000e+00
