Data/raw_excel/lovbio079b/CTD/out_c_198.cnv
* Sea-Bird SBE 9 Data File:
* FileName = C:\OUTPACE_CTD_Classik_DATA\out_c_198.hex
* Software Version Seasave V 7.23.1
* Temperature SN = 0970
* Conductivity SN = 0606
* Number of Bytes Per Scan = 40
* Number of Voltage Words = 5
* Number of Scans Averaged by the Deck Unit = 1
* NMEA Latitude = 18 29.47 S
* NMEA Longitude = 165 47.49 W
* NMEA UTC (Time) = Mar 28 2015  12:42:00
* NMEA baud rate = 4800
# nquan = 23
# nvalues = 628                         
# units = specified
# name 0 = prDM: Pressure, Digiquartz [db]
# name 1 = t090C: Temperature [ITS-90, deg C]
# name 2 = t190C: Temperature, 2 [ITS-90, deg C]
# name 3 = c0mS/cm: Conductivity [mS/cm]
# name 4 = c1mS/cm: Conductivity, 2 [mS/cm]
# name 5 = sbeox0V: Oxygen raw, SBE 43 [V]
# name 6 = modError: Modulo Error Count
# name 7 = flC: Fluorescence, Chelsea Aqua 3 Chl Con [ug/l]
# name 8 = par: PAR/Irradiance, Biospherical/Licor
# name 9 = spar: SPAR/Surface Irradiance
# name 10 = cpar: CPAR/Corrected Irradiance [%]
# name 11 = CStarAt0: Beam Attenuation, WET Labs C-Star [1/m]
# name 12 = CStarTr0: Beam Transmission, WET Labs C-Star [%]
# name 13 = scan: Scan Count
# name 14 = sal00: Salinity, Practical [PSU]
# name 15 = sal11: Salinity, Practical, 2 [PSU]
# name 16 = potemp090C: Potential Temperature [ITS-90, deg C]
# name 17 = potemp190C: Potential Temperature, 2 [ITS-90, deg C]
# name 18 = sigma-é00: Density [sigma-theta, kg/m^3]
# name 19 = sigma-é11: Density, 2 [sigma-theta, kg/m^3]
# name 20 = depSM: Depth [salt water, m], lat = -18.4912
# name 21 = sbeox0ML/L: Oxygen, SBE 43 [ml/l], WS = 2
# name 22 = flag: flag
# span 0 =      5.000,    319.000       
# span 1 =    16.1449,    29.1339       
# span 2 =    16.1417,    29.1357       
# span 3 =  44.431148,  57.821893       
# span 4 =  44.432062,  57.822070       
# span 5 =     1.8712,     2.7155       
# span 6 =          0,          0       
# span 7 =    -0.0033,     0.2931       
# span 8 = 1.0000e-12, 1.7209e-01       
# span 9 = 1.6939e+00, 1.6939e+00       
# span 10 = 5.9036e-11, 1.0159e+01      
# span 11 =     0.0079,     0.1022      
# span 12 =    97.4771,    99.8017      
# span 13 =        582,      50484      
# span 14 =    35.2155,    35.9405      
# span 15 =    35.2167,    35.9439      
# span 16 =    16.0939,    29.1294      
# span 17 =    16.0906,    29.1313      
# span 18 =    22.2137,    25.8918      
# span 19 =    22.2130,    25.8954      
# span 20 =      4.970,    316.835      
# span 21 =    3.60388,    4.77889      
# span 22 = 0.0000e+00, 0.0000e+00      
# interval = decibars: 1                
# start_time = Mar 28 2015 12:42:00 [NMEA time, header]
# bad_flag = -9.990e-29
*END*
[from data line 504]
    129.000    22.7840    22.7750  51.997133  51.990276     2.3100          0     0.2565 1.0000e-12 1.6939e+00 5.9036e-11     0.0382    99.0483      33759    35.9090    35.9110    22.7578    22.7488    24.6931    24.6972    128.183    4.16241 0.0000e+00
    128.000    22.8075    22.8279  52.020412  52.040680     2.3172          0     0.2523 1.0000e-12 1.6939e+00 5.9036e-11     0.0380    99.0534      33807    35.9081    35.9072    22.7815    22.8018    24.6856    24.6791    127.190    4.18669 0.0000e+00
    127.000    22.8100    22.8218  52.022701  52.028790     2.3331          0     0.2572 1.0000e-12 1.6939e+00 5.9036e-11     0.0381    99.0508      33853    35.9082    35.9033    22.7842    22.7959    24.6849    24.6778    126.196    4.22374 0.0000e+00
    126.000    22.8771    22.8139  52.083155  52.029449     2.3449          0     0.2388 1.0000e-12 1.6939e+00 5.9036e-11     0.0394    99.0194      33908    35.9005    35.9106    22.8513    22.7882    24.6597    24.6856    125.203    4.22289 0.0000e+00
    125.000    22.9068    22.8972  52.102155  52.093432     2.3415          0     0.2231 1.0000e-12 1.6939e+00 5.9036e-11     0.0393    99.0206      33964    35.8912    35.8924    22.8813    22.8716    24.6440    24.6477    124.210    4.22624 0.0000e+00
    124.000    22.8650    22.8626  52.068375  52.069064     2.3721          0     0.2281 1.0000e-12 1.6939e+00 5.9036e-11     0.0576    98.4861      34046    35.8996    35.9021    22.8397    22.8373    24.6624    24.6650    123.216    4.30675 0.0000e+00
    123.000    22.9593    22.9557  52.146548  52.146075     2.3688          0     0.2231 1.0000e-12 1.6939e+00 5.9036e-11     0.0386    99.0393      34080    35.8834    35.8860    22.9342    22.9305    24.6228    24.6258    122.223    4.26502 0.0000e+00
    122.000    22.9773    22.9599  52.158303  52.141444     2.3721          0     0.2211 1.0000e-12 1.6939e+00 5.9036e-11     0.0375    99.0664      34141    35.8781    35.8793    22.9523    22.9349    24.6136    24.6195    121.230    4.28507 0.0000e+00
    121.000    22.9893    22.9907  52.171771  52.176291     2.3740          0     0.2178 1.0000e-12 1.6939e+00 5.9036e-11     0.0377    99.0612      34206    35.8791    35.8814    22.9645    22.9659    24.6108    24.6122    120.236    4.26766 0.0000e+00
    120.000    22.9979    23.0055  52.176220  52.182370     2.3706          0     0.2182 1.0000e-12 1.6939e+00 5.9036e-11     0.0375    99.0668      34391    35.8758    35.8744    22.9733    22.9809    24.6058    24.6025    119.243    4.26063 0.0000e+00
    119.000    23.0271    23.0282  52.197928  52.198606     2.3900          0     0.2041 1.0000e-12 1.6939e+00 5.9036e-11     0.0376    99.0639      35664    35.8691    35.8687    23.0027    23.0038    24.5921    24.5915    118.249    4.31689 0.0000e+00
    118.000    23.0325    23.0313  52.202978  52.202080     2.3909          0     0.1959 1.0000e-12 1.6939e+00 5.9036e-11     0.0375    99.0681      35735    35.8690    35.8692    23.0083    23.0071    24.5905    24.5909    117.256    4.32053 0.0000e+00
    117.000    23.0416    23.0355  52.209736  52.204346     2.3960          0     0.1914 1.0000e-12 1.6939e+00 5.9036e-11     0.0372    99.0755      35802    35.8671    35.8679    23.0176    23.0115    24.5863    24.5887    116.263    4.32833 0.0000e+00
    116.000    23.0497    23.0493  52.216815  52.217417     2.3961          0     0.1791 1.0000e-12 1.6939e+00 5.9036e-11     0.0376    99.0650      35851    35.8663    35.8671    23.0259    23.0255    24.5833    24.5840    115.269    4.32615 0.0000e+00
    115.000    23.0669    23.0578  52.232459  52.223218     2.3959          0     0.1772 1.0000e-12 1.6939e+00 5.9036e-11     0.0371    99.0776      35891    35.8646    35.8650    23.0433    23.0342    24.5770    24.5799    114.276    4.32190 0.0000e+00
    114.000    23.0574    23.0649  52.224272  52.231039     2.4079          0     0.1647 1.0000e-12 1.6939e+00 5.9036e-11     0.0368    99.0844      35984    35.8664    35.8655    23.0340    23.0415    24.5810    24.5782    113.282    4.36901 0.0000e+00
    113.000    23.1147    23.1245  52.275580  52.282820     2.4258          0     0.1385 1.0000e-12 1.6939e+00 5.9036e-11     0.0364    99.0930      36053    35.8597    35.8573    23.0914    23.1012    24.5593    24.5546    112.289    4.39478 0.0000e+00
    112.000    23.1380    23.1356  52.299527  52.298563     2.4281          0     0.1326 1.0000e-12 1.6939e+00 5.9036e-11     0.0360    99.1043      36078    35.8595    35.8607    23.1150    23.1125    24.5523    24.5540    111.295    4.39285 0.0000e+00
    111.000    23.1959    23.1646  52.352616  52.316815     2.4262          0     0.1344 1.0000e-12 1.6939e+00 5.9036e-11     0.0355    99.1165      36110    35.8536    35.8515    23.1731    23.1417    24.5309    24.5385    110.302    4.37651 0.0000e+00
    110.000    23.2105    23.1926  52.371219  52.356971     2.4229          0     0.1384 1.0000e-12 1.6939e+00 5.9036e-11     0.0353    99.1214      36146    35.8564    35.8600    23.1879    23.1699    24.5287    24.5367    109.309    4.36517 0.0000e+00
    109.000    23.2200    23.1964  52.382109  52.355514     2.4206          0     0.1363 1.0000e-12 1.6939e+00 5.9036e-11     0.0352    99.1241      36180    35.8573    35.8561    23.1976    23.1740    24.5267    24.5326    108.315    4.36836 0.0000e+00
    108.000    23.1960    23.2154  52.359412  52.389220     2.4399          0     0.1297 1.0000e-12 1.6939e+00 5.9036e-11     0.0355    99.1149      36276    35.8598    35.8669    23.1737    23.1931    24.5355    24.5352    107.322    4.42464 0.0000e+00
    107.000    23.2779    23.3101  52.443042  52.475995     2.4463          0     0.1252 1.0000e-12 1.6939e+00 5.9036e-11     0.0353    99.1203      36328    35.8579    35.8570    23.2558    23.2880    24.5101    24.5001    106.328    4.41613 0.0000e+00
    106.000    23.3737    23.3418  52.580958  52.553261     2.4430          0     0.1251 1.0000e-12 1.6939e+00 5.9036e-11     0.0352    99.1230      36352    35.8864    35.8910    23.3517    23.3198    24.5037    24.5166    105.335    4.39288 0.0000e+00
    105.000    23.4794    23.4470  52.679447  52.643512     2.4387          0     0.1261 1.0000e-12 1.6939e+00 5.9036e-11     0.0352    99.1223      36379    35.8764    35.8752    23.4575    23.4252    24.4652    24.4738    104.341    4.37974 0.0000e+00
    104.000    23.4165    23.4208  52.602118  52.608443     2.4454          0     0.1209 1.0000e-12 1.6939e+00 5.9036e-11     0.0364    99.0937      36435    35.8685    35.8698    23.3949    23.3992    24.4775    24.4773    103.348    4.42007 0.0000e+00
    103.000    23.3534    23.3523  52.539594  52.541578     2.4664          0     0.1145 1.0000e-12 1.6939e+00 5.9036e-11     0.0353    99.1217      36514    35.8721    35.8745    23.3320    23.3310    24.4987    24.5008    102.354    4.46028 0.0000e+00
    102.000    23.4957    23.5124  52.690068  52.705990     2.4660          0     0.1048 1.0000e-12 1.6939e+00 5.9036e-11     0.0351    99.1255      36540    35.8723    35.8710    23.4745    23.4912    24.4572    24.4513    101.361    4.45234 0.0000e+00
    101.000    23.5384    23.5377  52.728456  52.730245     2.4674          0     0.1028 1.0000e-12 1.6939e+00 5.9036e-11     0.0345    99.1418      36563    35.8674    35.8694    23.5174    23.5166    24.4408    24.4426    100.367    4.44302 0.0000e+00
    100.000    23.5489    23.5538  52.736383  52.741463     2.4679          0     0.1014 1.0000e-12 1.6939e+00 5.9036e-11     0.0347    99.1369      36605    35.8653    35.8653    23.5281    23.5330    24.4361    24.4346     99.374    4.44442 0.0000e+00
     99.000    23.5503    23.5777  52.743273  52.788815     2.4684          0     0.0937 1.0000e-12 1.6939e+00 5.9036e-11     0.0345    99.1425      36671    35.8698    35.8825    23.5297    23.5571    24.4391    24.4406     98.380    4.44641 0.0000e+00
     98.000    23.7057    23.7894  52.931616  53.047436     2.4777          0     0.0911 1.0000e-12 1.6939e+00 5.9036e-11     0.0346    99.1384      36738    35.8883    35.9090    23.6852    23.7688    24.4072    24.3983     97.387    4.45952 0.0000e+00
     97.000    23.6953    23.7658  52.917330  52.987385     2.4883          0     0.0921 1.0000e-12 1.6939e+00 5.9036e-11     0.0348    99.1332      36796    35.8862    35.8826    23.6750    23.7454    24.4086    24.3852     96.393    4.48295 0.0000e+00
     96.000    23.8014    23.8028  53.041188  53.046219     2.4906          0     0.0868 1.0000e-12 1.6939e+00 5.9036e-11     0.0347    99.1368      36818    35.8951    35.8978    23.7813    23.7827    24.3840    24.3857     95.400    4.47874 0.0000e+00
     95.000    23.8309    23.8342  53.058620  53.061412     2.4932          0     0.0806 1.0000e-12 1.6939e+00 5.9036e-11     0.0347    99.1365      36855    35.8849    35.8843    23.8109    23.8143    24.3675    24.3661     94.406    4.48095 0.0000e+00
     94.000    23.8240    23.8241  53.052725  53.054292     2.4930          0     0.0833 1.0000e-12 1.6939e+00 5.9036e-11     0.0346    99.1376      36907    35.8863    35.8874    23.8043    23.8044    24.3706    24.3714     93.413    4.46974 0.0000e+00
     93.000    23.8426    23.8537  53.070449  53.078303     2.4921          0     0.0771 1.0000e-12 1.6939e+00 5.9036e-11     0.0343    99.1473      36932    35.8851    35.8821    23.8231    23.8342    24.3641    24.3586     92.419    4.47583 0.0000e+00
     92.000    23.8773    23.8612  53.101338  53.082789     2.5033          0     0.0751 1.0000e-12 1.6939e+00 5.9036e-11     0.0349    99.1321      37020    35.8809    35.8798    23.8579    23.8418    24.3506    24.3546     91.426    4.50107 0.0000e+00
     91.000    23.9597    23.9623  53.169236  53.175493     2.5196          0     0.0712 1.0000e-12 1.6939e+00 5.9036e-11     0.0359    99.1063      37151    35.8664    35.8691    23.9406    23.9431    24.3151    24.3164     90.432    4.53202 0.0000e+00
     90.000    23.9851    23.9796  53.149682  53.148119     2.5382          0     0.0715 1.0000e-12 1.6939e+00 5.9036e-11     0.0367    99.0873      37927    35.8314    35.8347    23.9661    23.9606    24.2810    24.2852     89.439    4.57435 0.0000e+00
     89.000    23.9842    23.9833  53.121064  53.111268     2.5582          0     0.0634 1.0000e-12 1.6939e+00 5.9036e-11     0.0380    99.0554      38511    35.8108    35.8040    23.9654    23.9645    24.2656    24.2608     88.445    4.61516 0.0000e+00
     88.000    23.9715    23.9728  53.081114  53.080735     2.5596          0     0.0640 1.0000e-12 1.6939e+00 5.9036e-11     0.0383    99.0457      38487    35.7910    35.7896    23.9530    23.9543    24.2543    24.2529     87.451    4.61747 0.0000e+00
     87.000    23.9717    23.9742  53.076131  53.077324     2.5638          0     0.0585 1.0000e-12 1.6939e+00 5.9036e-11     0.0381    99.0518      38557    35.7874    35.7863    23.9533    23.9559    24.2515    24.2499     86.458    4.63323 0.0000e+00
     86.000    23.9784    23.9785  53.076966  53.079113     2.5792          0     0.0562 1.0000e-12 1.6939e+00 5.9036e-11     0.0383    99.0453      38635    35.7830    35.7845    23.9603    23.9604    24.2461    24.2472     85.464    4.66731 0.0000e+00
     85.000    23.9952    23.9969  53.077638  53.074346     2.5843          0     0.0566 1.0000e-12 1.6939e+00 5.9036e-11     0.0389    99.0305      38677    35.7703    35.7664    23.9773    23.9789    24.2314    24.2280     84.471    4.67180 0.0000e+00
     84.000    24.0864    24.0896  53.171989  53.178786     2.5876          0     0.0540 1.0000e-12 1.6939e+00 5.9036e-11     0.0388    99.0331      38714    35.7689    35.7715    24.0687    24.0718    24.2032    24.2042     83.477    4.67110 0.0000e+00
     83.000    24.1561    24.1671  53.236828  53.245374     2.5858          0     0.0512 1.0000e-12 1.6939e+00 5.9036e-11     0.0388    99.0333      38764    35.7625    35.7601    24.1385    24.1495    24.1775    24.1724     82.484    4.65214 0.0000e+00
     82.000    24.1655    24.1538  53.244582  53.228731     2.5911          0     0.0500 1.0000e-12 1.6939e+00 5.9036e-11     0.0386    99.0394      38822    35.7611    35.7585    24.1481    24.1364    24.1736    24.1751     81.490    4.68023 0.0000e+00
     81.000    24.1108    24.1205  53.217902  53.241402     2.6102          0     0.0491 1.0000e-12 1.6939e+00 5.9036e-11     0.0391    99.0260      38896    35.7851    35.7951    24.0936    24.1033    24.2080    24.2126     80.496    4.72800 0.0000e+00
     80.000    24.4242    24.4133  53.542884  53.538988     2.6113          0     0.0456 1.0000e-12 1.6939e+00 5.9036e-11     0.0396    99.0141      38920    35.7799    35.7856    24.4071    24.3962    24.1103    24.1179     79.503    4.68623 0.0000e+00
     79.000    24.5078    24.4696  53.625527  53.590494     2.6090          0     0.0535 1.0000e-12 1.6939e+00 5.9036e-11     0.0394    99.0182      38939    35.7756    35.7798    24.4909    24.4527    24.0818    24.0965     78.509    4.67452 0.0000e+00
     78.000    24.5315    24.5259  53.641252  53.638022     2.6073          0     0.0523 1.0000e-12 1.6939e+00 5.9036e-11     0.0395    99.0163      38964    35.7688    35.7709    24.5148    24.5092    24.0695    24.0727     77.516    4.67163 0.0000e+00
     77.000    24.4984    24.5589  53.607206  53.676779     2.6200          0     0.0470 1.0000e-12 1.6939e+00 5.9036e-11     0.0395    99.0160      39096    35.7700    35.7740    24.4819    24.5423    24.0803    24.0651     76.522    4.71526 0.0000e+00
     76.000    24.5054    24.5383  53.626438  53.634811     2.6271          0     0.0386 1.0000e-12 1.6939e+00 5.9036e-11     0.0397    99.0127      39132    35.7791    35.7592    24.4891    24.5220    24.0850    24.0600     75.528    4.72243 0.0000e+00
     75.000    24.6980    24.6591  53.821548  53.806430     2.6266          0     0.0386 1.0000e-12 1.6939e+00 5.9036e-11     0.0401    99.0028      39149    35.7724    35.7920    24.6819    24.6429    24.0217    24.0484     74.535    4.70299 0.0000e+00
     74.000    24.7697    24.7510  53.877359  53.864265     2.6278          0     0.0396 1.0000e-12 1.6939e+00 5.9036e-11     0.0407    98.9892      39165    35.7575    35.7625    24.7537    24.7351    23.9887    23.9982     73.541    4.70218 0.0000e+00
     73.000    24.7655    24.7604  53.868744  53.865417     2.6339          0     0.0446 1.0000e-12 1.6939e+00 5.9036e-11     0.0409    98.9832      39213    35.7547    35.7562    24.7498    24.7446    23.9878    23.9905     72.548    4.71348 0.0000e+00
     72.000    24.7778    24.7566  53.889874  53.881415     2.6486          0     0.0410 1.0000e-12 1.6939e+00 5.9036e-11     0.0409    98.9822      39325    35.7610    35.7715    24.7623    24.7411    23.9888    24.0032     71.554    4.73667 0.0000e+00
     71.000    24.9607    24.9764  54.083149  54.110249     2.6455          0     0.0387 1.0000e-12 1.6939e+00 5.9036e-11     0.0414    98.9708      39346    35.7604    35.7682    24.9453    24.9610    23.9327    23.9338     70.560    4.71800 0.0000e+00
     70.000    25.1420    25.1035  54.265497  54.234233     2.6458          0     0.0393 1.0000e-12 1.6939e+00 5.9036e-11     0.0420    98.9562      39368    35.7529    35.7601    25.1268    25.0883    23.8716    23.8889     69.567    4.71004 0.0000e+00
     69.000    25.1898    25.1714  54.298630  54.284884     2.6509          0     0.0369 1.0000e-12 1.6939e+00 5.9036e-11     0.0415    98.9680      39422    35.7401    35.7444    25.1747    25.1563    23.8473    23.8561     68.573    4.71886 0.0000e+00
     68.000    25.1470    25.2406  54.262365  54.347597     2.6586          0     0.0319 1.0000e-12 1.6939e+00 5.9036e-11     0.0418    98.9600      39531    35.7473    35.7366    25.1321    25.2257    23.8657    23.8290     67.579    4.73151 0.0000e+00
