Data/raw_excel/lovbio079b/CTD/out_c_198.cnv
* Sea-Bird SBE 9 Data File:
* FileName = C:\OUTPACE_CTD_Classik_DATA\out_c_198.hex
* Software Version Seasave V 7.23.1
* Temperature SN = 0970
* Conductivity SN = 0606
* Number of Bytes Per Scan = 40
* Number of Voltage Words = 5
* Number of Scans Averaged by the Deck Unit = 1
* NMEA Latitude = 18 29.47 S
* NMEA Longitude = 165 47.49 W
* NMEA UTC (Time) = Mar 28 2015  12:42:00
* NMEA baud rate = 4800
# nquan = 23
# nvalues = 628                         
# units = specified
# name 0 = prDM: Pressure, Digiquartz [db]
# name 1 = t090C: Temperature [ITS-90, deg C]
# name 2 = t190C: Temperature, 2 [ITS-90, deg C]
# name 3 = c0mS/cm: Conductivity [mS/cm]
# name 4 = c1mS/cm: Conductivity, 2 [mS/cm]
# name 5 = sbeox0V: Oxygen raw, SBE 43 [V]
# name 6 = modError: Modulo Error Count
# name 7 = flC: Fluorescence, Chelsea Aqua 3 Chl Con [ug/l]
# name 8 = par: PAR/Irradiance, Biospherical/Licor
# name 9 = spar: SPAR/Surface Irradiance
# name 10 = cpar: CPAR/Corrected Irradiance [%]
# name 11 = CStarAt0: Beam Attenuation, WET Labs C-Star [1/m]
# name 12 = CStarTr0: Beam Transmission, WET Labs C-Star [%]
# name 13 = scan: Scan Count
# name 14 = sal00: Salinity, Practical [PSU]
# name 15 = sal11: Salinity, Practical, 2 [PSU]
# name 16 = potemp090C: Potential Temperature [ITS-90, deg C]
# name 17 = potemp190C: Potential Temperature, 2 [ITS-90, deg C]
# name 18 = sigma-é00: Density [sigma-theta, kg/m^3]
# name 19 = sigma-é11: Density, 2 [sigma-theta, kg/m^3]
# name 20 = depSM: Depth [salt water, m], lat = -18.4912
# name 21 = sbeox0ML/L: Oxygen, SBE 43 [ml/l], WS = 2
# name 22 = flag: flag
# span 0 =      5.000,    319.000       
# span 1 =    16.1449,    29.1339       
# span 2 =    16.1417,    29.1357       
# span 3 =  44.431148,  57.821893       
# span 4 =  44.432062,  57.822070       
# span 5 =     1.8712,     2.7155       
# span 6 =          0,          0       
# span 7 =    -0.0033,     0.2931       
# span 8 = 1.0000e-12, 1.7209e-01       
# span 9 = 1.6939e+00, 1.6939e+00       
# span 10 = 5.9036e-11, 1.0159e+01      
# span 11 =     0.0079,     0.1022      
# span 12 =    97.4771,    99.8017      
# span 13 =        582,      50484      
# span 14 =    35.2155,    35.9405      
# span 15 =    35.2167,    35.9439      
# span 16 =    16.0939,    29.1294      
# span 17 =    16.0906,    29.1313      
# span 18 =    22.2137,    25.8918      
# span 19 =    22.2130,    25.8954      
# span 20 =      4.970,    316.835      
# span 21 =    3.60388,    4.77889      
# span 22 = 0.0000e+00, 0.0000e+00      
# interval = decibars: 1                
# start_time = Mar 28 2015 12:42:00 [NMEA time, header]
# bad_flag = -9.990e-29
*END*
[from data line 315]
    318.000    16.2454    16.2516  44.546107  44.559437     1.8719          0     0.0035 1.0000e-12 1.6939e+00 5.9036e-11     0.0096    99.7598      10963    35.2290    35.2353    16.1943    16.2005    25.8791    25.8825    315.842    3.63014 0.0000e+00
    317.000    16.2741    16.2639  44.573646  44.560692     1.8719          0     0.0083 1.0000e-12 1.6939e+00 5.9036e-11     0.0096    99.7594      10995    35.2284    35.2260    16.2231    16.2129    25.8720    25.8725    314.850    3.62866 0.0000e+00
    316.000    16.2548    16.2549  44.553140  44.555313     1.8721          0     0.0060 1.0000e-12 1.6939e+00 5.9036e-11     0.0096    99.7594      11026    35.2278    35.2296    16.2040    16.2041    25.8759    25.8773    313.857    3.63074 0.0000e+00
    315.000    16.2664    16.2640  44.566093  44.564368     1.8724          0    -0.0002 1.0000e-12 1.6939e+00 5.9036e-11     0.0096    99.7594      11063    35.2294    35.2300    16.2157    16.2133    25.8744    25.8755    312.865    3.63107 0.0000e+00
    314.000    16.2677    16.2856  44.571415  44.598572     1.8770          0     0.0057 1.0000e-12 1.6939e+00 5.9036e-11     0.0097    99.7570      11153    35.2333    35.2415    16.2172    16.2351    25.8771    25.8793    311.872    3.64952 0.0000e+00
    313.000    16.3377    16.3438  44.645897  44.649051     1.8802          0     0.0026 1.0000e-12 1.6939e+00 5.9036e-11     0.0096    99.7594      11193    35.2378    35.2352    16.2872    16.2933    25.8643    25.8610    310.880    3.65073 0.0000e+00
    312.000    16.4569    16.4525  44.792745  44.805836     1.8816          0    -0.0018 1.0000e-12 1.6939e+00 5.9036e-11     0.0096    99.7594      11213    35.2628    35.2782    16.4063    16.4019    25.8559    25.8688    309.887    3.64381 0.0000e+00
    311.000    16.5205    16.5163  44.858190  44.857054     1.8821          0    -0.0014 1.0000e-12 1.6939e+00 5.9036e-11     0.0096    99.7594      11232    35.2648    35.2675    16.4699    16.4657    25.8426    25.8457    308.895    3.63510 0.0000e+00
    310.000    16.5566    16.5512  44.901208  44.902116     1.8818          0     0.0020 1.0000e-12 1.6939e+00 5.9036e-11     0.0097    99.7568      11250    35.2713    35.2768    16.5061    16.5007    25.8391    25.8446    307.902    3.62968 0.0000e+00
    309.000    16.6021    16.5993  44.949385  44.953595     1.8814          0     0.0055 1.0000e-12 1.6939e+00 5.9036e-11     0.0096    99.7593      11272    35.2740    35.2801    16.5516    16.5489    25.8305    25.8359    306.910    3.62655 0.0000e+00
    308.000    16.5510    16.5777  44.884272  44.915431     1.8835          0     0.0049 1.0000e-12 1.6939e+00 5.9036e-11     0.0096    99.7589      11304    35.2621    35.2660    16.5008    16.5275    25.8333    25.8300    305.917    3.64657 0.0000e+00
    307.000    16.5049    16.5199  44.839703  44.851247     1.8912          0     0.0001 1.0000e-12 1.6939e+00 5.9036e-11     0.0096    99.7594      11355    35.2638    35.2608    16.4550    16.4700    25.8453    25.8395    304.925    3.67208 0.0000e+00
    306.000    16.6168    16.6098  44.971081  44.985436     1.8939          0    -0.0033 1.0000e-12 1.6939e+00 5.9036e-11     0.0096    99.7594      11387    35.2813    35.3001    16.5669    16.5598    25.8326    25.8487    303.932    3.66360 0.0000e+00
    305.000    16.8394    16.8653  45.235224  45.274495     1.8965          0     0.0060 1.0000e-12 1.6939e+00 5.9036e-11     0.0096    99.7594      11417    35.3177    35.3293    16.7891    16.8150    25.8082    25.8110    302.940    3.65620 0.0000e+00
    304.000    16.8759    16.7881  45.258498  45.151965     1.9000          0     0.0099 1.0000e-12 1.6939e+00 5.9036e-11     0.0095    99.7621      11469    35.3064    35.2903    16.8258    16.7381    25.7909    25.7992    301.947    3.65693 0.0000e+00
    303.000    16.9293    16.8226  45.341649  45.234964     1.8998          0     0.0041 1.0000e-12 1.6939e+00 5.9036e-11     0.0096    99.7602      11516    35.3327    35.3330    16.8792    16.7727    25.7984    25.8238    300.955    3.64644 0.0000e+00
    302.000    17.0855    17.0845  45.510280  45.527849     1.9016          0     0.0033 1.0000e-12 1.6939e+00 5.9036e-11     0.0096    99.7594      11552    35.3432    35.3594    17.0352    17.0342    25.7693    25.7819    299.962    3.65166 0.0000e+00
    301.000    17.0681    16.9812  45.484094  45.379588     1.9069          0     0.0054 1.0000e-12 1.6939e+00 5.9036e-11     0.0096    99.7606      11620    35.3360    35.3210    17.0181    16.9314    25.7679    25.7770    298.970    3.66076 0.0000e+00
    300.000    17.1860    17.0318  45.620904  45.448962     1.9090          0     0.0069 1.0000e-12 1.6939e+00 5.9036e-11     0.0096    99.7595      11675    35.3522    35.3376    17.1359    16.9819    25.7522    25.7777    297.977    3.65642 0.0000e+00
    299.000    17.2824    17.2560  45.732465  45.710311     1.9112          0     0.0029 1.0000e-12 1.6939e+00 5.9036e-11     0.0096    99.7598      11734    35.3652    35.3690    17.2322    17.2059    25.7390    25.7483    296.985    3.65468 0.0000e+00
    298.000    17.4380    17.4439  45.908346  45.917611     1.9191          0     0.0039 1.0000e-12 1.6939e+00 5.9036e-11     0.0093    99.7661      12308    35.3821    35.3849    17.3877    17.3936    25.7144    25.7152    295.992    3.65957 0.0000e+00
    297.000    17.4969    17.4986  45.975932  45.979575     1.9236          0     0.0080 1.0000e-12 1.6939e+00 5.9036e-11     0.0088    99.7817      13158    35.3895    35.3912    17.4467    17.4483    25.7059    25.7068    295.000    3.66902 0.0000e+00
    296.000    17.5037    17.5051  45.983522  45.986895     1.9252          0     0.0063 1.0000e-12 1.6939e+00 5.9036e-11     0.0084    99.7915      13640    35.3905    35.3922    17.4536    17.4550    25.7050    25.7059    294.007    3.67252 0.0000e+00
    295.000    17.5046    17.5059  45.984309  45.987826     1.9265          0    -0.0009 1.0000e-12 1.6939e+00 5.9036e-11     0.0083    99.7935      13721    35.3908    35.3926    17.4547    17.4560    25.7049    25.7061    293.014    3.67517 0.0000e+00
    294.000    17.5128    17.5149  45.995509  46.001329     1.9263          0     0.0007 1.0000e-12 1.6939e+00 5.9036e-11     0.0084    99.7915      13744    35.3937    35.3969    17.4630    17.4651    25.7052    25.7071    292.022    3.67040 0.0000e+00
    293.000    17.5331    17.5404  46.018601  46.032092     1.9260          0     0.0060 1.0000e-12 1.6939e+00 5.9036e-11     0.0084    99.7908      13772    35.3963    35.4015    17.4834    17.4908    25.7022    25.7044    291.029    3.66938 0.0000e+00
    292.000    17.5394    17.5406  46.023381  46.024900     1.9299          0     0.0107 1.0000e-12 1.6939e+00 5.9036e-11     0.0081    99.7992      13838    35.3953    35.3955    17.4899    17.4911    25.6999    25.6997    290.037    3.68672 0.0000e+00
    291.000    17.5580    17.5545  46.048064  46.053390     1.9345          0     0.0067 1.0000e-12 1.6939e+00 5.9036e-11     0.0083    99.7921      13891    35.4008    35.4084    17.5086    17.5052    25.6995    25.7062    289.044    3.69242 0.0000e+00
    290.000    17.6312    17.6335  46.141958  46.155359     1.9352          0     0.0045 1.0000e-12 1.6939e+00 5.9036e-11     0.0082    99.7948      13913    35.4183    35.4278    17.5819    17.5842    25.6951    25.7019    288.051    3.68882 0.0000e+00
    289.000    17.7079    17.7066  46.223753  46.228092     1.9358          0    -0.0022 1.0000e-12 1.6939e+00 5.9036e-11     0.0084    99.7899      13939    35.4223    35.4272    17.6586    17.6573    25.6795    25.6835    287.059    3.67805 0.0000e+00
    288.000    17.7274    17.7353  46.243165  46.257997     1.9344          0    -0.0028 1.0000e-12 1.6939e+00 5.9036e-11     0.0086    99.7867      13968    35.4225    35.4283    17.6782    17.6861    25.6748    25.6774    286.066    3.67361 0.0000e+00
    287.000    17.7068    17.7195  46.216894  46.228077     1.9368          0     0.0052 1.0000e-12 1.6939e+00 5.9036e-11     0.0082    99.7956      14004    35.4181    35.4167    17.6579    17.6705    25.6764    25.6723    285.074    3.69687 0.0000e+00
    286.000    17.6998    17.6983  46.210056  46.212562     1.9477          0     0.0095 1.0000e-12 1.6939e+00 5.9036e-11     0.0079    99.8017      14052    35.4187    35.4222    17.6510    17.6495    25.6786    25.6816    284.081    3.72789 0.0000e+00
    285.000    17.7906    17.7685  46.333554  46.316581     1.9515          0     0.0103 1.0000e-12 1.6939e+00 5.9036e-11     0.0082    99.7967      14095    35.4462    35.4509    17.7418    17.7197    25.6774    25.6865    283.089    3.71381 0.0000e+00
    284.000    17.9428    17.9367  46.505987  46.523467     1.9527          0     0.0068 1.0000e-12 1.6939e+00 5.9036e-11     0.0083    99.7921      14119    35.4622    35.4825    17.8939    17.8878    25.6524    25.6694    282.096    3.71410 0.0000e+00
    283.000    18.0264    18.0246  46.599172  46.602794     1.9553          0     0.0027 1.0000e-12 1.6939e+00 5.9036e-11     0.0085    99.7872      14139    35.4697    35.4744    17.9775    17.9757    25.6374    25.6415    281.103    3.71881 0.0000e+00
    282.000    18.0654    18.0620  46.639476  46.639045     1.9588          0     0.0047 1.0000e-12 1.6939e+00 5.9036e-11     0.0086    99.7860      14161    35.4707    35.4733    18.0167    18.0132    25.6285    25.6314    280.111    3.72497 0.0000e+00
    281.000    18.0013    18.0232  46.560891  46.590658     1.9650          0     0.0043 1.0000e-12 1.6939e+00 5.9036e-11     0.0085    99.7887      14196    35.4595    35.4660    17.9528    17.9746    25.6358    25.6353    279.118    3.74885 0.0000e+00
    280.000    18.0643    18.0724  46.647626  46.666528     1.9708          0     0.0007 1.0000e-12 1.6939e+00 5.9036e-11     0.0086    99.7858      14228    35.4794    35.4885    18.0159    18.0239    25.6354    25.6403    278.125    3.74652 0.0000e+00
    279.000    18.1996    18.1535  46.818680  46.774770     1.9702          0     0.0007 1.0000e-12 1.6939e+00 5.9036e-11     0.0086    99.7859      14250    35.5084    35.5109    18.1510    18.1050    25.6240    25.6374    277.133    3.72590 0.0000e+00
    278.000    18.3271    18.2960  46.955060  46.937144     1.9697          0    -0.0012 1.0000e-12 1.6939e+00 5.9036e-11     0.0086    99.7859      14270    35.5144    35.5261    18.2785    18.2475    25.5969    25.6136    276.140    3.71942 0.0000e+00
    277.000    18.3724    18.3680  47.004713  47.007847     1.9710          0     0.0039 1.0000e-12 1.6939e+00 5.9036e-11     0.0088    99.7793      14289    35.5178    35.5242    18.3239    18.3195    25.5881    25.5942    275.148    3.72118 0.0000e+00
    276.000    18.3976    18.3976  47.026443  47.023453     1.9710          0     0.0076 1.0000e-12 1.6939e+00 5.9036e-11     0.0088    99.7798      14312    35.5148    35.5122    18.3493    18.3493    25.5795    25.5776    274.155    3.71971 0.0000e+00
    275.000    18.3142    18.3463  46.928323  46.972967     1.9802          0     0.0135 1.0000e-12 1.6939e+00 5.9036e-11     0.0087    99.7845      14356    35.5040    35.5141    18.2661    18.2982    25.5920    25.5917    273.162    3.76899 0.0000e+00
    274.000    18.3151    18.3385  46.944913  46.961339     1.9957          0     0.0068 1.0000e-12 1.6939e+00 5.9036e-11     0.0088    99.7810      14410    35.5176    35.5113    18.2672    18.2906    25.6022    25.5915    272.170    3.80049 0.0000e+00
    273.000    18.5007    18.4474  47.168461  47.134877     1.9974          0     0.0083 1.0000e-12 1.6939e+00 5.9036e-11     0.0093    99.7671      14434    35.5473    35.5647    18.4526    18.3995    25.5784    25.6051    271.177    3.77597 0.0000e+00
    272.000    18.6259    18.6204  47.302611  47.305897     1.9979          0     0.0054 1.0000e-12 1.6939e+00 5.9036e-11     0.0095    99.7622      14453    35.5530    35.5606    18.5778    18.5723    25.5513    25.5585    270.184    3.76696 0.0000e+00
    271.000    18.6653    18.6515  47.346649  47.338196     1.9978          0     0.0046 1.0000e-12 1.6939e+00 5.9036e-11     0.0096    99.7594      14471    35.5566    35.5614    18.6173    18.6035    25.5440    25.5512    269.191    3.76525 0.0000e+00
    270.000    18.6822    18.6772  47.364398  47.359991     1.9997          0     0.0080 1.0000e-12 1.6939e+00 5.9036e-11     0.0095    99.7617      14491    35.5573    35.5579    18.6344    18.6294    25.5403    25.5420    268.199    3.77360 0.0000e+00
    269.000    18.6443    18.6524  47.315743  47.325397     2.0026          0     0.0103 1.0000e-12 1.6939e+00 5.9036e-11     0.0095    99.7615      14520    35.5493    35.5505    18.5967    18.6048    25.5437    25.5425    267.206    3.78457 0.0000e+00
    268.000    18.6402    18.6472  47.313749  47.323148     2.0074          0     0.0093 1.0000e-12 1.6939e+00 5.9036e-11     0.0095    99.7628      14562    35.5516    35.5535    18.5928    18.5998    25.5464    25.5461    266.214    3.79346 0.0000e+00
    267.000    18.6798    18.6794  47.364785  47.371655     2.0094          0     0.0136 1.0000e-12 1.6939e+00 5.9036e-11     0.0095    99.7620      14597    35.5609    35.5670    18.6325    18.6321    25.5435    25.5483    265.221    3.79482 0.0000e+00
    266.000    18.7885    18.7805  47.491765  47.491330     2.0111          0     0.0143 1.0000e-12 1.6939e+00 5.9036e-11     0.0096    99.7603      14627    35.5746    35.5811    18.7412    18.7332    25.5264    25.5335    264.228    3.78517 0.0000e+00
    265.000    18.8417    18.8313  47.556102  47.547354     2.0111          0     0.0069 1.0000e-12 1.6939e+00 5.9036e-11     0.0096    99.7594      14655    35.5833    35.5849    18.7945    18.7841    25.5195    25.5235    263.235    3.78220 0.0000e+00
    264.000    18.8911    18.8685  47.612930  47.590658     2.0122          0     0.0136 1.0000e-12 1.6939e+00 5.9036e-11     0.0096    99.7594      14679    35.5890    35.5897    18.8439    18.8215    25.5113    25.5176    262.243    3.78178 0.0000e+00
    263.000    18.9322    18.9066  47.660805  47.635341     2.0125          0     0.0128 1.0000e-12 1.6939e+00 5.9036e-11     0.0096    99.7594      14703    35.5942    35.5949    18.8852    18.8596    25.5048    25.5118    261.250    3.77956 0.0000e+00
    262.000    18.9683    18.9433  47.701248  47.673791     2.0152          0     0.0134 1.0000e-12 1.6939e+00 5.9036e-11     0.0096    99.7594      14731    35.5975    35.5959    18.9214    18.8964    25.4981    25.5033    260.257    3.78995 0.0000e+00
    261.000    18.9782    18.9473  47.709949  47.677082     2.0179          0     0.0125 1.0000e-12 1.6939e+00 5.9036e-11     0.0096    99.7594      14761    35.5967    35.5956    18.9314    18.9006    25.4949    25.5019    259.265    3.79058 0.0000e+00
    260.000    18.9968    18.9052  47.738179  47.614967     2.0192          0     0.0132 1.0000e-12 1.6939e+00 5.9036e-11     0.0095    99.7632      14795    35.6047    35.5801    18.9502    18.8587    25.4962    25.5007    258.272    3.78787 0.0000e+00
    259.000    19.0396    18.9699  47.786721  47.731533     2.0192          0     0.0154 1.0000e-12 1.6939e+00 5.9036e-11     0.0096    99.7593      14827    35.6090    35.6227    18.9931    18.9235    25.4885    25.5168    257.279    3.78564 0.0000e+00
    258.000    19.0816    19.0651  47.835562  47.828774     2.0201          0     0.0207 1.0000e-12 1.6939e+00 5.9036e-11     0.0096    99.7594      14852    35.6142    35.6227    19.0352    19.0187    25.4817    25.4924    256.286    3.78585 0.0000e+00
    257.000    19.1169    19.1100  47.877448  47.872787     2.0212          0     0.0128 1.0000e-12 1.6939e+00 5.9036e-11     0.0096    99.7594      14875    35.6194    35.6214    19.0706    19.0637    25.4766    25.4799    255.294    3.78281 0.0000e+00
