Data/raw_excel/lovbio079b/CTD/out_c_198.cnv
* Sea-Bird SBE 9 Data File:
* FileName = C:\OUTPACE_CTD_Classik_DATA\out_c_198.hex
* Software Version Seasave V 7.23.1
* Temperature SN = 0970
* Conductivity SN = 0606
* Number of Bytes Per Scan = 40
* Number of Voltage Words = 5
* Number of Scans Averaged by the Deck Unit = 1
* NMEA Latitude = 18 29.47 S
* NMEA Longitude = 165 47.49 W
* NMEA UTC (Time) = Mar 28 2015  12:42:00
* NMEA baud rate = 4800
# nquan = 23
# nvalues = 628                         
# units = specified
# name 0 = prDM: Pressure, Digiquartz [db]
# name 1 = t090C: Temperature [ITS-90, deg C]
# name 2 = t190C: Temperature, 2 [ITS-90, deg C]
# name 3 = c0mS/cm: Conductivity [mS/cm]
# name 4 = c1mS/cm: Conductivity, 2 [mS/cm]
# name 5 = sbeox0V: Oxygen raw, SBE 43 [V]
# name 6 = modError: Modulo Error Count
# name 7 = flC: Fluorescence, Chelsea Aqua 3 Chl Con [ug/l]
# name 8 = par: PAR/Irradiance, Biospherical/Licor
# name 9 = spar: SPAR/Surface Irradiance
# name 10 = cpar: CPAR/Corrected Irradiance [%]
# name 11 = CStarAt0: Beam Attenuation, WET Labs C-Star [1/m]
# name 12 = CStarTr0: Beam Transmission, WET Labs C-Star [%]
# name 13 = scan: Scan Count
# name 14 = sal00: Salinity, Practical [PSU]
# name 15 = sal11: Salinity, Practical, 2 [PSU]
# name 16 = potemp090C: Potential Temperature [ITS-90, deg C]
# name 17 = potemp190C: Potential Temperature, 2 [ITS-90, deg C]
# name 18 = sigma-é00: Density [sigma-theta, kg/m^3]
# name 19 = sigma-é11: Density, 2 [sigma-theta, kg/m^3]
# name 20 = depSM: Depth [salt water, m], lat = -18.4912
# name 21 = sbeox0ML/L: Oxygen, SBE 43 [ml/l], WS = 2
# name 22 = flag: flag
# span 0 =      5.000,    319.000       
# span 1 =    16.1449,    29.1339       
# span 2 =    16.1417,    29.1357       
# span 3 =  44.431148,  57.821893       
# span 4 =  44.432062,  57.822070       
# span 5 =     1.8712,     2.7155       
# span 6 =          0,          0       
# span 7 =    -0.0033,     0.2931       
# span 8 = 1.0000e-12, 1.7209e-01       
# span 9 = 1.6939e+00, 1.6939e+00       
# span 10 = 5.9036e-11, 1.0159e+01      
# span 11 =     0.0079,     0.1022      
# span 12 =    97.4771,    99.8017      
# span 13 =        582,      50484      
# span 14 =    35.2155,    35.9405      
# span 15 =    35.2167,    35.9439      
# span 16 =    16.0939,    29.1294      
# span 17 =    16.0906,    29.1313      
# span 18 =    22.2137,    25.8918      
# span 19 =    22.2130,    25.8954      
# span 20 =      4.970,    316.835      
# span 21 =    3.60388,    4.77889      
# span 22 = 0.0000e+00, 0.0000e+00      
# interval = decibars: 1                
# start_time = Mar 28 2015 12:42:00 [NMEA time, header]
# bad_flag = -9.990e-29
*END*
[from data line 252]
    257.000    19.1932    19.1966  47.965364  47.968388     2.0196          0     0.0196 1.0000e-12 1.6939e+00 5.9036e-11     0.0139    99.6533       8780    35.6274    35.6270    19.1468    19.1502    25.4631    25.4620    255.294    3.76481 0.0000e+00
    258.000    19.1721    19.1753  47.941430  47.943982     2.0170          0     0.0211 1.0000e-12 1.6939e+00 5.9036e-11     0.0138    99.6552       8805    35.6251    35.6245    19.1255    19.1287    25.4669    25.4656    256.286    3.76177 0.0000e+00
    259.000    19.1443    19.1475  47.909397  47.912104     2.0155          0     0.0118 1.0000e-12 1.6939e+00 5.9036e-11     0.0139    99.6542       8834    35.6218    35.6214    19.0976    19.1008    25.4715    25.4703    257.279    3.76198 0.0000e+00
    260.000    19.1124    19.1160  47.870283  47.872706     2.0138          0     0.0119 1.0000e-12 1.6939e+00 5.9036e-11     0.0138    99.6561       8863    35.6161    35.6150    19.0656    19.0692    25.4754    25.4736    258.272    3.76201 0.0000e+00
    261.000    19.0725    19.0763  47.822982  47.824882     2.0133          0     0.0070 1.0000e-12 1.6939e+00 5.9036e-11     0.0135    99.6638       8889    35.6104    35.6087    19.0256    19.0294    25.4812    25.4790    259.265    3.76476 0.0000e+00
    262.000    19.0406    19.0438  47.786048  47.788965     2.0123          0    -0.0007 1.0000e-12 1.6939e+00 5.9036e-11     0.0136    99.6599       8911    35.6065    35.6061    18.9935    18.9968    25.4865    25.4854    260.257    3.76363 0.0000e+00
    263.000    19.0247    19.0276  47.767231  47.770329     2.0114          0     0.0043 1.0000e-12 1.6939e+00 5.9036e-11     0.0138    99.6561       8930    35.6040    35.6041    18.9775    18.9804    25.4887    25.4880    261.250    3.76483 0.0000e+00
    264.000    19.0102    19.0129  47.749767  47.752360     2.0114          0     0.0062 1.0000e-12 1.6939e+00 5.9036e-11     0.0138    99.6548       8948    35.6015    35.6013    18.9628    18.9656    25.4905    25.4897    262.243    3.76744 0.0000e+00
    265.000    18.9792    18.9827  47.709905  47.710285     2.0109          0     0.0073 1.0000e-12 1.6939e+00 5.9036e-11     0.0131    99.6716       8969    35.5943    35.5916    18.9317    18.9352    25.4930    25.4900    263.235    3.76669 0.0000e+00
    266.000    18.9238    18.9260  47.648801  47.650048     2.0102          0     0.0133 1.0000e-12 1.6939e+00 5.9036e-11     0.0134    99.6657       9002    35.5903    35.5894    18.8762    18.8785    25.5041    25.5028    264.228    3.77059 0.0000e+00
    267.000    18.8807    18.8840  47.592826  47.592243     2.0080          0     0.0208 1.0000e-12 1.6939e+00 5.9036e-11     0.0129    99.6775       9053    35.5799    35.5766    18.8331    18.8363    25.5072    25.5038    265.221    3.76311 0.0000e+00
    268.000    18.7889    18.7936  47.483782  47.484907     2.0046          0     0.0182 1.0000e-12 1.6939e+00 5.9036e-11     0.0128    99.6787       9078    35.5668    35.5637    18.7413    18.7459    25.5204    25.5169    266.214    3.75410 0.0000e+00
    269.000    18.7395    18.7448  47.425457  47.428183     2.0012          0     0.0168 1.0000e-12 1.6939e+00 5.9036e-11     0.0128    99.6799       9098    35.5599    35.5576    18.6917    18.6970    25.5277    25.5246    267.206    3.75492 0.0000e+00
    270.000    18.7086    18.7122  47.394953  47.398590     2.0003          0     0.0117 1.0000e-12 1.6939e+00 5.9036e-11     0.0129    99.6773       9117    35.5604    35.5603    18.6607    18.6643    25.5360    25.5350    268.199    3.76148 0.0000e+00
    271.000    18.7038    18.7064  47.389769  47.393704     1.9997          0     0.0077 1.0000e-12 1.6939e+00 5.9036e-11     0.0138    99.6562       9137    35.5598    35.5608    18.6557    18.6584    25.5368    25.5369    269.192    3.76102 0.0000e+00
    272.000    18.6941    18.6971  47.374819  47.377324     1.9986          0     0.0086 1.0000e-12 1.6939e+00 5.9036e-11     0.0130    99.6761       9158    35.5551    35.5547    18.6459    18.6489    25.5357    25.5346    270.184    3.75674 0.0000e+00
    273.000    18.6484    18.6530  47.319661  47.321729     1.9973          0     0.0135 1.0000e-12 1.6939e+00 5.9036e-11     0.0129    99.6785       9178    35.5476    35.5454    18.6001    18.6047    25.5415    25.5387    271.177    3.75711 0.0000e+00
    274.000    18.6141    18.6177  47.282132  47.285282     1.9955          0     0.0098 1.0000e-12 1.6939e+00 5.9036e-11     0.0128    99.6809       9201    35.5451    35.5447    18.5657    18.5693    25.5483    25.5471    272.170    3.74832 0.0000e+00
    275.000    18.5946    18.5974  47.259233  47.261647     1.9897          0     0.0062 1.0000e-12 1.6939e+00 5.9036e-11     0.0128    99.6799       9228    35.5423    35.5419    18.5460    18.5488    25.5511    25.5501    273.162    3.72811 0.0000e+00
    276.000    18.5685    18.5719  47.229637  47.232647     1.9831          0     0.0076 1.0000e-12 1.6939e+00 5.9036e-11     0.0128    99.6809       9257    35.5393    35.5390    18.5199    18.5232    25.5554    25.5543    274.155    3.71409 0.0000e+00
    277.000    18.5098    18.5134  47.154229  47.150540     1.9771          0     0.0090 1.0000e-12 1.6939e+00 5.9036e-11     0.0128    99.6799       9283    35.5258    35.5196    18.4611    18.4647    25.5599    25.5542    275.147    3.70315 0.0000e+00
    278.000    18.4214    18.4257  47.053531  47.054706     1.9711          0     0.0066 1.0000e-12 1.6939e+00 5.9036e-11     0.0128    99.6809       9311    35.5165    35.5138    18.3726    18.3769    25.5749    25.5718    276.140    3.69514 0.0000e+00
    279.000    18.3747    18.3790  47.000078  47.002651     1.9651          0     0.0080 1.0000e-12 1.6939e+00 5.9036e-11     0.0126    99.6853       9337    35.5112    35.5096    18.3258    18.3302    25.5826    25.5803    277.133    3.69182 0.0000e+00
    280.000    18.3160    18.3209  46.924980  46.925123     1.9645          0     0.0046 1.0000e-12 1.6939e+00 5.9036e-11     0.0125    99.6875       9360    35.4977    35.4936    18.2671    18.2720    25.5870    25.5826    278.125    3.70492 0.0000e+00
    281.000    18.2311    18.2370  46.826785  46.827758     1.9636          0     0.0075 1.0000e-12 1.6939e+00 5.9036e-11     0.0120    99.6999       9381    35.4873    35.4830    18.1822    18.1881    25.6001    25.5954    279.118    3.70373 0.0000e+00
    282.000    18.1740    18.1784  46.764750  46.766849     1.9610          0     0.0058 1.0000e-12 1.6939e+00 5.9036e-11     0.0120    99.6998       9403    35.4835    35.4815    18.1250    18.1294    25.6114    25.6088    280.111    3.69605 0.0000e+00
    283.000    18.1406    18.1448  46.726963  46.731111     1.9554          0    -0.0033 1.0000e-12 1.6939e+00 5.9036e-11     0.0118    99.7060       9437    35.4799    35.4798    18.0914    18.0956    25.6170    25.6159    281.103    3.68193 0.0000e+00
    284.000    18.0821    18.0906  46.653462  46.659207     1.9480          0     0.0054 1.0000e-12 1.6939e+00 5.9036e-11     0.0119    99.7040       9482    35.4674    35.4650    18.0329    18.0414    25.6220    25.6180    282.096    3.67074 0.0000e+00
    285.000    17.9924    17.9971  46.546864  46.546185     1.9451          0     0.0113 1.0000e-12 1.6939e+00 5.9036e-11     0.0118    99.7064       9509    35.4538    35.4491    17.9432    17.9479    25.6337    25.6290    283.089    3.67233 0.0000e+00
    286.000    17.9268    17.9321  46.465490  46.463300     1.9432          0     0.0079 1.0000e-12 1.6939e+00 5.9036e-11     0.0117    99.7093       9529    35.4407    35.4342    17.8776    17.8829    25.6398    25.6336    284.081    3.67173 0.0000e+00
    287.000    17.8364    17.8422  46.369152  46.371222     1.9404          0     0.0080 1.0000e-12 1.6939e+00 5.9036e-11     0.0118    99.7063       9547    35.4363    35.4329    17.7872    17.7930    25.6587    25.6547    285.074    3.67293 0.0000e+00
    288.000    17.8059    17.8092  46.332773  46.333179     1.9396          0     0.0121 1.0000e-12 1.6939e+00 5.9036e-11     0.0117    99.7078       9565    35.4311    35.4286    17.7566    17.7599    25.6623    25.6595    286.066    3.67796 0.0000e+00
    289.000    17.7703    17.7730  46.290512  46.292067     1.9387          0     0.0097 1.0000e-12 1.6939e+00 5.9036e-11     0.0114    99.7151       9583    35.4254    35.4244    17.7209    17.7236    25.6666    25.6652    287.059    3.67829 0.0000e+00
    290.000    17.7405    17.7433  46.257733  46.259808     1.9372          0     0.0069 1.0000e-12 1.6939e+00 5.9036e-11     0.0112    99.7219       9603    35.4228    35.4222    17.6909    17.6937    25.6720    25.6708    288.052    3.67229 0.0000e+00
    291.000    17.7202    17.7232  46.235649  46.239726     1.9335          0     0.0019 1.0000e-12 1.6939e+00 5.9036e-11     0.0110    99.7265       9634    35.4211    35.4220    17.6705    17.6736    25.6757    25.6756    289.044    3.66274 0.0000e+00
    292.000    17.7013    17.7065  46.213405  46.219108     1.9278          0     0.0055 1.0000e-12 1.6939e+00 5.9036e-11     0.0110    99.7253       9677    35.4180    35.4184    17.6515    17.6566    25.6780    25.6770    290.037    3.65004 0.0000e+00
    293.000    17.6622    17.6657  46.160223  46.159456     1.9251          0     0.0152 1.0000e-12 1.6939e+00 5.9036e-11     0.0112    99.7213       9704    35.4059    35.4023    17.6123    17.6158    25.6782    25.6746    291.029    3.65236 0.0000e+00
    294.000    17.5709    17.5759  46.058964  46.060109     1.9245          0     0.0134 1.0000e-12 1.6939e+00 5.9036e-11     0.0109    99.7278       9726    35.3978    35.3944    17.5210    17.5260    25.6942    25.6904    292.022    3.66115 0.0000e+00
    295.000    17.5267    17.5306  46.010712  46.013142     1.9239          0     0.0066 1.0000e-12 1.6939e+00 5.9036e-11     0.0108    99.7316       9747    35.3943    35.3930    17.4767    17.4806    25.7023    25.7003    293.014    3.65935 0.0000e+00
    296.000    17.5013    17.5049  45.982520  45.985903     1.9219          0     0.0100 1.0000e-12 1.6939e+00 5.9036e-11     0.0108    99.7309       9771    35.3917    35.3915    17.4512    17.4548    25.7065    25.7055    294.007    3.65487 0.0000e+00
    297.000    17.4952    17.4973  45.976290  45.979598     1.9191          0     0.0105 1.0000e-12 1.6939e+00 5.9036e-11     0.0107    99.7335       9803    35.3913    35.3923    17.4449    17.4470    25.7077    25.7080    294.999    3.64624 0.0000e+00
    298.000    17.4903    17.4934  45.970761  45.974971     1.9148          0     0.0071 1.0000e-12 1.6939e+00 5.9036e-11     0.0109    99.7284       9841    35.3904    35.3913    17.4399    17.4430    25.7082    25.7082    295.992    3.63575 0.0000e+00
    299.000    17.4424    17.4464  45.905232  45.903682     1.9129          0     0.0047 1.0000e-12 1.6939e+00 5.9036e-11     0.0107    99.7330       9866    35.3752    35.3703    17.3919    17.3959    25.7082    25.7035    296.985    3.63917 0.0000e+00
    300.000    17.3666    17.3712  45.823221  45.824967     1.9120          0     0.0062 1.0000e-12 1.6939e+00 5.9036e-11     0.0108    99.7301       9886    35.3700    35.3674    17.3161    17.3207    25.7225    25.7194    297.977    3.64189 0.0000e+00
    301.000    17.3129    17.3182  45.759965  45.762540     1.9102          0     0.0109 1.0000e-12 1.6939e+00 5.9036e-11     0.0107    99.7329       9905    35.3617    35.3593    17.2623    17.2677    25.7291    25.7259    298.970    3.63951 0.0000e+00
    302.000    17.2817    17.2855  45.722373  45.723437     1.9088          0     0.0175 1.0000e-12 1.6939e+00 5.9036e-11     0.0107    99.7329       9925    35.3559    35.3535    17.2310    17.2349    25.7322    25.7294    299.962    3.63841 0.0000e+00
    303.000    17.2155    17.2200  45.646217  45.645615     1.9066          0     0.0107 1.0000e-12 1.6939e+00 5.9036e-11     0.0107    99.7329       9950    35.3473    35.3429    17.1648    17.1693    25.7415    25.7370    300.955    3.63747 0.0000e+00
    304.000    17.1376    17.1369  45.557715  45.555914     1.9020          0     0.0073 1.0000e-12 1.6939e+00 5.9036e-11     0.0110    99.7256       9986    35.3381    35.3372    17.0869    17.0862    25.7531    25.7526    301.947    3.62516 0.0000e+00
    305.000    17.0715    17.0742  45.480299  45.479289     1.8954          0    -0.0020 1.0000e-12 1.6939e+00 5.9036e-11     0.0105    99.7371      10027    35.3282    35.3250    17.0208    17.0234    25.7613    25.7582    302.940    3.61359 0.0000e+00
    306.000    16.9872    16.9925  45.381911  45.383067     1.8922          0    -0.0013 1.0000e-12 1.6939e+00 5.9036e-11     0.0104    99.7410      10055    35.3159    35.3122    16.9365    16.9418    25.7719    25.7678    303.932    3.61780 0.0000e+00
    307.000    16.9237    16.9291  45.305603  45.306090     1.8905          0     0.0060 1.0000e-12 1.6939e+00 5.9036e-11     0.0107    99.7329      10076    35.3045    35.3002    16.8729    16.8783    25.7783    25.7737    304.925    3.61563 0.0000e+00
    308.000    16.8349    16.8426  45.201476  45.199915     1.8880          0     0.0094 1.0000e-12 1.6939e+00 5.9036e-11     0.0106    99.7345      10094    35.2910    35.2828    16.7842    16.7919    25.7889    25.7808    305.917    3.61787 0.0000e+00
    309.000    16.7251    16.7338  45.076266  45.075751     1.8872          0     0.0084 1.0000e-12 1.6939e+00 5.9036e-11     0.0106    99.7360      10111    35.2773    35.2692    16.6744    16.6831    25.8043    25.7959    306.910    3.63330 0.0000e+00
    310.000    16.6712    16.6761  45.019520  45.019768     1.8884          0     0.0076 1.0000e-12 1.6939e+00 5.9036e-11     0.0102    99.7445      10127    35.2744    35.2703    16.6205    16.6254    25.8147    25.8104    307.902    3.63857 0.0000e+00
    311.000    16.6170    16.6217  44.955413  44.954334     1.8865          0     0.0056 1.0000e-12 1.6939e+00 5.9036e-11     0.0102    99.7454      10145    35.2654    35.2603    16.5662    16.5709    25.8205    25.8155    308.895    3.62680 0.0000e+00
    312.000    16.6244    16.6450  44.971996  45.004332     1.8794          0     0.0056 1.0000e-12 1.6939e+00 5.9036e-11     0.0101    99.7474      10195    35.2731    35.2834    16.5734    16.5940    25.8248    25.8278    309.887    3.60887 0.0000e+00
    313.000    16.5612    16.6059  44.889511  44.914391     1.8742          0     0.0079 1.0000e-12 1.6939e+00 5.9036e-11     0.0097    99.7564      10243    35.2557    35.2383    16.5103    16.5548    25.8262    25.8024    310.880    3.60388 0.0000e+00
    314.000    16.4783    16.4825  44.797913  44.797368     1.8730          0     0.0080 1.0000e-12 1.6939e+00 5.9036e-11     0.0104    99.7410      10263    35.2477    35.2435    16.4273    16.4315    25.8394    25.8352    311.872    3.60782 0.0000e+00
    315.000    16.3974    16.4037  44.703223  44.701855     1.8713          0     0.0014 1.0000e-12 1.6939e+00 5.9036e-11     0.0099    99.7530      10283    35.2350    35.2283    16.3464    16.3527    25.8485    25.8418    312.865    3.61181 0.0000e+00
    316.000    16.3216    16.3254  44.624128  44.628091     1.8712          0     0.0003 1.0000e-12 1.6939e+00 5.9036e-11     0.0100    99.7487      10313    35.2316    35.2317    16.2706    16.2744    25.8634    25.8627    313.857    3.62504 0.0000e+00
    317.000    16.2621    16.2639  44.557053  44.558598     1.8729          0     0.0042 1.0000e-12 1.6939e+00 5.9036e-11     0.0099    99.7526      10358    35.2244    35.2241    16.2111    16.2129    25.8717    25.8710    314.850    3.63366 0.0000e+00
    318.000    16.2099    16.2121  44.498704  44.499062     1.8725          0     0.0034 1.0000e-12 1.6939e+00 5.9036e-11     0.0098    99.7555      10420    35.2183    35.2167    16.1589    16.1611    25.8791    25.8773    315.842    3.63547 0.0000e+00
