Data/raw_excel/lovbio079b/CTD/out_c_198.cnv
* Sea-Bird SBE 9 Data File:
* FileName = C:\OUTPACE_CTD_Classik_DATA\out_c_198.hex
* Software Version Seasave V 7.23.1
* Temperature SN = 0970
* Conductivity SN = 0606
* Number of Bytes Per Scan = 40
* Number of Voltage Words = 5
* Number of Scans Averaged by the Deck Unit = 1
* NMEA Latitude = 18 29.47 S
* NMEA Longitude = 165 47.49 W
* NMEA UTC (Time) = Mar 28 2015  12:42:00
* NMEA baud rate = 4800
# nquan = 23
# nvalues = 628                         
# units = specified
# name 0 = prDM: Pressure, Digiquartz [db]
# name 1 = t090C: Temperature [ITS-90, deg C]
# name 2 = t190C: Temperature, 2 [ITS-90, deg C]
# name 3 = c0mS/cm: Conductivity [mS/cm]
# name 4 = c1mS/cm: Conductivity, 2 [mS/cm]
# name 5 = sbeox0V: Oxygen raw, SBE 43 [V]
# name 6 = modError: Modulo Error Count
# name 7 = flC: Fluorescence, Chelsea Aqua 3 Chl Con [ug/l]
# name 8 = par: PAR/Irradiance, Biospherical/Licor
# name 9 = spar: SPAR/Surface Irradiance
# name 10 = cpar: CPAR/Corrected Irradiance [%]
# name 11 = CStarAt0: Beam Attenuation, WET Labs C-Star [1/m]
# name 12 = CStarTr0: Beam Transmission, WET Labs C-Star [%]
# name 13 = scan: Scan Count
# name 14 = sal00: Salinity, Practical [PSU]
# name 15 = sal11: Salinity, Practical, 2 [PSU]
# name 16 = potemp090C: Potential Temperature [ITS-90, deg C]
# name 17 = potemp190C: Potential Temperature, 2 [ITS-90, deg C]
# name 18 = sigma-é00: Density [sigma-theta, kg/m^3]
# name 19 = sigma-é11: Density, 2 [sigma-theta, kg/m^3]
# name 20 = depSM: Depth [salt water, m], lat = -18.4912
# name 21 = sbeox0ML/L: Oxygen, SBE 43 [ml/l], WS = 2
# name 22 = flag: flag
# span 0 =      5.000,    319.000       
# span 1 =    16.1449,    29.1339       
# span 2 =    16.1417,    29.1357       
# span 3 =  44.431148,  57.821893       
# span 4 =  44.432062,  57.822070       
# span 5 =     1.8712,     2.7155       
# span 6 =          0,          0       
# span 7 =    -0.0033,     0.2931       
# span 8 = 1.0000e-12, 1.7209e-01       
# span 9 = 1.6939e+00, 1.6939e+00       
# span 10 = 5.9036e-11, 1.0159e+01      
# span 11 =     0.0079,     0.1022      
# span 12 =    97.4771,    99.8017      
# span 13 =        582,      50484      
# span 14 =    35.2155,    35.9405      
# span 15 =    35.2167,    35.9439      
# span 16 =    16.0939,    29.1294      
# span 17 =    16.0906,    29.1313      
# span 18 =    22.2137,    25.8918      
# span 19 =    22.2130,    25.8954      
# span 20 =      4.970,    316.835      
# span 21 =    3.60388,    4.77889      
# span 22 = 0.0000e+00, 0.0000e+00      
# interval = decibars: 1                
# start_time = Mar 28 2015 12:42:00 [NMEA time, header]
# bad_flag = -9.990e-29
*END*
[from data line 63]
     68.000    25.3424    25.3458  54.462457  54.462806     2.6601          0     0.0407 1.0000e-12 1.6939e+00 5.9036e-11     0.0382    99.0497       3828    35.7413    35.7389    25.3275    25.3309    23.8013    23.7984     67.579    4.71886 0.0000e+00
     69.000    25.3139    25.3174  54.427875  54.427261     2.6590          0     0.0408 1.0000e-12 1.6939e+00 5.9036e-11     0.0381    99.0523       3848    35.7379    35.7347    25.2988    25.3023    23.8076    23.8040     68.573    4.71568 0.0000e+00
     70.000    25.2645    25.2685  54.373263  54.371277     2.6554          0     0.0411 1.0000e-12 1.6939e+00 5.9036e-11     0.0377    99.0628       3866    35.7361    35.7315    25.2491    25.2532    23.8215    23.8167     69.567    4.70395 0.0000e+00
     71.000    25.1510    25.1586  54.257811  54.260312     2.6476          0     0.0401 1.0000e-12 1.6939e+00 5.9036e-11     0.0376    99.0635       3888    35.7398    35.7356    25.1355    25.1431    23.8591    23.8536     70.560    4.69536 0.0000e+00
     72.000    25.1972    25.2619  54.316380  54.382286     2.6331          0     0.0480 1.0000e-12 1.6939e+00 5.9036e-11     0.0381    99.0511       3954    35.7464    35.7442    25.1815    25.2462    23.8500    23.8284     71.554    4.66961 0.0000e+00
     73.000    25.0250    25.0303  54.113290  54.096505     2.6326          0     0.0506 1.0000e-12 1.6939e+00 5.9036e-11     0.0383    99.0458       3981    35.7314    35.7147    25.0091    25.0144    23.8913    23.8770     72.548    4.68634 0.0000e+00
     74.000    24.8769    24.8846  53.975855  53.974348     2.6296          0     0.0502 1.0000e-12 1.6939e+00 5.9036e-11     0.0383    99.0449       4000    35.7459    35.7387    24.8608    24.8685    23.9475    23.9397     73.541    4.68138 0.0000e+00
     75.000    24.8186    24.8230  53.921116  53.920377     2.6242          0     0.0521 1.0000e-12 1.6939e+00 5.9036e-11     0.0384    99.0434       4018    35.7510    35.7470    24.8024    24.8068    23.9690    23.9647     74.535    4.67367 0.0000e+00
     76.000    24.7359    24.7401  53.831034  53.826408     2.6191          0     0.0568 1.0000e-12 1.6939e+00 5.9036e-11     0.0382    99.0501       4041    35.7490    35.7422    24.7195    24.7237    23.9926    23.9863     75.528    4.67086 0.0000e+00
     77.000    24.6634    24.6639  53.785877  53.786153     2.6118          0     0.0564 1.0000e-12 1.6939e+00 5.9036e-11     0.0378    99.0607       4075    35.7726    35.7724    24.6468    24.6473    24.0325    24.0322     76.522    4.65621 0.0000e+00
     78.000    24.5885    24.5911  53.720181  53.720621     2.5992          0     0.0607 1.0000e-12 1.6939e+00 5.9036e-11     0.0376    99.0635       4117    35.7826    35.7809    24.5717    24.5743    24.0628    24.0607     77.516    4.63814 0.0000e+00
     79.000    24.5650    24.5681  53.696785  53.698385     2.5941          0     0.0524 1.0000e-12 1.6939e+00 5.9036e-11     0.0373    99.0714       4145    35.7835    35.7822    24.5480    24.5511    24.0706    24.0687     78.509    4.63120 0.0000e+00
     80.000    24.5699    24.5714  53.717992  53.719610     2.5911          0     0.0487 1.0000e-12 1.6939e+00 5.9036e-11     0.0371    99.0767       4166    35.7952    35.7951    24.5527    24.5543    24.0780    24.0775     79.503    4.63089 0.0000e+00
     81.000    24.5021    24.5082  53.634094  53.630463     2.5914          0     0.0501 1.0000e-12 1.6939e+00 5.9036e-11     0.0364    99.0951       4186    35.7859    35.7783    24.4848    24.4909    24.0915    24.0839     80.496    4.64350 0.0000e+00
     82.000    24.4385    24.4419  53.583200  53.584330     2.5911          0     0.0532 1.0000e-12 1.6939e+00 5.9036e-11     0.0365    99.0920       4210    35.7981    35.7962    24.4210    24.4244    24.1199    24.1174     81.490    4.63545 0.0000e+00
     83.000    24.4185    24.4208  53.563808  53.564466     2.5819          0     0.0532 1.0000e-12 1.6939e+00 5.9036e-11     0.0364    99.0942       4243    35.7991    35.7978    24.4008    24.4030    24.1267    24.1251     82.484    4.61470 0.0000e+00
     84.000    24.3924    24.3946  53.530662  53.530824     2.5778          0     0.0568 1.0000e-12 1.6939e+00 5.9036e-11     0.0359    99.1058       4276    35.7948    35.7931    24.3744    24.3767    24.1314    24.1294     83.477    4.61619 0.0000e+00
     85.000    24.3287    24.3362  53.432141  53.421941     2.5749          0     0.0610 1.0000e-12 1.6939e+00 5.9036e-11     0.0360    99.1033       4306    35.7710    35.7574    24.3106    24.3180    24.1325    24.1200     84.471    4.60833 0.0000e+00
     86.000    24.0653    24.0760  53.139345  53.141215     2.5683          0     0.0743 1.0000e-12 1.6939e+00 5.9036e-11     0.0356    99.1129       4329    35.7604    35.7533    24.0472    24.0578    24.2032    24.1946     85.464    4.61380 0.0000e+00
     87.000    24.0585    24.0612  53.141751  53.144027     2.5657          0     0.0831 1.0000e-12 1.6939e+00 5.9036e-11     0.0354    99.1186       4348    35.7674    35.7670    24.0401    24.0428    24.2105    24.2095     86.458    4.61424 0.0000e+00
     88.000    24.0020    24.0080  53.082847  53.084930     2.5634          0     0.0869 1.0000e-12 1.6939e+00 5.9036e-11     0.0351    99.1244       4367    35.7678    35.7646    23.9834    23.9894    24.2277    24.2235     87.451    4.60798 0.0000e+00
     89.000    23.9987    24.0001  53.114550  53.115963     2.5551          0     0.0919 1.0000e-12 1.6939e+00 5.9036e-11     0.0352    99.1240       4389    35.7942    35.7941    23.9799    23.9813    24.2487    24.2483     88.445    4.57104 0.0000e+00
     90.000    24.0060    24.0093  53.129611  53.135415     2.5286          0     0.0861 1.0000e-12 1.6939e+00 5.9036e-11     0.0353    99.1217       4426    35.7994    35.8012    23.9870    23.9903    24.2506    24.2509     89.439    4.50659 0.0000e+00
     91.000    24.0556    24.0585  53.239044  53.248429     2.5131          0     0.0833 1.0000e-12 1.6939e+00 5.9036e-11     0.0358    99.1095       4463    35.8422    35.8470    24.0363    24.0392    24.2683    24.2711     90.432    4.48861 0.0000e+00
     92.000    24.0759    24.0789  53.310333  53.313585     2.5077          0     0.0855 1.0000e-12 1.6939e+00 5.9036e-11     0.0357    99.1118       4490    35.8795    35.8796    24.0564    24.0594    24.2906    24.2898     91.426    4.47752 0.0000e+00
     93.000    24.0142    24.0194  53.252292  53.253180     2.5019          0     0.0899 1.0000e-12 1.6939e+00 5.9036e-11     0.0349    99.1300       4516    35.8849    35.8814    23.9946    23.9998    24.3131    24.3089     92.419    4.47642 0.0000e+00
     94.000    23.9831    23.9871  53.219517  53.219658     2.5031          0     0.0945 1.0000e-12 1.6939e+00 5.9036e-11     0.0343    99.1461       4541    35.8847    35.8816    23.9633    23.9673    24.3223    24.3187     93.413    4.48982 0.0000e+00
     95.000    23.9329    23.9368  53.164142  53.164513     2.5028          0     0.0934 1.0000e-12 1.6939e+00 5.9036e-11     0.0341    99.1522       4564    35.8829    35.8800    23.9128    23.9167    24.3358    24.3325     94.406    4.48361 0.0000e+00
     96.000    23.8976    23.9020  53.127170  53.129658     2.4981          0     0.0872 1.0000e-12 1.6939e+00 5.9036e-11     0.0357    99.1109       4583    35.8829    35.8812    23.8774    23.8818    24.3463    24.3438     95.400    4.47187 0.0000e+00
     97.000    23.8901    23.8933  53.124167  53.126440     2.4954          0     0.0899 1.0000e-12 1.6939e+00 5.9036e-11     0.0343    99.1466       4602    35.8863    35.8854    23.8697    23.8729    24.3512    24.3496     96.393    4.46945 0.0000e+00
     98.000    23.8866    23.8892  53.125678  53.128545     2.4909          0     0.0935 1.0000e-12 1.6939e+00 5.9036e-11     0.0341    99.1524       4624    35.8899    35.8900    23.8660    23.8686    24.3551    24.3543     97.387    4.44715 0.0000e+00
     99.000    23.8828    23.8852  53.135010  53.138397     2.4785          0     0.0924 1.0000e-12 1.6939e+00 5.9036e-11     0.0334    99.1694       4659    35.8998    35.9004    23.8620    23.8644    24.3637    24.3635     98.380    4.42949 0.0000e+00
    100.000    23.8885    23.8910  53.162014  53.165706     2.4737          0     0.1071 1.0000e-12 1.6939e+00 5.9036e-11     0.0340    99.1551       4703    35.9154    35.9162    23.8674    23.8699    24.3740    24.3738     99.374    4.42983 0.0000e+00
    101.000    23.8739    23.8775  53.146697  53.146595     2.4742          0     0.1144 1.0000e-12 1.6939e+00 5.9036e-11     0.0334    99.1694       4733    35.9152    35.9122    23.8527    23.8563    24.3781    24.3748    100.367    4.43156 0.0000e+00
    102.000    23.8125    23.8175  53.068739  53.066941     2.4732          0     0.1169 1.0000e-12 1.6939e+00 5.9036e-11     0.0337    99.1612       4754    35.9051    35.8997    23.7911    23.7961    24.3888    24.3832    101.361    4.43332 0.0000e+00
    103.000    23.7002    23.7071  52.917429  52.910708     2.4714          0     0.1188 1.0000e-12 1.6939e+00 5.9036e-11     0.0339    99.1571       4774    35.8802    35.8695    23.6787    23.6855    24.4031    24.3929    102.354    4.43423 0.0000e+00
    104.000    23.6043    23.6101  52.803301  52.804314     2.4682          0     0.1206 1.0000e-12 1.6939e+00 5.9036e-11     0.0336    99.1644       4796    35.8703    35.8664    23.5826    23.5884    24.4239    24.4192    103.348    4.43221 0.0000e+00
    105.000    23.5562    23.5612  52.739356  52.739461     2.4633          0     0.1243 1.0000e-12 1.6939e+00 5.9036e-11     0.0360    99.1050       4822    35.8600    35.8561    23.5343    23.5393    24.4302    24.4258    104.341    4.42553 0.0000e+00
    106.000    23.5103    23.5142  52.687943  52.690134     2.4590          0     0.1301 1.0000e-12 1.6939e+00 5.9036e-11     0.0355    99.1177       4847    35.8575    35.8561    23.4883    23.4921    24.4418    24.4396    105.335    4.41946 0.0000e+00
    107.000    23.5242    23.5252  52.720458  52.723473     2.4555          0     0.1427 1.0000e-12 1.6939e+00 5.9036e-11     0.0342    99.1484       4869    35.8708    35.8723    23.5020    23.5029    24.4479    24.4488    106.328    4.41015 0.0000e+00
    108.000    23.5311    23.5337  52.731415  52.733660     2.4506          0     0.1412 1.0000e-12 1.6939e+00 5.9036e-11     0.0342    99.1483       4891    35.8733    35.8729    23.5086    23.5112    24.4479    24.4468    107.322    4.39532 0.0000e+00
    109.000    23.5090    23.5115  52.708961  52.710133     2.4444          0     0.1453 1.0000e-12 1.6939e+00 5.9036e-11     0.0340    99.1545       4917    35.8737    35.8726    23.4863    23.4888    24.4547    24.4531    108.315    4.38816 0.0000e+00
    110.000    23.4673    23.4673  52.674408  52.672058     2.4394          0     0.1487 1.0000e-12 1.6939e+00 5.9036e-11     0.0343    99.1456       4954    35.8807    35.8789    23.4444    23.4445    24.4723    24.4709    109.308    4.37960 0.0000e+00
    111.000    23.3639    23.3650  52.543791  52.539349     2.4329          0     0.1454 1.0000e-12 1.6939e+00 5.9036e-11     0.0344    99.1447       4992    35.8641    35.8598    23.3409    23.3420    24.4900    24.4864    110.302    4.37465 0.0000e+00
    112.000    23.2800    23.2880  52.428774  52.428851     2.4281          0     0.1506 1.0000e-12 1.6939e+00 5.9036e-11     0.0345    99.1420       5020    35.8435    35.8371    23.2569    23.2648    24.4989    24.4917    111.295    4.36928 0.0000e+00
    113.000    23.2444    23.2483  52.412394  52.419332     2.4241          0     0.1451 1.0000e-12 1.6939e+00 5.9036e-11     0.0347    99.1357       5044    35.8595    35.8617    23.2211    23.2250    24.5215    24.5220    112.289    4.36190 0.0000e+00
    114.000    23.2635    23.2658  52.444475  52.447960     2.4193          0     0.1499 1.0000e-12 1.6939e+00 5.9036e-11     0.0354    99.1172       5066    35.8683    35.8692    23.2400    23.2422    24.5226    24.5226    113.282    4.34867 0.0000e+00
    115.000    23.2652    23.2680  52.449070  52.452064     2.4146          0     0.1623 1.0000e-12 1.6939e+00 5.9036e-11     0.0345    99.1421       5088    35.8701    35.8702    23.2415    23.2442    24.5236    24.5229    114.276    4.34108 0.0000e+00
    116.000    23.2509    23.2545  52.427876  52.428661     2.4124          0     0.1691 1.0000e-12 1.6939e+00 5.9036e-11     0.0351    99.1253       5111    35.8652    35.8628    23.2269    23.2305    24.5241    24.5212    115.269    4.34568 0.0000e+00
    117.000    23.1815    23.1865  52.338780  52.339091     2.4122          0     0.1748 1.0000e-12 1.6939e+00 5.9036e-11     0.0352    99.1243       5132    35.8527    35.8488    23.1574    23.1624    24.5348    24.5304    116.263    4.35135 0.0000e+00
    118.000    23.1501    23.1538  52.314921  52.317417     2.4110          0     0.1747 1.0000e-12 1.6939e+00 5.9036e-11     0.0362    99.0991       5152    35.8595    35.8584    23.1258    23.1295    24.5492    24.5473    117.256    4.35036 0.0000e+00
    119.000    23.1368    23.1398  52.306323  52.308788     2.4101          0     0.1703 1.0000e-12 1.6939e+00 5.9036e-11     0.0355    99.1150       5171    35.8634    35.8629    23.1123    23.1153    24.5560    24.5548    118.249    4.34870 0.0000e+00
    120.000    23.1339    23.1365  52.307586  52.311201     2.4075          0     0.1681 1.0000e-12 1.6939e+00 5.9036e-11     0.0359    99.1071       5193    35.8664    35.8670    23.1092    23.1118    24.5592    24.5590    119.243    4.33766 0.0000e+00
    121.000    23.1391    23.1455  52.317746  52.324420     2.3974          0     0.1771 1.0000e-12 1.6939e+00 5.9036e-11     0.0353    99.1210       5239    35.8696    35.8696    23.1142    23.1206    24.5602    24.5584    120.236    4.30807 0.0000e+00
    122.000    23.1461    23.1535  52.333738  52.337885     2.3847          0     0.2095 1.0000e-12 1.6939e+00 5.9036e-11     0.0355    99.1159       5288    35.8760    35.8731    23.1209    23.1284    24.5631    24.5587    121.230    4.28490 0.0000e+00
    123.000    23.1141    23.1166  52.302544  52.302901     2.3827          0     0.2291 1.0000e-12 1.6939e+00 5.9036e-11     0.0357    99.1110       5311    35.8776    35.8758    23.0888    23.0913    24.5737    24.5715    122.223    4.29067 0.0000e+00
    124.000    23.0826    23.0862  52.264915  52.268075     2.3820          0     0.2376 1.0000e-12 1.6939e+00 5.9036e-11     0.0361    99.1005       5330    35.8739    35.8734    23.0572    23.0607    24.5800    24.5786    123.216    4.29000 0.0000e+00
    125.000    23.0241    23.0327  52.209779  52.210612     2.3802          0     0.2410 1.0000e-12 1.6939e+00 5.9036e-11     0.0359    99.1068       5348    35.8787    35.8723    22.9985    23.0071    24.6006    24.5933    124.210    4.28514 0.0000e+00
    126.000    22.9757    22.9802  52.155908  52.157499     2.3760          0     0.2410 1.0000e-12 1.6939e+00 5.9036e-11     0.0363    99.0966       5367    35.8762    35.8738    22.9499    22.9543    24.6128    24.6097    125.203    4.27774 0.0000e+00
    127.000    22.9626    22.9656  52.145849  52.148892     2.3728          0     0.2387 1.0000e-12 1.6939e+00 5.9036e-11     0.0366    99.0901       5388    35.8788    35.8787    22.9366    22.9396    24.6186    24.6177    126.196    4.27219 0.0000e+00
    128.000    22.9614    22.9640  52.145368  52.148419     2.3656          0     0.2423 1.0000e-12 1.6939e+00 5.9036e-11     0.0366    99.0882       5416    35.8791    35.8793    22.9352    22.9378    24.6193    24.6187    127.190    4.24614 0.0000e+00
    129.000    22.9608    22.9632  52.145117  52.148210     2.3514          0     0.2694 1.0000e-12 1.6939e+00 5.9036e-11     0.0367    99.0874       5450    35.8791    35.8795    22.9344    22.9368    24.6195    24.6191    128.183    4.20623 0.0000e+00
