Data/raw_excel/lovbio017b/CTD/dewex2013_dew_leg2_20.cnv
* Sea-Bird SBE 9 Data File:
* FileName = C:\CTD\Work\raw\dewex2013_dew_leg2_20.hdr
* Software Version Seasave V 7.21d
* Temperature SN = 031016
* Conductivity SN = 041075
* Number of Bytes Per Scan = 37
* Number of Voltage Words = 4
* Number of Scans Averaged by the Deck Unit = 1
* NMEA Latitude = 41 39.03 N
* NMEA Longitude = 004 47.02 E
* NMEA UTC (Time) = Apr 09 2013 02:48:37
** Ship:
** Station:
** Operator:
# nquan = 24
# nvalues = 5091                        
# units = specified
# name 0 = prDM: Pressure, Digiquartz [db]
# name 1 = t090C: Temperature [ITS-90, deg C]
# name 2 = c0S/m: Conductivity [S/m]
# name 3 = sbeox0V: Oxygen raw, SBE 43 [V]
# name 4 = flC: Fluorescence, Chelsea Aqua 3 Chl Con [ug/l]
# name 5 = v4: Voltage 4
# name 6 = timeJ: Julian Days
# name 7 = latitude: Latitude [deg]
# name 8 = longitude: Longitude [deg]
# name 9 = altM: Altimeter [m]
# name 10 = par: PAR/Irradiance, Biospherical/Licor
# name 11 = wetCDOM: Fluorescence, WET Labs CDOM [mg/m^3]
# name 12 = xmiss: Beam Transmission, Chelsea/Seatech [%]
# name 13 = t190C: Temperature, 2 [ITS-90, deg C]
# name 14 = c1S/m: Conductivity, 2 [S/m]
# name 15 = potemp090C: Potential Temperature [ITS-90, deg C]
# name 16 = sal00: Salinity, Practical [PSU]
# name 17 = sigma-é00: Density [sigma-theta, Kg/m^3]
# name 18 = potemp190C: Potential Temperature, 2 [ITS-90, deg C]
# name 19 = sal11: Salinity, Practical, 2 [PSU]
# name 20 = sigma-é11: Density, 2 [sigma-theta, Kg/m^3]
# name 21 = sbeox0ML/L: Oxygen, SBE 43 [ml/l], WS = 2
# name 22 = sbeox0Mm/Kg: Oxygen, SBE 43 [umol/Kg], WS = 2
# name 23 = flag: flag
# span 0 =      1.000,   2546.000       
# span 1 =    13.0068,    13.2997       
# span 2 =   4.456246,   4.603808       
# span 3 =     1.6072,     2.3252       
# span 4 =    -0.0089,     0.8078       
# span 5 =     0.0122,     4.9634       
# span 6 =  99.121078,  99.191037       
# span 7 =   41.64058,   41.65042       
# span 8 =    4.78533,    4.80074       
# span 9 =       0.02,      50.36       
# span 10 = 1.0000e-12, 8.3409e-01      
# span 11 =     0.3549,     0.8957      
# span 12 =    84.8571,    91.2880      
# span 13 =    13.0071,    13.3006      
# span 14 =   4.456440,   4.604303      
# span 15 =    12.8937,    13.1905      
# span 16 =    38.3721,    38.5338      
# span 17 =    28.9759,    29.1231      
# span 18 =    12.8945,    13.1857      
# span 19 =    38.3731,    38.5471      
# span 20 =    28.9795,    29.1535      
# span 21 =    3.98592,    5.37559      
# span 22 =    172.951,    233.278      
# span 23 = 0.0000e+00, 0.0000e+00      
# interval = decibars: 1                
# start_time = Apr 09 2013 02:48:37 [NMEA time, header]
# bad_flag = -9.990e-29
*END*
[from data line 1691]
   1692.000    13.1491   4.551308     1.6899     0.0002     0.1600  99.142075   41.64846    4.79129       0.05 1.0000e-12     0.6721    91.2705    13.1501   4.551738    12.8947    38.4836    29.1166    12.8957    38.4867    29.1188    4.33005    187.881 0.0000e+00
   1693.000    13.1494   4.551388     1.6905    -0.0014     0.1490  99.142090   41.64846    4.79130       0.05 1.0000e-12     0.6001    91.2736    13.1504   4.551816    12.8948    38.4837    29.1166    12.8957    38.4868    29.1188    4.32606    187.708 0.0000e+00
   1694.000    13.1499   4.551503     1.6905    -0.0017     0.1509  99.142104   41.64846    4.79130       0.05 1.0000e-12     0.6677    91.2710    13.1508   4.551931    12.8952    38.4838    29.1166    12.8960    38.4871    29.1190    4.32428    187.630 0.0000e+00
   1695.000    13.1502   4.551579     1.6903    -0.0024     0.1765  99.142116   41.64846    4.79131       0.05 1.0000e-12     0.6129    91.2696    13.1510   4.552003    12.8952    38.4839    29.1167    12.8961    38.4871    29.1190    4.32305    187.577 0.0000e+00
   1696.000    13.1503   4.551638     1.6903    -0.0025     0.1634  99.142127   41.64846    4.79132       0.05 1.0000e-12     0.5814    91.2717    13.1512   4.552055    12.8953    38.4839    29.1167    12.8961    38.4870    29.1189    4.32975    187.868 0.0000e+00
   1697.000    13.1505   4.551697     1.6909    -0.0027     0.1485  99.142139   41.64846    4.79132       0.05 1.0000e-12     0.6647    91.2661    13.1514   4.552106    12.8952    38.4839    29.1167    12.8961    38.4869    29.1188    4.32942    187.853 0.0000e+00
   1698.000    13.1507   4.551759     1.6907    -0.0007     0.1501  99.142154   41.64846    4.79133       0.05 1.0000e-12     0.5876    91.2701    13.1516   4.552174    12.8952    38.4839    29.1167    12.8961    38.4869    29.1188    4.32498    187.661 0.0000e+00
   1699.000    13.1510   4.551837     1.6898    -0.0009     0.1773  99.142169   41.64846    4.79134       0.05 1.0000e-12     0.6264    91.2670    13.1518   4.552240    12.8954    38.4839    29.1167    12.8962    38.4869    29.1188    4.31607    187.274 0.0000e+00
   1700.000    13.1511   4.551891     1.6894    -0.0022     0.1572  99.142182   41.64846    4.79134       0.05 1.0000e-12     0.6260    91.2670    13.1520   4.552314    12.8954    38.4839    29.1166    12.8962    38.4871    29.1189    4.32743    187.767 0.0000e+00
   1701.000    13.1513   4.551956     1.6898    -0.0020     0.1420  99.142193   41.64846    4.79136       0.05 1.0000e-12     0.6525    91.2660    13.1521   4.552374    12.8954    38.4839    29.1167    12.8962    38.4870    29.1189    4.32401    187.619 0.0000e+00
   1702.000    13.1513   4.552011     1.6892    -0.0042     0.1560  99.142204   41.64846    4.79136       0.05 1.0000e-12     0.6856    91.2646    13.1523   4.552429    12.8953    38.4840    29.1167    12.8963    38.4870    29.1189    4.31816    187.365 0.0000e+00
   1703.000    13.1516   4.552070     1.6886    -0.0028     0.1496  99.142218   41.64846    4.79137       0.05 1.0000e-12     0.6900    91.2620    13.1524   4.552482    12.8954    38.4839    29.1166    12.8962    38.4870    29.1189    4.32146    187.508 0.0000e+00
   1704.000    13.1517   4.552131     1.6884     0.0008     0.1511  99.142235   41.64846    4.79138       0.05 1.0000e-12     0.6950    91.2688    13.1526   4.552551    12.8954    38.4839    29.1167    12.8963    38.4870    29.1189    4.32068    187.474 0.0000e+00
   1705.000    13.1520   4.552195     1.6884     0.0007     0.1604  99.142248   41.64846    4.79138       0.05 1.0000e-12     0.5474    91.2699    13.1527   4.552618    12.8955    38.4838    29.1166    12.8962    38.4872    29.1190    4.32380    187.610 0.0000e+00
   1706.000    13.1521   4.552246     1.6884    -0.0011     0.1589  99.142259   41.64846    4.79138       0.05 1.0000e-12     0.5130    91.2663    13.1530   4.552682    12.8954    38.4838    29.1166    12.8963    38.4871    29.1189    4.32435    187.634 0.0000e+00
   1707.000    13.1522   4.552310     1.6886    -0.0015     0.1394  99.142270   41.64846    4.79139       0.05 1.0000e-12     0.5417    91.2679    13.1531   4.552727    12.8953    38.4840    29.1167    12.8963    38.4870    29.1189    4.32625    187.716 0.0000e+00
   1708.000    13.1523   4.552366     1.6885     0.0004     0.1496  99.142283   41.64846    4.79140       0.05 1.0000e-12     0.5983    91.2642    13.1533   4.552788    12.8953    38.4840    29.1167    12.8963    38.4870    29.1189    4.32383    187.611 0.0000e+00
   1709.000    13.1526   4.552435     1.6883     0.0004     0.1543  99.142298   41.64844    4.79140       0.05 1.0000e-12     0.7022    91.2647    13.1535   4.552839    12.8955    38.4839    29.1166    12.8963    38.4868    29.1188    4.32491    187.658 0.0000e+00
   1710.000    13.1529   4.552520     1.6885    -0.0015     0.1576  99.142313   41.64844    4.79142       0.05 1.0000e-12     0.6956    91.2634    13.1538   4.552934    12.8955    38.4840    29.1167    12.8965    38.4870    29.1188    4.32449    187.639 0.0000e+00
   1711.000    13.1531   4.552576     1.6880    -0.0013     0.1575  99.142326   41.64844    4.79142       0.05 1.0000e-12     0.6844    91.2641    13.1539   4.552993    12.8956    38.4839    29.1166    12.8964    38.4871    29.1189    4.32305    187.577 0.0000e+00
   1712.000    13.1533   4.552649     1.6881    -0.0032     0.1575  99.142337   41.64844    4.79143       0.05 1.0000e-12     0.7332    91.2637    13.1542   4.553072    12.8956    38.4840    29.1167    12.8965    38.4871    29.1189    4.32809    187.796 0.0000e+00
   1713.000    13.1534   4.552702     1.6884    -0.0039     0.1491  99.142348   41.64844    4.79144       0.05 1.0000e-12     0.6561    91.2600    13.1543   4.553121    12.8956    38.4840    29.1167    12.8965    38.4871    29.1189    4.32850    187.814 0.0000e+00
   1714.000    13.1535   4.552753     1.6884    -0.0027     0.1416  99.142362   41.64844    4.79144       0.05 1.0000e-12     0.7072    91.2607    13.1545   4.553175    12.8955    38.4840    29.1167    12.8965    38.4870    29.1188    4.32940    187.853 0.0000e+00
   1715.000    13.1545   4.552912     1.6885    -0.0054     0.1526  99.142377   41.64844    4.79145       0.05 1.0000e-12     0.7279    91.2658    13.1555   4.553347    12.8963    38.4841    29.1166    12.8973    38.4873    29.1189    4.32529    187.674 0.0000e+00
   1716.000    13.1552   4.553062     1.6878    -0.0037     0.1473  99.142391   41.64844    4.79146       0.05 1.0000e-12     0.5753    91.2638    13.1558   4.553434    12.8969    38.4844    29.1167    12.8975    38.4873    29.1189    4.32237    187.548 0.0000e+00
   1717.000    13.1553   4.553140     1.6876    -0.0040     0.1647  99.142404   41.64844    4.79146       0.05 1.0000e-12     0.6996    91.2558    13.1566   4.553589    12.8968    38.4847    29.1169    12.8981    38.4876    29.1190    4.33275    187.998 0.0000e+00
   1718.000    13.1573   4.553467     1.6889    -0.0036     0.1621  99.142415   41.64844    4.79148       0.05 1.0000e-12     0.6869    91.2519    13.1582   4.553852    12.8987    38.4854    29.1171    12.8995    38.4881    29.1191    4.34469    188.516 0.0000e+00
   1719.000    13.1582   4.553588     1.6902    -0.0039     0.1580  99.142427   41.64844    4.79148       0.05 1.0000e-12     0.7353    91.2518    13.1591   4.554013    12.8993    38.4852    29.1169    12.9003    38.4883    29.1191    4.34804    188.661 0.0000e+00
   1720.000    13.1592   4.553777     1.6911    -0.0048     0.1601  99.142441   41.64844    4.79148       0.05 1.0000e-12     0.6186    91.2568    13.1601   4.554196    12.9002    38.4856    29.1170    12.9011    38.4886    29.1191    4.34584    188.565 0.0000e+00
   1721.000    13.1600   4.553913     1.6919    -0.0050     0.1516  99.142456   41.64844    4.79149       0.05 1.0000e-12     0.5641    91.2522    13.1608   4.554306    12.9009    38.4857    29.1169    12.9016    38.4886    29.1190    4.34926    188.714 0.0000e+00
   1722.000    13.1605   4.554029     1.6924    -0.0004     0.1540  99.142470   41.64844    4.79150       0.05 1.0000e-12     0.7088    91.2518    13.1615   4.554459    12.9012    38.4859    29.1170    12.9021    38.4890    29.1192    4.35132    188.803 0.0000e+00
   1723.000    13.1606   4.554063     1.6930     0.0014     0.1537  99.142482   41.64844    4.79150       0.05 1.0000e-12     0.7143    91.2509    13.1615   4.554497    12.9011    38.4857    29.1168    12.9020    38.4889    29.1192    4.34715    188.623 0.0000e+00
   1724.000    13.1605   4.554094     1.6923     0.0004     0.1578  99.142492   41.64844    4.79152       0.05 1.0000e-12     0.6262    91.2509    13.1614   4.554530    12.9008    38.4857    29.1169    12.9018    38.4889    29.1192    4.34298    188.441 0.0000e+00
   1725.000    13.1608   4.554178     1.6922    -0.0024     0.1628  99.142504   41.64844    4.79152       0.05 1.0000e-12     0.6688    91.2509    13.1618   4.554599    12.9010    38.4857    29.1169    12.9020    38.4888    29.1191    4.34601    188.573 0.0000e+00
   1726.000    13.1612   4.554257     1.6920    -0.0037     0.1544  99.142523   41.64844    4.79153       0.05 1.0000e-12     0.5883    91.2300    13.1620   4.554695    12.9012    38.4857    29.1168    12.9021    38.4891    29.1193    4.34422    188.495 0.0000e+00
   1727.000    13.1616   4.554366     1.6918    -0.0069     0.1585  99.142538   41.64844    4.79154       0.05 1.0000e-12     0.6273    91.2517    13.1622   4.554759    12.9014    38.4860    29.1170    12.9021    38.4891    29.1193    4.34792    188.656 0.0000e+00
   1728.000    13.1622   4.554476     1.6919    -0.0056     0.1535  99.142548   41.64844    4.79154       0.05 1.0000e-12     0.6260    91.2509    13.1627   4.554866    12.9019    38.4860    29.1169    12.9024    38.4892    29.1193    4.34781    188.651 0.0000e+00
   1729.000    13.1636   4.554735     1.6919    -0.0054     0.1631  99.142558   41.64844    4.79155       0.05 1.0000e-12     0.6457    91.2520    13.1646   4.555161    12.9031    38.4866    29.1172    12.9041    38.4897    29.1193    4.34696    188.614 0.0000e+00
   1730.000    13.1643   4.554865     1.6919    -0.0009     0.1557  99.142569   41.64844    4.79156       0.05 1.0000e-12     0.6709    91.2455    13.1653   4.555295    12.9036    38.4868    29.1172    12.9046    38.4899    29.1194    4.34993    188.743 0.0000e+00
   1731.000    13.1647   4.554932     1.6926    -0.0018     0.1524  99.142586   41.64844    4.79156       0.05 1.0000e-12     0.5948    91.2503    13.1654   4.555338    12.9039    38.4866    29.1170    12.9045    38.4898    29.1194    4.35756    189.074 0.0000e+00
   1732.000    13.1635   4.554792     1.6931    -0.0008     0.1635  99.142604   41.64844    4.79158       0.05 1.0000e-12     0.6230    91.2509    13.1645   4.555244    12.9025    38.4861    29.1169    12.9036    38.4893    29.1192    4.34832    188.673 0.0000e+00
   1733.000    13.1635   4.554838     1.6924     0.0001     0.1821  99.142615   41.64844    4.79158       0.05 1.0000e-12     0.6910    91.2509    13.1644   4.555261    12.9024    38.4861    29.1169    12.9032    38.4893    29.1192    4.34588    188.567 0.0000e+00
   1734.000    13.1636   4.554891     1.6918     0.0013     0.1763  99.142625   41.64844    4.79158       0.05 1.0000e-12     0.6104    91.2509    13.1643   4.555314    12.9023    38.4861    29.1170    12.9030    38.4894    29.1193    4.34108    188.359 0.0000e+00
   1735.000    13.1635   4.554927     1.6909    -0.0001     0.1647  99.142636   41.64844    4.79158       0.05 1.0000e-12     0.5952    91.2509    13.1644   4.555349    12.9020    38.4862    29.1170    12.9029    38.4893    29.1192    4.33879    188.259 0.0000e+00
   1736.000    13.1637   4.554993     1.6904    -0.0001     0.1660  99.142652   41.64844    4.79160       0.05 1.0000e-12     0.6987    91.2509    13.1652   4.555501    12.9021    38.4861    29.1170    12.9036    38.4895    29.1193    4.34711    188.620 0.0000e+00
   1737.000    13.1647   4.555162     1.6905    -0.0019     0.1572  99.142669   41.64844    4.79160       0.05 1.0000e-12     0.6223    91.2403    13.1659   4.555634    12.9029    38.4864    29.1170    12.9041    38.4897    29.1193    4.34662    188.599 0.0000e+00
   1738.000    13.1646   4.555172     1.6905    -0.0007     0.1750  99.142680   41.64844    4.79162       0.05 1.0000e-12     0.6260    91.2455    13.1654   4.555609    12.9027    38.4861    29.1169    12.9034    38.4895    29.1193    4.34766    188.644 0.0000e+00
   1739.000    13.1644   4.555193     1.6905    -0.0009     0.1587  99.142689   41.64842    4.79162       0.05 1.0000e-12     0.6843    91.2422    13.1654   4.555634    12.9024    38.4861    29.1169    12.9033    38.4893    29.1192    4.34621    188.581 0.0000e+00
   1740.000    13.1645   4.555266     1.6903    -0.0025     0.1546  99.142702   41.64842    4.79162       0.05 1.0000e-12     0.6092    91.2477    13.1655   4.555686    12.9023    38.4863    29.1171    12.9032    38.4894    29.1193    4.34658    188.597 0.0000e+00
   1741.000    13.1647   4.555287     1.6898    -0.0015     0.1730  99.142719   41.64842    4.79164       0.05 1.0000e-12     0.5761    91.2504    13.1654   4.555711    12.9023    38.4860    29.1168    12.9030    38.4893    29.1192    4.33946    188.288 0.0000e+00
   1742.000    13.1645   4.555331     1.6887    -0.0048     0.1697  99.142733   41.64842    4.79164       0.05 1.0000e-12     0.6145    91.2509    13.1654   4.555745    12.9020    38.4861    29.1170    12.9028    38.4892    29.1192    4.34043    188.331 0.0000e+00
   1743.000    13.1653   4.555472     1.6889    -0.0012     0.1605  99.142744   41.64842    4.79165       0.05 1.0000e-12     0.5648    91.2477    13.1662   4.555889    12.9026    38.4863    29.1170    12.9034    38.4894    29.1192    4.34334    188.457 0.0000e+00
   1744.000    13.1656   4.555543     1.6886    -0.0004     0.1544  99.142755   41.64842    4.79166       0.05 1.0000e-12     0.6234    91.2479    13.1663   4.555945    12.9027    38.4863    29.1170    12.9034    38.4893    29.1192    4.34219    188.407 0.0000e+00
   1745.000    13.1660   4.555656     1.6886    -0.0040     0.1621  99.142767   41.64842    4.79166       0.05 1.0000e-12     0.6754    91.2470    13.1667   4.556038    12.9029    38.4865    29.1171    12.9036    38.4895    29.1193    4.34056    188.336 0.0000e+00
   1746.000    13.1676   4.555909     1.6877    -0.0016     0.1495  99.142782   41.64842    4.79166       0.05 1.0000e-12     0.5791    91.2445    13.1684   4.556316    12.9044    38.4869    29.1171    12.9052    38.4899    29.1193    4.33939    188.285 0.0000e+00
   1747.000    13.1690   4.556155     1.6885    -0.0035     0.1476  99.142797   41.64842    4.79168       0.05 1.0000e-12     0.5931    91.2391    13.1697   4.556531    12.9056    38.4874    29.1173    12.9063    38.4903    29.1194    4.35051    188.768 0.0000e+00
   1748.000    13.1705   4.556385     1.6886    -0.0040     0.1778  99.142810   41.64842    4.79168       0.05 1.0000e-12     0.5431    91.2300    13.1713   4.556802    12.9069    38.4878    29.1173    12.9077    38.4909    29.1195    4.34724    188.625 0.0000e+00
   1749.000    13.1706   4.556434     1.6888    -0.0065     0.1913  99.142822   41.64842    4.79168       0.05 1.0000e-12     0.6359    91.2317    13.1714   4.556840    12.9069    38.4877    29.1172    12.9076    38.4908    29.1194    4.34824    188.669 0.0000e+00
   1750.000    13.1698   4.556375     1.6890    -0.0031     0.1790  99.142834   41.64842    4.79170       0.05 1.0000e-12     0.6548    91.2298    13.1706   4.556763    12.9059    38.4875    29.1173    12.9067    38.4904    29.1194    4.34921    188.711 0.0000e+00
