Data/raw_excel/lovbio017b/CTD/dewex2013_dew_leg2_20.cnv
* Sea-Bird SBE 9 Data File:
* FileName = C:\CTD\Work\raw\dewex2013_dew_leg2_20.hdr
* Software Version Seasave V 7.21d
* Temperature SN = 031016
* Conductivity SN = 041075
* Number of Bytes Per Scan = 37
* Number of Voltage Words = 4
* Number of Scans Averaged by the Deck Unit = 1
* NMEA Latitude = 41 39.03 N
* NMEA Longitude = 004 47.02 E
* NMEA UTC (Time) = Apr 09 2013 02:48:37
** Ship:
** Station:
** Operator:
# nquan = 24
# nvalues = 5091                        
# units = specified
# name 0 = prDM: Pressure, Digiquartz [db]
# name 1 = t090C: Temperature [ITS-90, deg C]
# name 2 = c0S/m: Conductivity [S/m]
# name 3 = sbeox0V: Oxygen raw, SBE 43 [V]
# name 4 = flC: Fluorescence, Chelsea Aqua 3 Chl Con [ug/l]
# name 5 = v4: Voltage 4
# name 6 = timeJ: Julian Days
# name 7 = latitude: Latitude [deg]
# name 8 = longitude: Longitude [deg]
# name 9 = altM: Altimeter [m]
# name 10 = par: PAR/Irradiance, Biospherical/Licor
# name 11 = wetCDOM: Fluorescence, WET Labs CDOM [mg/m^3]
# name 12 = xmiss: Beam Transmission, Chelsea/Seatech [%]
# name 13 = t190C: Temperature, 2 [ITS-90, deg C]
# name 14 = c1S/m: Conductivity, 2 [S/m]
# name 15 = potemp090C: Potential Temperature [ITS-90, deg C]
# name 16 = sal00: Salinity, Practical [PSU]
# name 17 = sigma-é00: Density [sigma-theta, Kg/m^3]
# name 18 = potemp190C: Potential Temperature, 2 [ITS-90, deg C]
# name 19 = sal11: Salinity, Practical, 2 [PSU]
# name 20 = sigma-é11: Density, 2 [sigma-theta, Kg/m^3]
# name 21 = sbeox0ML/L: Oxygen, SBE 43 [ml/l], WS = 2
# name 22 = sbeox0Mm/Kg: Oxygen, SBE 43 [umol/Kg], WS = 2
# name 23 = flag: flag
# span 0 =      1.000,   2546.000       
# span 1 =    13.0068,    13.2997       
# span 2 =   4.456246,   4.603808       
# span 3 =     1.6072,     2.3252       
# span 4 =    -0.0089,     0.8078       
# span 5 =     0.0122,     4.9634       
# span 6 =  99.121078,  99.191037       
# span 7 =   41.64058,   41.65042       
# span 8 =    4.78533,    4.80074       
# span 9 =       0.02,      50.36       
# span 10 = 1.0000e-12, 8.3409e-01      
# span 11 =     0.3549,     0.8957      
# span 12 =    84.8571,    91.2880      
# span 13 =    13.0071,    13.3006      
# span 14 =   4.456440,   4.604303      
# span 15 =    12.8937,    13.1905      
# span 16 =    38.3721,    38.5338      
# span 17 =    28.9759,    29.1231      
# span 18 =    12.8945,    13.1857      
# span 19 =    38.3731,    38.5471      
# span 20 =    28.9795,    29.1535      
# span 21 =    3.98592,    5.37559      
# span 22 =    172.951,    233.278      
# span 23 = 0.0000e+00, 0.0000e+00      
# interval = decibars: 1                
# start_time = Apr 09 2013 02:48:37 [NMEA time, header]
# bad_flag = -9.990e-29
*END*
[from data line 242]
    243.000    13.2006   4.496411     1.8297     0.0037     0.2309  99.124653   41.64992    4.78630       0.07 1.0000e-12     0.7048    90.7948    13.2011   4.496825    13.1656    38.5321    29.0978    13.1661    38.5356    29.1004    4.01929    174.398 0.0000e+00
    244.000    13.2006   4.496448     1.8305     0.0017     0.2206  99.124663   41.64992    4.78630       0.07 1.0000e-12     0.7074    90.8165    13.2009   4.496861    13.1655    38.5320    29.0978    13.1658    38.5356    29.1005    4.02934    174.834 0.0000e+00
    245.000    13.2004   4.496511     1.8312     0.0004     0.2219  99.124673   41.64992    4.78630       0.07 1.0000e-12     0.6580    90.8137    13.2010   4.496911    13.1651    38.5324    29.0981    13.1657    38.5356    29.1005    4.02544    174.665 0.0000e+00
    246.000    13.2004   4.496550     1.8309     0.0008     0.2225  99.124685   41.64992    4.78630       0.07 1.0000e-12     0.6672    90.8137    13.2011   4.496976    13.1650    38.5322    29.0980    13.1657    38.5356    29.1005    4.02475    174.635 0.0000e+00
    247.000    13.2006   4.496612     1.8312     0.0033     0.2265  99.124699   41.64992    4.78630       0.07 1.0000e-12     0.6967    90.8100    13.2010   4.497014    13.1650    38.5322    29.0980    13.1655    38.5356    29.1006    4.02572    174.677 0.0000e+00
    248.000    13.2005   4.496677     1.8308     0.0017     0.2302  99.124712   41.64992    4.78630       0.07 1.0000e-12     0.7126    90.8131    13.2010   4.497087    13.1649    38.5324    29.0982    13.1653    38.5359    29.1008    4.02443    174.621 0.0000e+00
    249.000    13.2004   4.496703     1.8310    -0.0013     0.2205  99.124723   41.64992    4.78630       0.07 1.0000e-12     0.6932    90.8120    13.2009   4.497132    13.1646    38.5323    29.0982    13.1650    38.5360    29.1010    4.02840    174.793 0.0000e+00
    250.000    13.2003   4.496757     1.8312    -0.0029     0.2548  99.124733   41.64992    4.78631       0.07 1.0000e-12     0.7086    90.8187    13.2007   4.497177    13.1643    38.5325    29.0985    13.1648    38.5361    29.1011    4.02537    174.662 0.0000e+00
    251.000    13.2010   4.496913     1.8301    -0.0030     0.2310  99.124744   41.64992    4.78632       0.07 1.0000e-12     0.6981    90.8179    13.2016   4.497335    13.1649    38.5328    29.0985    13.1655    38.5363    29.1011    4.01264    174.110 0.0000e+00
    252.000    13.2015   4.497040     1.8273    -0.0005     0.2089  99.124757   41.64992    4.78632       0.07 1.0000e-12     0.6737    90.8172    13.2024   4.497487    13.1653    38.5331    29.0987    13.1661    38.5365    29.1011    4.00312    173.696 0.0000e+00
    253.000    13.2026   4.497216     1.8258    -0.0023     0.2063  99.124770   41.64992    4.78632       0.07 1.0000e-12     0.6041    90.8179    13.2033   4.497658    13.1661    38.5333    29.0986    13.1668    38.5368    29.1012    4.01046    174.015 0.0000e+00
    254.000    13.2031   4.497347     1.8258    -0.0031     0.2092  99.124781   41.64992    4.78632       0.07 1.0000e-12     0.7370    90.8156    13.2037   4.497765    13.1666    38.5335    29.0987    13.1671    38.5370    29.1013    4.00647    173.841 0.0000e+00
    255.000    13.2033   4.497419     1.8242    -0.0046     0.2245  99.124791   41.64992    4.78632       0.07 1.0000e-12     0.7014    90.8187    13.2039   4.497825    13.1666    38.5335    29.0987    13.1672    38.5369    29.1012    4.00489    173.773 0.0000e+00
    256.000    13.2034   4.497476     1.8252    -0.0048     0.2364  99.124804   41.64992    4.78632       0.07 1.0000e-12     0.7379    90.8171    13.2039   4.497886    13.1665    38.5336    29.0988    13.1671    38.5369    29.1013    4.02167    174.501 0.0000e+00
    257.000    13.2034   4.497521     1.8271    -0.0045     0.2313  99.124816   41.64992    4.78632       0.07 1.0000e-12     0.7900    90.8133    13.2039   4.497935    13.1664    38.5335    29.0987    13.1669    38.5370    29.1013    4.02261    174.542 0.0000e+00
    258.000    13.2035   4.497594     1.8267    -0.0045     0.2308  99.124828   41.64992    4.78632       0.07 1.0000e-12     0.7156    90.8152    13.2040   4.497989    13.1663    38.5337    29.0989    13.1669    38.5369    29.1013    4.01390    174.164 0.0000e+00
    259.000    13.2036   4.497629     1.8262    -0.0025     0.2193  99.124840   41.64992    4.78633       0.07 1.0000e-12     0.7331    90.8177    13.2040   4.498053    13.1663    38.5334    29.0987    13.1667    38.5371    29.1015    4.01619    174.263 0.0000e+00
    260.000    13.2034   4.497676     1.8265    -0.0022     0.2149  99.124850   41.64992    4.78634       0.07 1.0000e-12     0.7182    90.8167    13.2042   4.498114    13.1660    38.5337    29.0989    13.1667    38.5371    29.1015    4.02164    174.500 0.0000e+00
    261.000    13.2024   4.497607     1.8274    -0.0008     0.2222  99.124861   41.64992    4.78634       0.07 1.0000e-12     0.7202    90.8187    13.2032   4.498051    13.1648    38.5336    29.0991    13.1656    38.5370    29.1017    4.02489    174.641 0.0000e+00
    262.000    13.2006   4.497405     1.8272    -0.0018     0.2313  99.124875   41.64992    4.78634       0.07 1.0000e-12     0.7381    90.8165    13.2010   4.497835    13.1629    38.5330    29.0991    13.1633    38.5367    29.1019    4.01976    174.418 0.0000e+00
    263.000    13.1954   4.496803     1.8278    -0.0033     0.2192  99.124888   41.64992    4.78634       0.07 1.0000e-12     0.7230    90.8065    13.1962   4.497264    13.1576    38.5320    29.0994    13.1583    38.5357    29.1021    4.02944    174.839 0.0000e+00
    264.000    13.1929   4.496536     1.8284    -0.0019     0.2493  99.124900   41.64992    4.78634       0.07 1.0000e-12     0.7088    90.8178    13.1934   4.496968    13.1549    38.5315    29.0996    13.1554    38.5352    29.1023    4.02856    174.800 0.0000e+00
    265.000    13.1927   4.496590     1.8284    -0.0016     0.2112  99.124909   41.64992    4.78634       0.07 1.0000e-12     0.7102    90.8188    13.1933   4.496990    13.1545    38.5318    29.0999    13.1551    38.5351    29.1023    4.02933    174.834 0.0000e+00
    266.000    13.1930   4.496685     1.8291    -0.0007     0.2032  99.124920   41.64992    4.78634       0.07 1.0000e-12     0.7378    90.8208    13.1937   4.497098    13.1547    38.5319    29.1000    13.1554    38.5352    29.1024    4.03117    174.914 0.0000e+00
    267.000    13.1946   4.496966     1.8287     0.0002     0.2082  99.124932   41.64992    4.78634       0.07 1.0000e-12     0.7345    90.8257    13.1960   4.497452    13.1562    38.5325    29.1001    13.1575    38.5358    29.1024    4.02562    174.673 0.0000e+00
    268.000    13.1984   4.497506     1.8274     0.0014     0.2161  99.124946   41.64992    4.78635       0.07 1.0000e-12     0.6851    90.8278    13.1990   4.497918    13.1599    38.5334    29.1000    13.1605    38.5368    29.1025    4.01679    174.289 0.0000e+00
    269.000    13.1985   4.497553     1.8265    -0.0035     0.2235  99.124959   41.64992    4.78636       0.06 1.0000e-12     0.6414    90.8254    13.1989   4.497963    13.1598    38.5334    29.1000    13.1602    38.5368    29.1026    4.01967    174.414 0.0000e+00
    270.000    13.1984   4.497590     1.8259    -0.0026     0.2432  99.124969   41.64992    4.78636       0.07 1.0000e-12     0.7397    90.8210    13.1989   4.497997    13.1595    38.5333    29.1001    13.1600    38.5368    29.1026    4.02149    174.494 0.0000e+00
    271.000    13.1988   4.497691     1.8265    -0.0026     0.2368  99.124979   41.64992    4.78636       0.07 1.0000e-12     0.6411    90.8231    13.1993   4.498105    13.1597    38.5335    29.1001    13.1603    38.5369    29.1027    4.02619    174.697 0.0000e+00
    272.000    13.1989   4.497743     1.8265    -0.0034     0.2459  99.124990   41.64992    4.78636       0.07 1.0000e-12     0.6796    90.8249    13.1996   4.498185    13.1597    38.5334    29.1001    13.1605    38.5369    29.1026    4.02213    174.521 0.0000e+00
    273.000    13.1977   4.497567     1.8252    -0.0007     0.2158  99.125004   41.64992    4.78636       0.06 1.0000e-12     0.7162    90.8157    13.1982   4.498044    13.1583    38.5325    29.0997    13.1589    38.5365    29.1027    4.01204    174.084 0.0000e+00
    274.000    13.1920   4.496950     1.8236     0.0001     0.2187  99.125017   41.64992    4.78636       0.07 1.0000e-12     0.7046    90.8478    13.1926   4.497402    13.1525    38.5319    29.1004    13.1532    38.5356    29.1031    4.01056    174.019 0.0000e+00
    275.000    13.1918   4.497013     1.8230    -0.0002     0.2037  99.125028   41.64992    4.78636       0.06 1.0000e-12     0.7102    90.8467    13.1923   4.497412    13.1522    38.5323    29.1008    13.1527    38.5356    29.1032    4.01641    174.273 0.0000e+00
    276.000    13.1908   4.496913     1.8233    -0.0031     0.2034  99.125039   41.64992    4.78636       0.06 1.0000e-12     0.6715    90.8426    13.1912   4.497325    13.1510    38.5319    29.1007    13.1515    38.5354    29.1033    4.01350    174.147 0.0000e+00
    277.000    13.1905   4.496948     1.8222    -0.0042     0.2128  99.125049   41.64992    4.78637       0.06 1.0000e-12     0.6469    90.8385    13.1911   4.497376    13.1506    38.5321    29.1009    13.1512    38.5355    29.1035    4.01365    174.153 0.0000e+00
    278.000    13.1906   4.497007     1.8231    -0.0031     0.2336  99.125060   41.64992    4.78638       0.07 1.0000e-12     0.7076    90.8352    13.1911   4.497428    13.1505    38.5320    29.1009    13.1511    38.5355    29.1035    4.02475    174.635 0.0000e+00
    279.000    13.1903   4.497027     1.8240    -0.0009     0.2314  99.125074   41.64992    4.78638       0.06 1.0000e-12     0.6631    90.8401    13.1911   4.497467    13.1502    38.5320    29.1010    13.1510    38.5355    29.1035    4.02171    174.503 0.0000e+00
    280.000    13.1895   4.496954     1.8235     0.0003     0.2358  99.125089   41.64992    4.78638       0.06 1.0000e-12     0.5950    90.8381    13.1905   4.497436    13.1492    38.5317    29.1009    13.1502    38.5353    29.1036    4.01213    174.088 0.0000e+00
    281.000    13.1888   4.496930     1.8215     0.0007     0.2184  99.125100   41.64992    4.78638       0.06 1.0000e-12     0.6266    90.8447    13.1894   4.497354    13.1483    38.5317    29.1012    13.1489    38.5352    29.1038    4.00672    173.853 0.0000e+00
    282.000    13.1889   4.496978     1.8212     0.0013     0.1995  99.125110   41.64992    4.78638       0.06 1.0000e-12     0.6260    90.8451    13.1892   4.497369    13.1483    38.5317    29.1011    13.1486    38.5351    29.1037    4.01440    174.186 0.0000e+00
    283.000    13.1886   4.496984     1.8215     0.0008     0.1942  99.125119   41.64992    4.78638       0.06 1.0000e-12     0.6260    90.8449    13.1891   4.497408    13.1479    38.5315    29.1011    13.1483    38.5351    29.1038    4.02003    174.430 0.0000e+00
    284.000    13.1886   4.497016     1.8225    -0.0013     0.1981  99.125130   41.64992    4.78638       0.06 1.0000e-12     0.7140    90.8389    13.1891   4.497449    13.1477    38.5314    29.1010    13.1482    38.5351    29.1038    4.02624    174.700 0.0000e+00
    285.000    13.1888   4.497097     1.8232    -0.0043     0.2290  99.125143   41.64992    4.78638       0.06 1.0000e-12     0.6089    90.8428    13.1892   4.497495    13.1478    38.5315    29.1011    13.1481    38.5350    29.1037    4.02061    174.455 0.0000e+00
    286.000    13.1891   4.497166     1.8222    -0.0008     0.2181  99.125158   41.64992    4.78638       0.06 1.0000e-12     0.6934    90.8391    13.1895   4.497577    13.1479    38.5314    29.1010    13.1484    38.5349    29.1036    4.01344    174.144 0.0000e+00
    287.000    13.1857   4.496777     1.8214     0.0003     0.2028  99.125171   41.64992    4.78640       0.06 1.0000e-12     0.5692    90.8445    13.1862   4.497228    13.1443    38.5307    29.1012    13.1448    38.5346    29.1041    4.01808    174.346 0.0000e+00
    288.000    13.1846   4.496699     1.8220     0.0046     0.2251  99.125181   41.64992    4.78640       0.06 1.0000e-12     0.6983    90.8461    13.1850   4.497118    13.1431    38.5306    29.1014    13.1435    38.5343    29.1041    4.02194    174.513 0.0000e+00
    289.000    13.1835   4.496641     1.8219     0.0010     0.2158  99.125191   41.64992    4.78640       0.06 1.0000e-12     0.7982    90.8449    13.1840   4.497056    13.1419    38.5307    29.1017    13.1424    38.5341    29.1043    4.02443    174.621 0.0000e+00
    290.000    13.1828   4.496587     1.8232     0.0000     0.2146  99.125200   41.64992    4.78640       0.06 1.0000e-12     0.8504    90.8506    13.1833   4.497003    13.1411    38.5304    29.1016    13.1415    38.5340    29.1043    4.03628    175.136 0.0000e+00
    291.000    13.1822   4.496557     1.8251    -0.0009     0.2150  99.125212   41.64992    4.78640       0.06 1.0000e-12     0.8117    90.8532    13.1827   4.496969    13.1403    38.5303    29.1017    13.1408    38.5337    29.1043    4.03857    175.235 0.0000e+00
    292.000    13.1822   4.496575     1.8251    -0.0006     0.2146  99.125227   41.64992    4.78640       0.06 1.0000e-12     0.7170    90.8477    13.1826   4.496991    13.1401    38.5301    29.1016    13.1405    38.5336    29.1043    4.03134    174.921 0.0000e+00
    293.000    13.1821   4.496615     1.8253    -0.0021     0.2452  99.125242   41.64992    4.78640       0.06 1.0000e-12     0.6305    90.8357    13.1821   4.496983    13.1399    38.5301    29.1016    13.1399    38.5336    29.1044    4.03232    174.964 0.0000e+00
    294.000    13.1813   4.496538     1.8252    -0.0042     0.2618  99.125253   41.64992    4.78640       0.06 1.0000e-12     0.6373    90.8440    13.1816   4.496953    13.1389    38.5297    29.1015    13.1393    38.5333    29.1043    4.03287    174.988 0.0000e+00
    295.000    13.1801   4.496443     1.8250    -0.0045     0.2490  99.125262   41.64992    4.78640       0.06 1.0000e-12     0.7145    90.8391    13.1807   4.496888    13.1377    38.5295    29.1016    13.1382    38.5332    29.1044    4.03542    175.099 0.0000e+00
    296.000    13.1788   4.496321     1.8258    -0.0056     0.2374  99.125271   41.64992    4.78642       0.06 1.0000e-12     0.7378    90.8314    13.1797   4.496786    13.1362    38.5292    29.1017    13.1371    38.5328    29.1043    4.04230    175.397 0.0000e+00
    297.000    13.1773   4.496145     1.8266    -0.0023     0.2220  99.125283   41.64992    4.78642       0.06 1.0000e-12     0.7851    90.8433    13.1778   4.496575    13.1346    38.5285    29.1016    13.1350    38.5323    29.1043    4.04540    175.532 0.0000e+00
    298.000    13.1647   4.494528     1.8285    -0.0021     0.2290  99.125299   41.64992    4.78642       0.06 1.0000e-12     0.7277    90.8018    13.1686   4.495454    13.1219    38.5253    29.1017    13.1257    38.5303    29.1048    4.05401    175.906 0.0000e+00
    299.000    13.1724   4.495776     1.8288    -0.0017     0.2194  99.125312   41.64992    4.78642       0.06 1.0000e-12     0.6996    90.8431    13.1750   4.496356    13.1293    38.5291    29.1031    13.1320    38.5320    29.1048    4.04137    175.357 0.0000e+00
    300.000    13.1749   4.496031     1.8274    -0.0007     0.1999  99.125321   41.64992    4.78642       0.06 1.0000e-12     0.6248    90.8476    13.1753   4.496452    13.1317    38.5286    29.1022    13.1321    38.5322    29.1049    4.03538    175.097 0.0000e+00
    301.000    13.1753   4.496173     1.8267    -0.0030     0.2146  99.125331   41.64992    4.78642       0.06 1.0000e-12     0.6784    90.8543    13.1759   4.496582    13.1320    38.5290    29.1025    13.1326    38.5323    29.1049    4.03668    175.153 0.0000e+00
