Data/raw_excel/lovbio017b/CTD/dewex2013_dew_leg2_20.cnv
* Sea-Bird SBE 9 Data File:
* FileName = C:\CTD\Work\raw\dewex2013_dew_leg2_20.hdr
* Software Version Seasave V 7.21d
* Temperature SN = 031016
* Conductivity SN = 041075
* Number of Bytes Per Scan = 37
* Number of Voltage Words = 4
* Number of Scans Averaged by the Deck Unit = 1
* NMEA Latitude = 41 39.03 N
* NMEA Longitude = 004 47.02 E
* NMEA UTC (Time) = Apr 09 2013 02:48:37
** Ship:
** Station:
** Operator:
# nquan = 24
# nvalues = 5091                        
# units = specified
# name 0 = prDM: Pressure, Digiquartz [db]
# name 1 = t090C: Temperature [ITS-90, deg C]
# name 2 = c0S/m: Conductivity [S/m]
# name 3 = sbeox0V: Oxygen raw, SBE 43 [V]
# name 4 = flC: Fluorescence, Chelsea Aqua 3 Chl Con [ug/l]
# name 5 = v4: Voltage 4
# name 6 = timeJ: Julian Days
# name 7 = latitude: Latitude [deg]
# name 8 = longitude: Longitude [deg]
# name 9 = altM: Altimeter [m]
# name 10 = par: PAR/Irradiance, Biospherical/Licor
# name 11 = wetCDOM: Fluorescence, WET Labs CDOM [mg/m^3]
# name 12 = xmiss: Beam Transmission, Chelsea/Seatech [%]
# name 13 = t190C: Temperature, 2 [ITS-90, deg C]
# name 14 = c1S/m: Conductivity, 2 [S/m]
# name 15 = potemp090C: Potential Temperature [ITS-90, deg C]
# name 16 = sal00: Salinity, Practical [PSU]
# name 17 = sigma-é00: Density [sigma-theta, Kg/m^3]
# name 18 = potemp190C: Potential Temperature, 2 [ITS-90, deg C]
# name 19 = sal11: Salinity, Practical, 2 [PSU]
# name 20 = sigma-é11: Density, 2 [sigma-theta, Kg/m^3]
# name 21 = sbeox0ML/L: Oxygen, SBE 43 [ml/l], WS = 2
# name 22 = sbeox0Mm/Kg: Oxygen, SBE 43 [umol/Kg], WS = 2
# name 23 = flag: flag
# span 0 =      1.000,   2546.000       
# span 1 =    13.0068,    13.2997       
# span 2 =   4.456246,   4.603808       
# span 3 =     1.6072,     2.3252       
# span 4 =    -0.0089,     0.8078       
# span 5 =     0.0122,     4.9634       
# span 6 =  99.121078,  99.191037       
# span 7 =   41.64058,   41.65042       
# span 8 =    4.78533,    4.80074       
# span 9 =       0.02,      50.36       
# span 10 = 1.0000e-12, 8.3409e-01      
# span 11 =     0.3549,     0.8957      
# span 12 =    84.8571,    91.2880      
# span 13 =    13.0071,    13.3006      
# span 14 =   4.456440,   4.604303      
# span 15 =    12.8937,    13.1905      
# span 16 =    38.3721,    38.5338      
# span 17 =    28.9759,    29.1231      
# span 18 =    12.8945,    13.1857      
# span 19 =    38.3731,    38.5471      
# span 20 =    28.9795,    29.1535      
# span 21 =    3.98592,    5.37559      
# span 22 =    172.951,    233.278      
# span 23 = 0.0000e+00, 0.0000e+00      
# interval = decibars: 1                
# start_time = Apr 09 2013 02:48:37 [NMEA time, header]
# bad_flag = -9.990e-29
*END*
[from data line 1872]
   1873.000    13.1971   4.564856     1.6844    -0.0027     0.2145  99.144422   41.64824    4.79244       0.05 1.0000e-12     0.5676    91.1827    13.1991   4.565405    12.9132    38.4911    29.1186    12.9152    38.4944    29.1207    4.39861    190.853 0.0000e+00
   1874.000    13.1981   4.565002     1.6847    -0.0045     0.2346  99.144434   41.64824    4.79244       0.05 1.0000e-12     0.5698    91.1827    13.1991   4.565440    12.9141    38.4912    29.1184    12.9151    38.4943    29.1206    4.39805    190.828 0.0000e+00
   1875.000    13.1984   4.565080     1.6847    -0.0028     0.2429  99.144446   41.64823    4.79244       0.05 1.0000e-12     0.6874    91.1827    13.1991   4.565475    12.9142    38.4912    29.1184    12.9149    38.4943    29.1207    4.39817    190.834 0.0000e+00
   1876.000    13.1979   4.565052     1.6845     0.0010     0.2454  99.144459   41.64822    4.79245       0.05 1.0000e-12     0.6194    91.1819    13.1992   4.565533    12.9136    38.4910    29.1184    12.9149    38.4942    29.1206    4.39508    190.700 0.0000e+00
   1877.000    13.1983   4.565135     1.6841    -0.0001     0.2428  99.144472   41.64822    4.79246       0.05 1.0000e-12     0.5130    91.1827    13.1994   4.565611    12.9138    38.4910    29.1183    12.9149    38.4944    29.1207    4.39063    190.507 0.0000e+00
   1878.000    13.1985   4.565205     1.6835    -0.0021     0.2313  99.144484   41.64822    4.79246       0.05 1.0000e-12     0.5090    91.1799    13.1995   4.565640    12.9138    38.4910    29.1184    12.9148    38.4942    29.1206    4.39233    190.581 0.0000e+00
   1879.000    13.1985   4.565260     1.6834    -0.0019     0.2369  99.144496   41.64822    4.79246       0.05 1.0000e-12     0.6803    91.1827    13.1996   4.565699    12.9137    38.4912    29.1185    12.9148    38.4942    29.1206    4.39560    190.723 0.0000e+00
   1880.000    13.1979   4.565216     1.6833    -0.0029     0.2312  99.144508   41.64822    4.79248       0.05 1.0000e-12     0.5784    91.1827    13.1990   4.565667    12.9130    38.4909    29.1185    12.9140    38.4941    29.1207    4.38989    190.475 0.0000e+00
   1881.000    13.1981   4.565298     1.6823    -0.0023     0.2363  99.144521   41.64822    4.79248       0.05 1.0000e-12     0.5616    91.1827    13.1989   4.565685    12.9130    38.4911    29.1186    12.9138    38.4940    29.1207    4.38495    190.260 0.0000e+00
   1882.000    13.1984   4.565320     1.6814    -0.0012     0.2155  99.144535   41.64822    4.79248       0.05 1.0000e-12     0.6183    91.1851    13.1986   4.565681    12.9131    38.4906    29.1182    12.9133    38.4939    29.1207    4.38272    190.164 0.0000e+00
   1883.000    13.1980   4.565330     1.6812    -0.0010     0.2344  99.144548   41.64822    4.79248       0.05 1.0000e-12     0.5673    91.1799    13.1989   4.565760    12.9125    38.4907    29.1184    12.9134    38.4939    29.1207    4.38880    190.427 0.0000e+00
   1884.000    13.1981   4.565392     1.6810     0.0002     0.2369  99.144559   41.64822    4.79249       0.05 1.0000e-12     0.6259    91.1827    13.1991   4.565829    12.9125    38.4908    29.1184    12.9135    38.4940    29.1207    4.38756    190.374 0.0000e+00
   1885.000    13.1983   4.565431     1.6809     0.0021     0.2295  99.144571   41.64821    4.79250       0.05 1.0000e-12     0.5688    91.1827    13.1994   4.565894    12.9125    38.4906    29.1183    12.9136    38.4939    29.1206    4.38818    190.400 0.0000e+00
   1886.000    13.1984   4.565516     1.6805     0.0025     0.2181  99.144584   41.64820    4.79250       0.05 1.0000e-12     0.7299    91.1827    13.1994   4.565939    12.9125    38.4908    29.1185    12.9134    38.4939    29.1207    4.38523    190.272 0.0000e+00
   1887.000    13.1984   4.565539     1.6802     0.0004     0.2124  99.144597   41.64820    4.79250       0.05 1.0000e-12     0.5734    91.1827    13.1995   4.565997    12.9123    38.4907    29.1184    12.9134    38.4939    29.1207    4.38630    190.319 0.0000e+00
   1888.000    13.1986   4.565599     1.6803    -0.0010     0.2083  99.144609   41.64820    4.79250       0.05 1.0000e-12     0.6194    91.1827    13.1995   4.566031    12.9123    38.4907    29.1184    12.9132    38.4939    29.1207    4.39170    190.553 0.0000e+00
   1889.000    13.1987   4.565642     1.6804    -0.0022     0.2101  99.144622   41.64820    4.79251       0.05 1.0000e-12     0.6190    91.1743    13.1996   4.566075    12.9123    38.4906    29.1183    12.9131    38.4938    29.1207    4.38693    190.346 0.0000e+00
   1890.000    13.1986   4.565661     1.6800    -0.0026     0.2188  99.144638   41.64820    4.79252       0.05 1.0000e-12     0.5805    91.1797    13.1994   4.566103    12.9120    38.4905    29.1183    12.9128    38.4938    29.1207    4.38945    190.456 0.0000e+00
   1891.000    13.1985   4.565698     1.6802    -0.0008     0.2263  99.144651   41.64820    4.79252       0.05 1.0000e-12     0.6146    91.1884    13.1994   4.566139    12.9117    38.4905    29.1184    12.9126    38.4938    29.1208    4.38715    190.356 0.0000e+00
   1892.000    13.1989   4.565789     1.6795    -0.0001     0.2361  99.144661   41.64820    4.79252       0.05 1.0000e-12     0.5651    91.1870    13.1996   4.566200    12.9119    38.4906    29.1184    12.9127    38.4937    29.1207    4.38369    190.205 0.0000e+00
   1893.000    13.1991   4.565846     1.6795     0.0020     0.2085  99.144672   41.64820    4.79252       0.05 1.0000e-12     0.5622    91.1878    13.1999   4.566284    12.9120    38.4905    29.1183    12.9128    38.4939    29.1208    4.38596    190.304 0.0000e+00
   1894.000    13.1988   4.565834     1.6788     0.0046     0.2054  99.144684   41.64819    4.79253       0.05 1.0000e-12     0.7002    91.1842    13.1997   4.566299    12.9116    38.4903    29.1183    12.9125    38.4938    29.1208    4.38272    190.163 0.0000e+00
   1895.000    13.1990   4.565891     1.6789     0.0020     0.2000  99.144701   41.64818    4.79254       0.05 1.0000e-12     0.5567    91.1883    13.1998   4.566351    12.9116    38.4903    29.1182    12.9124    38.4938    29.1208    4.39019    190.488 0.0000e+00
   1896.000    13.1991   4.565991     1.6788    -0.0005     0.2052  99.144715   41.64818    4.79254       0.05 1.0000e-12     0.5818    91.1836    13.2000   4.566418    12.9116    38.4906    29.1185    12.9124    38.4939    29.1209    4.38602    190.306 0.0000e+00
   1897.000    13.1991   4.566024     1.6789    -0.0007     0.2178  99.144726   41.64818    4.79254       0.05 1.0000e-12     0.6257    91.1905    13.2002   4.566484    12.9114    38.4905    29.1185    12.9125    38.4939    29.1209    4.39120    190.532 0.0000e+00
   1898.000    13.1991   4.566047     1.6793    -0.0010     0.2246  99.144737   41.64818    4.79254       0.05 1.0000e-12     0.6237    91.1828    13.2000   4.566476    12.9113    38.4904    29.1184    12.9121    38.4936    29.1208    4.39603    190.741 0.0000e+00
   1899.000    13.1993   4.566105     1.6797    -0.0011     0.2199  99.144750   41.64818    4.79256       0.05 1.0000e-12     0.5679    91.1913    13.2002   4.566539    12.9112    38.4904    29.1184    12.9122    38.4936    29.1207    4.39328    190.621 0.0000e+00
   1900.000    13.1991   4.566113     1.6794    -0.0020     0.2229  99.144764   41.64818    4.79256       0.05 1.0000e-12     0.5679    91.1858    13.2003   4.566588    12.9109    38.4902    29.1183    12.9121    38.4935    29.1207    4.38769    190.379 0.0000e+00
   1901.000    13.1990   4.566131     1.6786    -0.0039     0.2267  99.144777   41.64818    4.79256       0.05 1.0000e-12     0.5531    91.1835    13.1998   4.566557    12.9107    38.4901    29.1183    12.9114    38.4933    29.1207    4.38302    190.177 0.0000e+00
   1902.000    13.1986   4.566120     1.6784    -0.0041     0.2146  99.144790   41.64818    4.79256       0.05 1.0000e-12     0.5651    91.1926    13.1995   4.566543    12.9101    38.4900    29.1184    12.9110    38.4931    29.1206    4.39099    190.522 0.0000e+00
   1903.000    13.1987   4.566174     1.6784    -0.0009     0.2176  99.144801   41.64817    4.79256       0.05 1.0000e-12     0.6908    91.1987    13.1996   4.566609    12.9100    38.4900    29.1184    12.9109    38.4933    29.1207    4.38511    190.267 0.0000e+00
   1904.000    13.1986   4.566203     1.6775     0.0008     0.2125  99.144814   41.64816    4.79257       0.05 1.0000e-12     0.4777    91.2010    13.1995   4.566622    12.9098    38.4900    29.1184    12.9106    38.4931    29.1206    4.38020    190.054 0.0000e+00
   1905.000    13.1988   4.566259     1.6772     0.0001     0.2125  99.144826   41.64816    4.79258       0.05 1.0000e-12     0.6140    91.1936    13.1999   4.566717    12.9099    38.4899    29.1183    12.9109    38.4932    29.1207    4.38193    190.129 0.0000e+00
   1906.000    13.1989   4.566317     1.6762     0.0016     0.2022  99.144840   41.64816    4.79258       0.05 1.0000e-12     0.5537    91.2030    13.1998   4.566745    12.9097    38.4900    29.1184    12.9107    38.4931    29.1206    4.37969    190.032 0.0000e+00
   1907.000    13.1992   4.566394     1.6762    -0.0008     0.2152  99.144853   41.64816    4.79258       0.05 1.0000e-12     0.5227    91.2028    13.2001   4.566825    12.9099    38.4900    29.1183    12.9107    38.4932    29.1207    4.38471    190.250 0.0000e+00
   1908.000    13.1995   4.566460     1.6764    -0.0021     0.2229  99.144865   41.64816    4.79258       0.05 1.0000e-12     0.5792    91.2036    13.2004   4.566895    12.9100    38.4899    29.1183    12.9109    38.4931    29.1206    4.38893    190.433 0.0000e+00
   1909.000    13.1992   4.566456     1.6768    -0.0026     0.2206  99.144878   41.64816    4.79258       0.05 1.0000e-12     0.6075    91.1990    13.2002   4.566911    12.9095    38.4898    29.1183    12.9106    38.4930    29.1206    4.38345    190.195 0.0000e+00
   1910.000    13.1992   4.566502     1.6755    -0.0016     0.2018  99.144892   41.64816    4.79260       0.05 1.0000e-12     0.5632    91.1953    13.2001   4.566935    12.9094    38.4898    29.1183    12.9103    38.4930    29.1207    4.37340    189.759 0.0000e+00
   1911.000    13.1993   4.566543     1.6747    -0.0031     0.2017  99.144905   41.64816    4.79260       0.05 1.0000e-12     0.5853    91.1967    13.2003   4.566983    12.9093    38.4897    29.1183    12.9103    38.4929    29.1206    4.37364    189.769 0.0000e+00
   1912.000    13.1993   4.566575     1.6740    -0.0015     0.2063  99.144917   41.64814    4.79260       0.05 1.0000e-12     0.6442    91.1981    13.2001   4.567013    12.9092    38.4896    29.1182    12.9100    38.4929    29.1206    4.37182    189.691 0.0000e+00
   1913.000    13.1991   4.566599     1.6735    -0.0006     0.1954  99.144929   41.64814    4.79260       0.05 1.0000e-12     0.6467    91.1637    13.2001   4.567056    12.9088    38.4896    29.1183    12.9098    38.4930    29.1207    4.37612    189.877 0.0000e+00
   1914.000    13.1992   4.566648     1.6735     0.0002     0.1925  99.144942   41.64814    4.79260       0.05 1.0000e-12     0.5900    91.1989    13.2003   4.567111    12.9088    38.4896    29.1183    12.9098    38.4929    29.1207    4.37589    189.867 0.0000e+00
   1915.000    13.1992   4.566671     1.6731    -0.0017     0.2064  99.144955   41.64814    4.79261       0.05 1.0000e-12     0.6262    91.1902    13.2001   4.567133    12.9086    38.4894    29.1182    12.9095    38.4929    29.1207    4.37175    189.688 0.0000e+00
   1916.000    13.1980   4.566544     1.6724    -0.0034     0.2073  99.144966   41.64814    4.79262       0.05 1.0000e-12     0.6098    91.2071    13.1988   4.566991    12.9072    38.4890    29.1182    12.9081    38.4924    29.1206    4.36693    189.478 0.0000e+00
   1917.000    13.1976   4.566527     1.6717    -0.0035     0.2039  99.144978   41.64814    4.79262       0.05 1.0000e-12     0.5814    91.2054    13.1985   4.566971    12.9067    38.4888    29.1181    12.9075    38.4922    29.1206    4.36896    189.566 0.0000e+00
   1918.000    13.1962   4.566380     1.6718    -0.0030     0.1872  99.144993   41.64814    4.79262       0.05 1.0000e-12     0.5856    91.2167    13.1969   4.566792    12.9051    38.4885    29.1182    12.9058    38.4917    29.1205    4.37510    189.833 0.0000e+00
   1919.000    13.1958   4.566371     1.6712    -0.0008     0.1746  99.145008   41.64812    4.79262       0.05 1.0000e-12     0.5118    91.2155    13.1966   4.566794    12.9046    38.4883    29.1182    12.9054    38.4916    29.1205    4.36415    189.358 0.0000e+00
   1920.000    13.1958   4.566414     1.6707     0.0005     0.1696  99.145020   41.64812    4.79262       0.05 1.0000e-12     0.5888    91.2147    13.1966   4.566853    12.9045    38.4883    29.1182    12.9053    38.4917    29.1206    4.36908    189.572 0.0000e+00
   1921.000    13.1958   4.566435     1.6705    -0.0016     0.1809  99.145030   41.64812    4.79262       0.05 1.0000e-12     0.7017    91.2282    13.1966   4.566877    12.9043    38.4882    29.1181    12.9050    38.4916    29.1206    4.36806    189.528 0.0000e+00
   1922.000    13.1958   4.566493     1.6703    -0.0015     0.1997  99.145040   41.64812    4.79264       0.05 1.0000e-12     0.7328    91.2230    13.1967   4.566944    12.9042    38.4883    29.1182    12.9050    38.4917    29.1207    4.36887    189.563 0.0000e+00
   1923.000    13.1960   4.566550     1.6699    -0.0032     0.1944  99.145053   41.64812    4.79264       0.05 1.0000e-12     0.6282    91.2154    13.1970   4.566999    12.9041    38.4883    29.1182    12.9051    38.4915    29.1205    4.36199    189.264 0.0000e+00
   1924.000    13.1960   4.566572     1.6685    -0.0024     0.1793  99.145068   41.64812    4.79264       0.05 1.0000e-12     0.6260    91.2157    13.1969   4.567024    12.9040    38.4881    29.1181    12.9049    38.4915    29.1205    4.35690    189.043 0.0000e+00
   1925.000    13.1964   4.566678     1.6680    -0.0001     0.1779  99.145082   41.64812    4.79264       0.05 1.0000e-12     0.6522    91.2226    13.1972   4.567128    12.9042    38.4883    29.1182    12.9051    38.4917    29.1207    4.35927    189.146 0.0000e+00
   1926.000    13.1970   4.566802     1.6676    -0.0004     0.1785  99.145093   41.64812    4.79264       0.05 1.0000e-12     0.6696    91.2250    13.1981   4.567257    12.9047    38.4884    29.1182    12.9057    38.4917    29.1206    4.36255    189.288 0.0000e+00
   1927.000    13.1973   4.566881     1.6679    -0.0014     0.1794  99.145104   41.64812    4.79264       0.05 1.0000e-12     0.6267    91.2193    13.1982   4.567320    12.9048    38.4885    29.1183    12.9057    38.4918    29.1206    4.37135    189.670 0.0000e+00
   1928.000    13.1973   4.566910     1.6688    -0.0014     0.1700  99.145116   41.64811    4.79265       0.05 1.0000e-12     0.6260    91.2187    13.1983   4.567355    12.9046    38.4884    29.1182    12.9056    38.4916    29.1205    4.37428    189.797 0.0000e+00
   1929.000    13.1973   4.566944     1.6688    -0.0020     0.1711  99.145130   41.64810    4.79266       0.05 1.0000e-12     0.6260    91.2211    13.1982   4.567373    12.9044    38.4883    29.1182    12.9053    38.4915    29.1205    4.36365    189.336 0.0000e+00
   1930.000    13.1973   4.566976     1.6680    -0.0044     0.1780  99.145144   41.64810    4.79266       0.05 1.0000e-12     0.6085    91.2185    13.1983   4.567434    12.9043    38.4882    29.1181    12.9053    38.4916    29.1206    4.35899    189.134 0.0000e+00
   1931.000    13.1971   4.566986     1.6673    -0.0018     0.1878  99.145155   41.64810    4.79266       0.05 1.0000e-12     0.5956    91.2271    13.1980   4.567431    12.9039    38.4881    29.1182    12.9048    38.4914    29.1206    4.36219    189.273 0.0000e+00
   1932.000    13.1972   4.567045     1.6677    -0.0025     0.1820  99.145167   41.64810    4.79266       0.05 1.0000e-12     0.6723    91.2229    13.1982   4.567491    12.9039    38.4881    29.1182    12.9048    38.4914    29.1205    4.36993    189.608 0.0000e+00
