Data/raw_excel/lovbio017b/CTD/dewex2013_dew_leg2_20.cnv
* Sea-Bird SBE 9 Data File:
* FileName = C:\CTD\Work\raw\dewex2013_dew_leg2_20.hdr
* Software Version Seasave V 7.21d
* Temperature SN = 031016
* Conductivity SN = 041075
* Number of Bytes Per Scan = 37
* Number of Voltage Words = 4
* Number of Scans Averaged by the Deck Unit = 1
* NMEA Latitude = 41 39.03 N
* NMEA Longitude = 004 47.02 E
* NMEA UTC (Time) = Apr 09 2013 02:48:37
** Ship:
** Station:
** Operator:
# nquan = 24
# nvalues = 5091                        
# units = specified
# name 0 = prDM: Pressure, Digiquartz [db]
# name 1 = t090C: Temperature [ITS-90, deg C]
# name 2 = c0S/m: Conductivity [S/m]
# name 3 = sbeox0V: Oxygen raw, SBE 43 [V]
# name 4 = flC: Fluorescence, Chelsea Aqua 3 Chl Con [ug/l]
# name 5 = v4: Voltage 4
# name 6 = timeJ: Julian Days
# name 7 = latitude: Latitude [deg]
# name 8 = longitude: Longitude [deg]
# name 9 = altM: Altimeter [m]
# name 10 = par: PAR/Irradiance, Biospherical/Licor
# name 11 = wetCDOM: Fluorescence, WET Labs CDOM [mg/m^3]
# name 12 = xmiss: Beam Transmission, Chelsea/Seatech [%]
# name 13 = t190C: Temperature, 2 [ITS-90, deg C]
# name 14 = c1S/m: Conductivity, 2 [S/m]
# name 15 = potemp090C: Potential Temperature [ITS-90, deg C]
# name 16 = sal00: Salinity, Practical [PSU]
# name 17 = sigma-é00: Density [sigma-theta, Kg/m^3]
# name 18 = potemp190C: Potential Temperature, 2 [ITS-90, deg C]
# name 19 = sal11: Salinity, Practical, 2 [PSU]
# name 20 = sigma-é11: Density, 2 [sigma-theta, Kg/m^3]
# name 21 = sbeox0ML/L: Oxygen, SBE 43 [ml/l], WS = 2
# name 22 = sbeox0Mm/Kg: Oxygen, SBE 43 [umol/Kg], WS = 2
# name 23 = flag: flag
# span 0 =      1.000,   2546.000       
# span 1 =    13.0068,    13.2997       
# span 2 =   4.456246,   4.603808       
# span 3 =     1.6072,     2.3252       
# span 4 =    -0.0089,     0.8078       
# span 5 =     0.0122,     4.9634       
# span 6 =  99.121078,  99.191037       
# span 7 =   41.64058,   41.65042       
# span 8 =    4.78533,    4.80074       
# span 9 =       0.02,      50.36       
# span 10 = 1.0000e-12, 8.3409e-01      
# span 11 =     0.3549,     0.8957      
# span 12 =    84.8571,    91.2880      
# span 13 =    13.0071,    13.3006      
# span 14 =   4.456440,   4.604303      
# span 15 =    12.8937,    13.1905      
# span 16 =    38.3721,    38.5338      
# span 17 =    28.9759,    29.1231      
# span 18 =    12.8945,    13.1857      
# span 19 =    38.3731,    38.5471      
# span 20 =    28.9795,    29.1535      
# span 21 =    3.98592,    5.37559      
# span 22 =    172.951,    233.278      
# span 23 = 0.0000e+00, 0.0000e+00      
# interval = decibars: 1                
# start_time = Apr 09 2013 02:48:37 [NMEA time, header]
# bad_flag = -9.990e-29
*END*
[from data line 2053]
   2054.000    13.2198   4.574806     1.6569    -0.0025     0.1859  99.146673   41.64778    4.79284       0.05 1.0000e-12     0.6853    91.1865    13.2206   4.575243    12.9066    38.4906    29.1196    12.9073    38.4940    29.1220    4.39067    190.507 0.0000e+00
   2055.000    13.2200   4.574881     1.6571    -0.0024     0.1758  99.146684   41.64778    4.79284       0.05 1.0000e-12     0.6847    91.1868    13.2209   4.575324    12.9066    38.4908    29.1196    12.9075    38.4940    29.1220    4.39184    190.557 0.0000e+00
   2056.000    13.2200   4.574920     1.6567    -0.0034     0.1776  99.146695   41.64778    4.79284       0.05 1.0000e-12     0.5196    91.1827    13.2210   4.575364    12.9064    38.4907    29.1196    12.9074    38.4939    29.1219    4.38782    190.383 0.0000e+00
   2057.000    13.2201   4.574978     1.6566    -0.0048     0.1917  99.146708   41.64778    4.79284       0.05 1.0000e-12     0.6072    91.1881    13.2212   4.575432    12.9064    38.4907    29.1197    12.9074    38.4940    29.1220    4.39476    190.684 0.0000e+00
   2058.000    13.2204   4.575056     1.6575    -0.0036     0.1788  99.146722   41.64777    4.79284       0.05 1.0000e-12     0.6018    91.1835    13.2214   4.575503    12.9064    38.4909    29.1198    12.9074    38.4941    29.1221    4.40343    191.061 0.0000e+00
   2059.000    13.2207   4.575114     1.6583    -0.0053     0.2003  99.146735   41.64776    4.79284       0.05 1.0000e-12     0.5603    91.1817    13.2216   4.575588    12.9066    38.4907    29.1196    12.9075    38.4943    29.1222    4.40600    191.172 0.0000e+00
   2060.000    13.2208   4.575202     1.6588    -0.0060     0.2061  99.146746   41.64776    4.79284       0.05 1.0000e-12     0.6257    91.1827    13.2218   4.575646    12.9065    38.4910    29.1199    12.9075    38.4943    29.1222    4.40515    191.135 0.0000e+00
   2061.000    13.2210   4.575246     1.6588    -0.0010     0.1916  99.146758   41.64776    4.79284       0.05 1.0000e-12     0.6260    91.1827    13.2220   4.575697    12.9066    38.4908    29.1197    12.9075    38.4942    29.1221    4.39932    190.882 0.0000e+00
   2062.000    13.2211   4.575312     1.6584    -0.0018     0.1936  99.146772   41.64776    4.79284       0.05 1.0000e-12     0.6009    91.1827    13.2221   4.575751    12.9065    38.4910    29.1198    12.9075    38.4942    29.1221    4.39258    190.590 0.0000e+00
   2063.000    13.2212   4.575375     1.6570    -0.0001     0.1951  99.146786   41.64776    4.79284       0.05 1.0000e-12     0.5629    91.1827    13.2222   4.575821    12.9065    38.4911    29.1199    12.9074    38.4943    29.1222    4.38292    190.171 0.0000e+00
   2064.000    13.2215   4.575426     1.6561     0.0012     0.1974  99.146797   41.64775    4.79284       0.05 1.0000e-12     0.6160    91.1639    13.2223   4.575880    12.9066    38.4909    29.1197    12.9074    38.4943    29.1223    4.38134    190.102 0.0000e+00
   2065.000    13.2214   4.575468     1.6548    -0.0016     0.1986  99.146808   41.64774    4.79284       0.05 1.0000e-12     0.6330    91.1687    13.2224   4.575923    12.9064    38.4910    29.1199    12.9073    38.4943    29.1222    4.37892    189.997 0.0000e+00
   2066.000    13.2216   4.575510     1.6546    -0.0056     0.2087  99.146821   41.64774    4.79284       0.05 1.0000e-12     0.5238    91.1816    13.2226   4.575971    12.9063    38.4908    29.1198    12.9073    38.4942    29.1222    4.38823    190.401 0.0000e+00
   2067.000    13.2218   4.575579     1.6546    -0.0065     0.1986  99.146835   41.64774    4.79284       0.05 1.0000e-12     0.6326    91.1796    13.2227   4.576027    12.9064    38.4909    29.1198    12.9072    38.4942    29.1222    4.39169    190.551 0.0000e+00
   2068.000    13.2218   4.575624     1.6552    -0.0062     0.2115  99.146848   41.64774    4.79284       0.05 1.0000e-12     0.7141    91.1827    13.2228   4.576083    12.9062    38.4909    29.1198    12.9072    38.4943    29.1223    4.39930    190.881 0.0000e+00
   2069.000    13.2219   4.575677     1.6559    -0.0035     0.2063  99.146860   41.64774    4.79284       0.05 1.0000e-12     0.6452    91.1827    13.2228   4.576119    12.9061    38.4909    29.1199    12.9071    38.4942    29.1222    4.40025    190.922 0.0000e+00
   2070.000    13.2216   4.575679     1.6560    -0.0045     0.2004  99.146871   41.64772    4.79284       0.05 1.0000e-12     0.5639    91.1827    13.2225   4.576138    12.9057    38.4908    29.1198    12.9066    38.4942    29.1223    4.39839    190.842 0.0000e+00
   2071.000    13.2217   4.575726     1.6564    -0.0025     0.1845  99.146884   41.64772    4.79286       0.05 1.0000e-12     0.5759    91.1827    13.2227   4.576179    12.9056    38.4908    29.1199    12.9067    38.4940    29.1222    4.39732    190.795 0.0000e+00
   2072.000    13.2219   4.575803     1.6558    -0.0029     0.1822  99.146897   41.64772    4.79286       0.05 1.0000e-12     0.6027    91.1811    13.2229   4.576244    12.9057    38.4908    29.1199    12.9067    38.4941    29.1222    4.38640    190.321 0.0000e+00
   2073.000    13.2221   4.575852     1.6546    -0.0024     0.1971  99.146910   41.64772    4.79286       0.05 1.0000e-12     0.5469    91.1827    13.2230   4.576293    12.9057    38.4908    29.1198    12.9066    38.4940    29.1222    4.38221    190.140 0.0000e+00
   2074.000    13.2223   4.575913     1.6539    -0.0049     0.2117  99.146922   41.64771    4.79286       0.05 1.0000e-12     0.5111    91.1836    13.2233   4.576350    12.9057    38.4908    29.1199    12.9067    38.4939    29.1221    4.38288    190.169 0.0000e+00
   2075.000    13.2224   4.575972     1.6532    -0.0022     0.1998  99.146934   41.64770    4.79286       0.05 1.0000e-12     0.5735    91.1827    13.2234   4.576414    12.9057    38.4908    29.1199    12.9066    38.4940    29.1222    4.38458    190.243 0.0000e+00
   2076.000    13.2225   4.576023     1.6533    -0.0018     0.1819  99.146947   41.64770    4.79286       0.05 1.0000e-12     0.6675    91.1835    13.2235   4.576466    12.9056    38.4908    29.1199    12.9066    38.4940    29.1222    4.38967    190.464 0.0000e+00
   2077.000    13.2227   4.576085     1.6530    -0.0043     0.1842  99.146960   41.64770    4.79286       0.05 1.0000e-12     0.5254    91.1845    13.2237   4.576530    12.9056    38.4908    29.1199    12.9066    38.4940    29.1222    4.38267    190.160 0.0000e+00
   2078.000    13.2229   4.576147     1.6523    -0.0040     0.1894  99.146972   41.64770    4.79286       0.05 1.0000e-12     0.5820    91.1836    13.2238   4.576594    12.9057    38.4908    29.1199    12.9066    38.4941    29.1222    4.38285    190.167 0.0000e+00
   2079.000    13.2230   4.576187     1.6525    -0.0023     0.1911  99.146984   41.64770    4.79286       0.05 1.0000e-12     0.6259    91.1827    13.2239   4.576641    12.9056    38.4907    29.1198    12.9065    38.4941    29.1223    4.38898    190.433 0.0000e+00
   2080.000    13.2231   4.576255     1.6525    -0.0021     0.1710  99.146997   41.64768    4.79286       0.05 1.0000e-12     0.6445    91.1827    13.2240   4.576705    12.9056    38.4908    29.1199    12.9065    38.4941    29.1223    4.38522    190.270 0.0000e+00
   2081.000    13.2234   4.576337     1.6519    -0.0023     0.1780  99.147011   41.64768    4.79286       0.05 1.0000e-12     0.6601    91.1827    13.2243   4.576782    12.9057    38.4909    29.1200    12.9066    38.4942    29.1223    4.38220    190.139 0.0000e+00
   2082.000    13.2236   4.576400     1.6518    -0.0058     0.1891  99.147024   41.64768    4.79286       0.05 1.0000e-12     0.6658    91.1827    13.2245   4.576850    12.9058    38.4909    29.1199    12.9066    38.4943    29.1224    4.38902    190.435 0.0000e+00
   2083.000    13.2238   4.576468     1.6523    -0.0043     0.2128  99.147035   41.64768    4.79286       0.05 1.0000e-12     0.6996    91.1827    13.2248   4.576926    12.9058    38.4909    29.1199    12.9067    38.4944    29.1224    4.39656    190.762 0.0000e+00
   2084.000    13.2239   4.576519     1.6531    -0.0036     0.2125  99.147047   41.64768    4.79286       0.05 1.0000e-12     0.6041    91.1827    13.2249   4.576977    12.9057    38.4909    29.1200    12.9067    38.4943    29.1224    4.40145    190.975 0.0000e+00
   2085.000    13.2240   4.576574     1.6539    -0.0044     0.1837  99.147060   41.64767    4.79287       0.05 1.0000e-12     0.7049    91.1805    13.2250   4.577025    12.9057    38.4910    29.1200    12.9067    38.4942    29.1223    4.39992    190.908 0.0000e+00
   2086.000    13.2243   4.576658     1.6541    -0.0043     0.1917  99.147075   41.64766    4.79288       0.05 1.0000e-12     0.5795    91.1827    13.2252   4.577102    12.9058    38.4911    29.1201    12.9067    38.4943    29.1224    4.39782    190.817 0.0000e+00
   2087.000    13.2245   4.576724     1.6540    -0.0063     0.1941  99.147087   41.64766    4.79288       0.05 1.0000e-12     0.4954    91.1827    13.2255   4.577174    12.9058    38.4911    29.1201    12.9068    38.4944    29.1224    4.39542    190.713 0.0000e+00
   2088.000    13.2248   4.576785     1.6537    -0.0045     0.1843  99.147097   41.64766    4.79288       0.05 1.0000e-12     0.4804    91.1817    13.2257   4.577231    12.9060    38.4910    29.1199    12.9068    38.4943    29.1224    4.39338    190.624 0.0000e+00
   2089.000    13.2249   4.576842     1.6536    -0.0025     0.1842  99.147109   41.64766    4.79288       0.05 1.0000e-12     0.6682    91.1804    13.2258   4.577298    12.9059    38.4911    29.1200    12.9068    38.4944    29.1225    4.39774    190.813 0.0000e+00
   2090.000    13.2251   4.576906     1.6535    -0.0028     0.1922  99.147125   41.64766    4.79288       0.05 1.0000e-12     0.6012    91.1752    13.2260   4.577347    12.9060    38.4910    29.1200    12.9068    38.4943    29.1224    4.39248    190.585 0.0000e+00
   2091.000    13.2254   4.576979     1.6527    -0.0019     0.1838  99.147139   41.64765    4.79288       0.05 1.0000e-12     0.6284    91.1708    13.2262   4.577433    12.9060    38.4911    29.1200    12.9069    38.4945    29.1225    4.38998    190.477 0.0000e+00
   2092.000    13.2257   4.577086     1.6528    -0.0028     0.2002  99.147150   41.64764    4.79288       0.05 1.0000e-12     0.6457    91.1736    13.2266   4.577529    12.9062    38.4913    29.1202    12.9071    38.4946    29.1226    4.39620    190.747 0.0000e+00
   2093.000    13.2261   4.577167     1.6527    -0.0059     0.1942  99.147160   41.64764    4.79288       0.05 1.0000e-12     0.5633    91.1642    13.2270   4.577615    12.9064    38.4913    29.1201    12.9073    38.4947    29.1225    4.39581    190.730 0.0000e+00
   2094.000    13.2262   4.577217     1.6526    -0.0057     0.2032  99.147171   41.64764    4.79288       0.05 1.0000e-12     0.5695    91.1651    13.2271   4.577655    12.9063    38.4914    29.1202    12.9073    38.4945    29.1224    4.39318    190.616 0.0000e+00
   2095.000    13.2262   4.577254     1.6522    -0.0037     0.1975  99.147187   41.64764    4.79288       0.05 1.0000e-12     0.5892    91.1679    13.2271   4.577697    12.9062    38.4913    29.1201    12.9071    38.4946    29.1225    4.39067    190.507 0.0000e+00
   2096.000    13.2266   4.577339     1.6518    -0.0029     0.2190  99.147203   41.64764    4.79289       0.05 1.0000e-12     0.6266    91.1629    13.2275   4.577786    12.9065    38.4912    29.1201    12.9073    38.4946    29.1225    4.39330    190.620 0.0000e+00
   2097.000    13.2267   4.577413     1.6519    -0.0020     0.2186  99.147216   41.64762    4.79290       0.05 1.0000e-12     0.6916    91.1648    13.2275   4.577841    12.9064    38.4914    29.1202    12.9072    38.4947    29.1226    4.39657    190.763 0.0000e+00
   2098.000    13.2268   4.577464     1.6522    -0.0028     0.2021  99.147227   41.64762    4.79290       0.05 1.0000e-12     0.6621    91.1620    13.2277   4.577908    12.9063    38.4915    29.1202    12.9072    38.4948    29.1226    4.40470    191.115 0.0000e+00
   2099.000    13.2270   4.577500     1.6529    -0.0025     0.2043  99.147238   41.64762    4.79290       0.05 1.0000e-12     0.5864    91.1662    13.2280   4.577968    12.9064    38.4912    29.1201    12.9073    38.4947    29.1226    4.40104    190.956 0.0000e+00
   2100.000    13.2272   4.577579     1.6525    -0.0003     0.1989  99.147251   41.64762    4.79290       0.05 1.0000e-12     0.6020    91.1615    13.2282   4.578033    12.9064    38.4914    29.1202    12.9074    38.4947    29.1225    4.39311    190.612 0.0000e+00
   2101.000    13.2277   4.577698     1.6523     0.0004     0.1960  99.147264   41.64762    4.79290       0.05 1.0000e-12     0.5677    91.1599    13.2285   4.578111    12.9067    38.4916    29.1203    12.9074    38.4948    29.1226    4.39943    190.887 0.0000e+00
   2102.000    13.2279   4.577752     1.6522    -0.0020     0.2001  99.147276   41.64762    4.79290       0.05 1.0000e-12     0.5882    91.1608    13.2288   4.578204    12.9068    38.4915    29.1202    12.9076    38.4949    29.1227    4.40105    190.957 0.0000e+00
   2103.000    13.2281   4.577804     1.6526    -0.0039     0.2033  99.147288   41.64762    4.79290       0.05 1.0000e-12     0.5865    91.1599    13.2290   4.578257    12.9067    38.4915    29.1202    12.9077    38.4948    29.1226    4.39878    190.858 0.0000e+00
   2104.000    13.2283   4.577876     1.6521    -0.0017     0.2140  99.147302   41.64760    4.79290       0.05 1.0000e-12     0.5115    91.1599    13.2293   4.578334    12.9068    38.4916    29.1202    12.9077    38.4949    29.1226    4.39776    190.814 0.0000e+00
   2105.000    13.2286   4.577965     1.6524    -0.0005     0.2159  99.147315   41.64760    4.79290       0.05 1.0000e-12     0.5327    91.1497    13.2296   4.578425    12.9069    38.4917    29.1203    12.9079    38.4950    29.1227    4.40906    191.304 0.0000e+00
   2106.000    13.2289   4.578050     1.6535    -0.0020     0.2083  99.147327   41.64760    4.79290       0.05 1.0000e-12     0.6174    91.1508    13.2299   4.578495    12.9070    38.4918    29.1204    12.9080    38.4950    29.1227    4.41625    191.616 0.0000e+00
   2107.000    13.2291   4.578106     1.6542    -0.0018     0.2246  99.147340   41.64760    4.79291       0.05 1.0000e-12     0.6589    91.1382    13.2300   4.578550    12.9071    38.4917    29.1203    12.9080    38.4950    29.1226    4.41199    191.432 0.0000e+00
   2108.000    13.2290   4.578137     1.6541    -0.0030     0.2268  99.147353   41.64760    4.79292       0.05 1.0000e-12     0.6258    91.1478    13.2301   4.578593    12.9069    38.4917    29.1203    12.9080    38.4949    29.1226    4.40452    191.107 0.0000e+00
   2109.000    13.2293   4.578198     1.6533    -0.0050     0.2616  99.147367   41.64758    4.79292       0.05 1.0000e-12     0.6260    91.1422    13.2301   4.578630    12.9069    38.4916    29.1203    12.9077    38.4949    29.1226    4.39711    190.786 0.0000e+00
   2110.000    13.2290   4.578217     1.6523    -0.0017     0.2492  99.147378   41.64758    4.79292       0.05 1.0000e-12     0.5994    91.1441    13.2300   4.578660    12.9065    38.4917    29.1204    12.9075    38.4949    29.1227    4.39511    190.699 0.0000e+00
   2111.000    13.2294   4.578304     1.6520    -0.0036     0.2395  99.147389   41.64758    4.79292       0.05 1.0000e-12     0.6015    91.1441    13.2306   4.578776    12.9067    38.4917    29.1204    12.9079    38.4950    29.1227    4.40048    190.932 0.0000e+00
   2112.000    13.2296   4.578365     1.6523    -0.0033     0.2251  99.147402   41.64758    4.79292       0.05 1.0000e-12     0.6176    91.1450    13.2306   4.578817    12.9068    38.4917    29.1204    12.9077    38.4950    29.1227    4.41003    191.346 0.0000e+00
   2113.000    13.2299   4.578425     1.6524    -0.0027     0.2323  99.147417   41.64758    4.79292       0.05 1.0000e-12     0.5709    91.1441    13.2309   4.578901    12.9069    38.4916    29.1202    12.9079    38.4951    29.1227    4.40219    191.006 0.0000e+00
