Data/raw_excel/lovbio032b/CTD/D008A071.CNV
* Sea-Bird SBE 9 Data File:
* FileName = C:\CTD_ACQUISITION\2013008HUD\ctddata\008A071.hdr
* Software Version Seasave V 7.22.2
* Temperature SN = 5081
* Conductivity SN = 3561
* Number of Bytes Per Scan = 37
* Number of Voltage Words = 4
* Number of Scans Averaged by the Deck Unit = 1
* NMEA Latitude = 57 48.01 N
* NMEA Longitude = 051 20.18 W
* NMEA UTC (Time) = May 14 2013 09:25:14
* NMEA baud rate = 9600
** Ship: Hudson
** Cruise: HUD2013008
** Chief_Scientist: Yashayaev
** Organization: BIO
** Area_of_Operation: Labrador Sea
** Station: 71
** Sounding:
** Event_Comments: L3_17_Bio
# nquan = 27
# nvalues = 399                         
# units = specified
# name 0 = scan: Scan Count
# name 1 = timeS: Time, Elapsed [seconds]
# name 2 = prDM: Pressure, Digiquartz [db]
# name 3 = t068C: Temperature [ITS-68, deg C]
# name 4 = c0S/m: Conductivity [S/m]
# name 5 = t168C: Temperature, 2 [ITS-68, deg C]
# name 6 = c1S/m: Conductivity, 2 [S/m]
# name 7 = altM: Altimeter [m]
# name 8 = flCUVA: Fluorescence, Chelsea UV Aquatracka [ug/l]
# name 9 = sbeox0V: Oxygen raw, SBE 43 [V]
# name 10 = sbeox1V: Oxygen raw, SBE 43, 2 [V]
# name 11 = par: PAR/Irradiance, Biospherical/Licor
# name 12 = ph: pH
# name 13 = upoly0: Upoly 0, Optode 4330F - O2 D-Phase
# name 14 = upoly1: Upoly 1, Optode 4330F - O2 Temp
# name 15 = latitude: Latitude [deg]
# name 16 = longitude: Longitude [deg]
# name 17 = sal00: Salinity, Practical [PSU]
# name 18 = sal11: Salinity, Practical, 2 [PSU]
# name 19 = potemp068C: Potential Temperature [ITS-68, deg C]
# name 20 = potemp168C: Potential Temperature, 2 [ITS-68, deg C]
# name 21 = sigma-é00: Density [sigma-theta, Kg/m^3]
# name 22 = sigma-é11: Density, 2 [sigma-theta, Kg/m^3]
# name 23 = sbeox0ML/L: Oxygen, SBE 43 [ml/l], WS = 2
# name 24 = sbeox1ML/L: Oxygen, SBE 43, 2 [ml/l], WS = 2
# name 25 = nbin: number of scans per bin
# name 26 = flag: flag
# span 0 =       6565,      22114       
# span 1 =    273.496,    921.373       
# span 2 =      3.000,    401.000       
# span 3 =     3.6981,     3.8875       
# span 4 =   3.210361,   3.248575       
# span 5 =     3.7043,     3.8873       
# span 6 =   3.212137,   3.249732       
# span 7 =       3.15,      99.93       
# span 8 =     0.0054,     0.2433       
# span 9 =     2.6317,     2.9169       
# span 10 =     2.3074,     2.5664      
# span 11 = 2.1360e-03, 1.9070e+02      
# span 12 =     -2.886,     -2.880      
# span 13 =  1.8157596,  1.9094968      
# span 14 =  1.0878674,  1.1111203      
# span 15 =   57.80061,   57.80104      
# span 16 =  -51.34102,  -51.33874      
# span 17 =    34.7831,    34.8740      
# span 18 =    34.7918,    34.8877      
# span 19 =     3.6978,     3.8664      
# span 20 =     3.6995,     3.8662      
# span 21 =    27.6448,    27.7075      
# span 22 =    27.6504,    27.7184      
# span 23 =    6.67959,    7.22975      
# span 24 =    6.48844,    7.32289      
# span 25 =         10,         84      
# span 26 = 0.0000e+00, 0.0000e+00      
# interval = decibars: 1                
# start_time = May 14 2013 09:25:14 [NMEA time, header]
# bad_flag = -9.990e-29
*END*
[from data line 108]
      11060    460.784    111.000     3.7189   3.218381     3.7188   3.219511      96.47     0.1844     2.8549     2.5024 2.8392e-02     -2.886  1.8297845  1.0891331   57.80094  -51.33930    34.7981    34.8117     3.7114     3.7113    27.6553    27.6662    7.14091    7.18672         33 0.0000e+00
      11108    462.787    112.000     3.7216   3.218722     3.7227   3.219987      68.22     0.1843     2.8526     2.5030 2.6166e-02     -2.886  1.8296791  1.0891331   57.80094  -51.33930    34.7987    34.8128     3.7141     3.7151    27.6556    27.6666    7.13563    7.18700         59 0.0000e+00
      11153    464.656    113.000     3.7292   3.219670     3.7292   3.220811      45.27     0.1736     2.8510     2.5003 2.5110e-02     -2.885  1.8305717  1.0893906   57.80093  -51.33930    34.8015    34.8151     3.7216     3.7216    27.6570    27.6678    7.12083    7.12268         33 0.0000e+00
      11191    466.237    114.000     3.7362   3.220510     3.7361   3.221644      81.47     0.1698     2.8471     2.4936 2.3751e-02     -2.885  1.8306674  1.0900894   57.80091  -51.33930    34.8035    34.8172     3.7285     3.7284    27.6579    27.6688    7.10280    7.12279         44 0.0000e+00
      11232    467.946    115.000     3.7374   3.220706     3.7379   3.221902      41.92     0.1725     2.8444     2.4923 2.2387e-02     -2.885  1.8289863  1.0904565   57.80092  -51.33930    34.8040    34.8178     3.7296     3.7301    27.6582    27.6691    7.11833    7.20936         31 0.0000e+00
      11254    468.890    116.000     3.7386   3.220927     3.7388   3.222093      97.56     0.1694     2.8449     2.4979 2.1499e-02     -2.885  1.8302976  1.0908743   57.80092  -51.33930    34.8048    34.8185     3.7308     3.7310    27.6587    27.6696    7.12702    7.20358         19 0.0000e+00
      11271    469.596    117.000     3.7521   3.222584     3.7516   3.223691      97.19     0.1667     2.8451     2.4990 2.0603e-02     -2.885  1.8314881  1.0915672   57.80092  -51.33930    34.8097    34.8235     3.7442     3.7437    27.6613    27.6723    7.12193    7.18872         16 0.0000e+00
      11288    470.312    118.000     3.7618   3.223690     3.7614   3.224807      97.10     0.1664     2.8447     2.5000 1.9382e-02     -2.884  1.8315018  1.0915751   57.80092  -51.33930    34.8121    34.8258     3.7538     3.7535    27.6622    27.6732    7.11882    7.16497         19 0.0000e+00
      11341    472.485    119.000     3.7682   3.224468     3.7675   3.225534      97.01     0.1589     2.8445     2.4970 1.7282e-02     -2.884  1.8319227  1.0923520   57.80091  -51.33928    34.8140    34.8275     3.7602     3.7595    27.6630    27.6738    7.11837    7.16172         40 0.0000e+00
      11413    475.501    120.000     3.7723   3.224984     3.7746   3.226388      97.09     0.1577     2.8443     2.4975 1.6378e-02     -2.884  1.8339858  1.0940522   57.80090  -51.33928    34.8153    34.8296     3.7641     3.7665    27.6637    27.6748    7.11833    7.19368         18 0.0000e+00
      11428    476.135    121.000     3.7829   3.226239     3.7838   3.227466      96.95     0.1618     2.8441     2.4992 1.5943e-02     -2.883  1.8339438  1.0941674   57.80090  -51.33928    34.8184    34.8322     3.7748     3.7756    27.6650    27.6760    7.11468    7.17169         16 0.0000e+00
      11447    476.896    122.000     3.7867   3.226675     3.7871   3.227860      96.89     0.1646     2.8440     2.4976 1.4972e-02     -2.883  1.8335229  1.0940250   57.80090  -51.33928    34.8190    34.8328     3.7785     3.7788    27.6652    27.6761    7.11553    7.15302         22 0.0000e+00
      11496    478.956    123.000     3.7874   3.226774     3.7876   3.227949      69.76     0.1609     2.8449     2.4971 1.3230e-02     -2.883  1.8341554  1.0952824   57.80090  -51.33928    34.8190    34.8328     3.7790     3.7793    27.6651    27.6761    7.12832    7.16422         64 0.0000e+00
      11557    481.506    124.000     3.7882   3.226917     3.7878   3.228013      98.54     0.1570     2.8472     2.4974 1.2559e-02     -2.883  1.8340174  1.0974065   57.80090  -51.33928    34.8192    34.8328     3.7798     3.7794    27.6652    27.6760    7.13927    7.17786         30 0.0000e+00
      11580    482.461    125.000     3.7888   3.227063     3.7890   3.228219      81.76     0.1594     2.8478     2.4988 1.2158e-02     -2.883  1.8339437  1.0973896   57.80090  -51.33928    34.8198    34.8335     3.7803     3.7805    27.6656    27.6765    7.14013    7.20236         21 0.0000e+00
      11602    483.371    126.000     3.7909   3.227381     3.7909   3.228534      86.76     0.1585     2.8486     2.5017 1.1632e-02     -2.883  1.8351325  1.0976725   57.80090  -51.33928    34.8208    34.8346     3.7824     3.7824    27.6662    27.6772    7.13980    7.20377         24 0.0000e+00
      11633    484.648    127.000     3.7916   3.227548     3.7916   3.228694      74.88     0.1558     2.8487     2.5018 1.0768e-02     -2.883  1.8349856  1.0976801   57.80089  -51.33928    34.8215    34.8352     3.7830     3.7830    27.6667    27.6776    7.13150    7.18506         39 0.0000e+00
      11681    486.681    128.000     3.7892   3.227410     3.7890   3.228544      96.80     0.1680     2.8475     2.4999 9.8159e-03     -2.883  1.8340425  1.0976801   57.80088  -51.33928    34.8219    34.8356     3.7805     3.7803    27.6673    27.6782    7.12844    7.16135         57 0.0000e+00
      11733    488.827    129.000     3.7896   3.227533     3.7897   3.228715      82.20     0.1706     2.8467     2.4984 9.1429e-03     -2.883  1.8339056  1.0976801   57.80088  -51.33927    34.8224    34.8364     3.7808     3.7810    27.6677    27.6787    7.12093    7.18944         39 0.0000e+00
      11763    490.075    130.000     3.7913   3.227787     3.7913   3.228930      61.98     0.1729     2.8456     2.4999 8.7095e-03     -2.883  1.8339946  1.0976801   57.80087  -51.33926    34.8231    34.8368     3.7824     3.7825    27.6680    27.6789    7.12120    7.16757         25 0.0000e+00
      11786    491.038    131.000     3.7941   3.228170     3.7947   3.229382      76.64     0.1764     2.8451     2.4974 8.3810e-03     -2.883  1.8327799  1.0976801   57.80088  -51.33926    34.8241    34.8379     3.7852     3.7858    27.6685    27.6795    7.12388    7.15533         23 0.0000e+00
      11816    492.298    132.000     3.7966   3.228469     3.7958   3.229528      95.41     0.1713     2.8449     2.4966 7.8688e-03     -2.883  1.8324034  1.0979799   57.80088  -51.33926    34.8245    34.8380     3.7876     3.7868    27.6686    27.6795    7.12523    7.15388         44 0.0000e+00
      11879    494.915    133.000     3.7972   3.228578     3.7967   3.229661      97.23     0.1743     2.8444     2.4914 7.1200e-03     -2.883  1.8329371  1.0989537   57.80087  -51.33927    34.8246    34.8381     3.7882     3.7877    27.6686    27.6794    7.12203    7.13186         54 0.0000e+00
      11907    496.091    134.000     3.7983   3.228758     3.7983   3.229889      96.94     0.1741     2.8439     2.4909 6.9116e-03     -2.883  1.8330033  1.0987337   57.80086  -51.33928    34.8250    34.8386     3.7892     3.7892    27.6689    27.6797    7.12379    7.17441         22 0.0000e+00
      11927    496.921    135.000     3.7993   3.228912     3.7990   3.230017      97.30     0.1676     2.8439     2.4948 6.7509e-03     -2.883  1.8327279  1.0988381   57.80086  -51.33927    34.8252    34.8388     3.7902     3.7898    27.6689    27.6798    7.12075    7.20125         20 0.0000e+00
      11948    497.812    136.000     3.8002   3.229050     3.7998   3.230152      97.51     0.1630     2.8430     2.4955 6.4586e-03     -2.883  1.8327228  1.0987527   57.80086  -51.33926    34.8254    34.8390     3.7910     3.7905    27.6690    27.6799    7.10951    7.17609         24 0.0000e+00
      11998    499.869    137.000     3.8001   3.229079     3.8001   3.230217      92.91     0.1640     2.8409     2.4942 5.8491e-03     -2.883  1.8325969  1.0990369   57.80086  -51.33926    34.8253    34.8389     3.7908     3.7910    27.6689    27.6798    7.11002    7.15818         77 0.0000e+00
      12072    502.974    138.000     3.8006   3.229179     3.8007   3.230345      97.79     0.1564     2.8396     2.4933 5.3731e-03     -2.883  1.8330046  1.0997387   57.80086  -51.33926    34.8255    34.8392     3.7912     3.7913    27.6690    27.6799    7.11169    7.16822         34 0.0000e+00
      12096    503.946    139.000     3.8025   3.229446     3.8024   3.230583      97.52     0.1531     2.8392     2.4940 5.2576e-03     -2.883  1.8333359  1.0997899   57.80086  -51.33926    34.8261    34.8397     3.7930     3.7929    27.6693    27.6802    7.10914    7.17467         22 0.0000e+00
      12116    504.796    140.000     3.8027   3.229520     3.8024   3.230625      97.51     0.1539     2.8388     2.4944 5.1569e-03     -2.883  1.8332134  1.0996965   57.80086  -51.33926    34.8262    34.8397     3.7931     3.7928    27.6694    27.6802    7.10743    7.17490         20 0.0000e+00
      12137    505.682    141.000     3.8027   3.229581     3.8025   3.230689      97.51     0.1496     2.8382     2.4948 5.0149e-03     -2.883  1.8327371  1.0994911   57.80086  -51.33926    34.8263    34.8398     3.7931     3.7929    27.6695    27.6803    7.10619    7.16892         23 0.0000e+00
      12166    506.893    142.000     3.8033   3.229679     3.8031   3.230803      97.51     0.1505     2.8376     2.4938 4.7939e-03     -2.883  1.8328208  1.0994452   57.80086  -51.33926    34.8264    34.8400     3.7936     3.7934    27.6695    27.6804    7.10795    7.15712         36 0.0000e+00
      12212    508.777    143.000     3.8038   3.229774     3.8038   3.230916      97.51     0.1525     2.8371     2.4921 4.4997e-03     -2.883  1.8331550  1.0996404   57.80084  -51.33926    34.8264    34.8400     3.7941     3.7941    27.6694    27.6803    7.10980    7.14775         57 0.0000e+00
      12270    511.199    144.000     3.8047   3.229910     3.8047   3.231056      97.37     0.1544     2.8363     2.4885 4.2117e-03     -2.883  1.8344537  1.0996809   57.80084  -51.33926    34.8265    34.8402     3.7949     3.7949    27.6695    27.6804    7.10544    7.14795         44 0.0000e+00
      12300    512.461    145.000     3.8056   3.230064     3.8056   3.231215      97.51     0.1491     2.8363     2.4913 4.0975e-03     -2.883  1.8350395  1.0993302   57.80084  -51.33926    34.8269    34.8406     3.7957     3.7957    27.6697    27.6806    7.10965    7.18211         25 0.0000e+00
      12322    513.389    146.000     3.8069   3.230258     3.8072   3.231448      97.51     0.1488     2.8358     2.4917 4.0219e-03     -2.883  1.8339508  1.0993451   57.80084  -51.33926    34.8273    34.8411     3.7969     3.7973    27.6699    27.6808    7.10403    7.17285         22 0.0000e+00
      12346    514.360    147.000     3.8095   3.230581     3.8095   3.231724      97.47     0.1501     2.8353     2.4927 3.9086e-03     -2.882  1.8339438  1.0993698   57.80084  -51.33926    34.8278    34.8415     3.7995     3.7994    27.6700    27.6809    7.10086    7.17074         26 0.0000e+00
      12407    516.902    148.000     3.8108   3.230763     3.8105   3.231878      97.29     0.1474     2.8330     2.4859 3.6547e-03     -2.882  1.8339438  1.0998280   57.80083  -51.33926    34.8280    34.8416     3.8007     3.8005    27.6700    27.6809    7.09481    7.09347         58 0.0000e+00
      12466    519.388    149.000     3.8134   3.231094     3.8134   3.232241      96.53     0.1480     2.8318     2.4778 3.4772e-03     -2.882  1.8352013  1.1000687   57.80082  -51.33928    34.8286    34.8423     3.8033     3.8033    27.6703    27.6812    7.10111    7.10615         20 0.0000e+00
      12482    520.039    150.000     3.8154   3.231353     3.8144   3.232400      96.51     0.1520     2.8318     2.4792 3.4795e-03     -2.882  1.8350027  1.1003650   57.80082  -51.33928    34.8291    34.8426     3.8051     3.8042    27.6705    27.6814    7.09893    7.15197         15 0.0000e+00
      12496    520.638    151.000     3.8163   3.231508     3.8162   3.232643      96.47     0.1501     2.8317     2.4822 3.5210e-03     -2.882  1.8351626  1.1010722   57.80082  -51.33928    34.8294    34.8432     3.8060     3.8058    27.6706    27.6816    7.09594    7.15847         14 0.0000e+00
      12512    521.291    152.000     3.8224   3.232197     3.8227   3.233376      96.53     0.1452     2.8314     2.4823 3.4908e-03     -2.882  1.8347056  1.1003505   57.80082  -51.33928    34.8306    34.8444     3.8120     3.8123    27.6710    27.6820    7.09111    7.13872         18 0.0000e+00
      12563    523.398    153.000     3.8229   3.232268     3.8217   3.233295      96.63     0.1418     2.8300     2.4819 3.1955e-03     -2.882  1.8345450  1.1011082   57.80082  -51.33928    34.8304    34.8440     3.8124     3.8112    27.6708    27.6817    7.08790    7.12569         69 0.0000e+00
      12640    526.604    154.000     3.8201   3.232019     3.8219   3.233361      96.71     0.1371     2.8277     2.4793 2.9208e-03     -2.882  1.8353291  1.1026675   57.80080  -51.33928    34.8297    34.8440     3.8096     3.8113    27.6705    27.6817    7.07556    7.10313         34 0.0000e+00
      12663    527.569    155.000     3.8258   3.232661     3.8259   3.233827      96.70     0.1378     2.8261     2.4773 2.8839e-03     -2.882  1.8363925  1.1026199   57.80080  -51.33928    34.8309    34.8447     3.8152     3.8153    27.6709    27.6819    7.06583    7.09425         22 0.0000e+00
      12683    528.408    156.000     3.8259   3.232732     3.8261   3.233904      96.74     0.1400     2.8247     2.4764 2.8461e-03     -2.882  1.8363858  1.1025647   57.80080  -51.33928    34.8311    34.8449     3.8153     3.8154    27.6710    27.6820    7.06350    7.10088         19 0.0000e+00
      12704    529.305    157.000     3.8280   3.233002     3.8279   3.234145      96.78     0.1364     2.8235     2.4754 2.8089e-03     -2.882  1.8363858  1.1025641   57.80080  -51.33930    34.8315    34.8453     3.8173     3.8172    27.6712    27.6821    7.06429    7.09122         25 0.0000e+00
      12743    530.907    158.000     3.8306   3.233328     3.8304   3.234461      96.55     0.1307     2.8223     2.4737 2.7116e-03     -2.882  1.8363439  1.1025641   57.80080  -51.33930    34.8321    34.8458     3.8198     3.8196    27.6714    27.6823    7.07215    7.10715         55 0.0000e+00
      12793    532.999    159.000     3.8318   3.233518     3.8317   3.234646      96.82     0.1260     2.8229     2.4756 2.5988e-03     -2.882  1.8362401  1.1031964   57.80080  -51.33930    34.8325    34.8461     3.8209     3.8208    27.6716    27.6824    7.08497    7.12646         35 0.0000e+00
      12819    534.096    160.000     3.8365   3.234079     3.8359   3.235164      96.77     0.1274     2.8233     2.4799 2.5504e-03     -2.882  1.8363873  1.1037918   57.80080  -51.33930    34.8337    34.8473     3.8255     3.8249    27.6721    27.6830    7.07808    7.15009         23 0.0000e+00
      12856    535.636    161.000     3.8416   3.234663     3.8406   3.235704      96.86     0.1247     2.8218     2.4737 2.4893e-03     -2.881  1.8370847  1.1037663   57.80080  -51.33930    34.8347    34.8482     3.8305     3.8296    27.6724    27.6832    7.06334    7.07026         55 0.0000e+00
      12934    538.856    162.000     3.8410   3.234663     3.8401   3.235705      72.28     0.1220     2.8189     2.4691 2.3639e-03     -2.881  1.8373929  1.1041466   57.80078  -51.33932    34.8348    34.8482     3.8299     3.8290    27.6725    27.6832    7.06709    7.13776         31 0.0000e+00
      12949    539.507    163.000     3.8511   3.235796     3.8513   3.236973      97.70     0.1282     2.8192     2.4722 2.3568e-03     -2.881  1.8370641  1.1050318   57.80078  -51.33932    34.8370    34.8509     3.8399     3.8401    27.6733    27.6843    7.06277    7.10134         16 0.0000e+00
