Data/raw_excel/lovbio032b/CTD/D008A071.CNV
* Sea-Bird SBE 9 Data File:
* FileName = C:\CTD_ACQUISITION\2013008HUD\ctddata\008A071.hdr
* Software Version Seasave V 7.22.2
* Temperature SN = 5081
* Conductivity SN = 3561
* Number of Bytes Per Scan = 37
* Number of Voltage Words = 4
* Number of Scans Averaged by the Deck Unit = 1
* NMEA Latitude = 57 48.01 N
* NMEA Longitude = 051 20.18 W
* NMEA UTC (Time) = May 14 2013 09:25:14
* NMEA baud rate = 9600
** Ship: Hudson
** Cruise: HUD2013008
** Chief_Scientist: Yashayaev
** Organization: BIO
** Area_of_Operation: Labrador Sea
** Station: 71
** Sounding:
** Event_Comments: L3_17_Bio
# nquan = 27
# nvalues = 399                         
# units = specified
# name 0 = scan: Scan Count
# name 1 = timeS: Time, Elapsed [seconds]
# name 2 = prDM: Pressure, Digiquartz [db]
# name 3 = t068C: Temperature [ITS-68, deg C]
# name 4 = c0S/m: Conductivity [S/m]
# name 5 = t168C: Temperature, 2 [ITS-68, deg C]
# name 6 = c1S/m: Conductivity, 2 [S/m]
# name 7 = altM: Altimeter [m]
# name 8 = flCUVA: Fluorescence, Chelsea UV Aquatracka [ug/l]
# name 9 = sbeox0V: Oxygen raw, SBE 43 [V]
# name 10 = sbeox1V: Oxygen raw, SBE 43, 2 [V]
# name 11 = par: PAR/Irradiance, Biospherical/Licor
# name 12 = ph: pH
# name 13 = upoly0: Upoly 0, Optode 4330F - O2 D-Phase
# name 14 = upoly1: Upoly 1, Optode 4330F - O2 Temp
# name 15 = latitude: Latitude [deg]
# name 16 = longitude: Longitude [deg]
# name 17 = sal00: Salinity, Practical [PSU]
# name 18 = sal11: Salinity, Practical, 2 [PSU]
# name 19 = potemp068C: Potential Temperature [ITS-68, deg C]
# name 20 = potemp168C: Potential Temperature, 2 [ITS-68, deg C]
# name 21 = sigma-é00: Density [sigma-theta, Kg/m^3]
# name 22 = sigma-é11: Density, 2 [sigma-theta, Kg/m^3]
# name 23 = sbeox0ML/L: Oxygen, SBE 43 [ml/l], WS = 2
# name 24 = sbeox1ML/L: Oxygen, SBE 43, 2 [ml/l], WS = 2
# name 25 = nbin: number of scans per bin
# name 26 = flag: flag
# span 0 =       6565,      22114       
# span 1 =    273.496,    921.373       
# span 2 =      3.000,    401.000       
# span 3 =     3.6981,     3.8875       
# span 4 =   3.210361,   3.248575       
# span 5 =     3.7043,     3.8873       
# span 6 =   3.212137,   3.249732       
# span 7 =       3.15,      99.93       
# span 8 =     0.0054,     0.2433       
# span 9 =     2.6317,     2.9169       
# span 10 =     2.3074,     2.5664      
# span 11 = 2.1360e-03, 1.9070e+02      
# span 12 =     -2.886,     -2.880      
# span 13 =  1.8157596,  1.9094968      
# span 14 =  1.0878674,  1.1111203      
# span 15 =   57.80061,   57.80104      
# span 16 =  -51.34102,  -51.33874      
# span 17 =    34.7831,    34.8740      
# span 18 =    34.7918,    34.8877      
# span 19 =     3.6978,     3.8664      
# span 20 =     3.6995,     3.8662      
# span 21 =    27.6448,    27.7075      
# span 22 =    27.6504,    27.7184      
# span 23 =    6.67959,    7.22975      
# span 24 =    6.48844,    7.32289      
# span 25 =         10,         84      
# span 26 = 0.0000e+00, 0.0000e+00      
# interval = decibars: 1                
# start_time = May 14 2013 09:25:14 [NMEA time, header]
# bad_flag = -9.990e-29
*END*
[from data line 323]
      18798    783.200    326.000     3.8513   3.246013     3.8504   3.247059      93.26     0.0180     2.6843     2.3559 2.2102e-03     -2.881  1.8810732  1.1082507   57.80088  -51.34100    34.8703    34.8838     3.8285     3.8275    27.7009    27.7117    6.78016    6.80101         28 0.0000e+00
      18821    784.163    327.000     3.8411   3.245069     3.8407   3.246184      94.65     0.0155     2.6829     2.3552 2.2117e-03     -2.881  1.8803587  1.1086603   57.80088  -51.34100    34.8693    34.8831     3.8183     3.8179    27.7012    27.7122    6.77844    6.80038         24 0.0000e+00
      18848    785.304    328.000     3.8420   3.245206     3.8419   3.246328      96.83     0.0188     2.6818     2.3539 2.2112e-03     -2.881  1.8813013  1.1076713   57.80088  -51.34100    34.8695    34.8831     3.8191     3.8195    27.7013    27.7121    6.77956    6.81496         31 0.0000e+00
      18879    786.600    329.000     3.8364   3.244681     3.8355   3.245746      94.01     0.0187     2.6803     2.3546 2.2112e-03     -2.882  1.8823770  1.1071466   57.80088  -51.34100    34.8687    34.8824     3.8134     3.8139    27.7012    27.7122    6.76794    6.81420         29 0.0000e+00
      18908    787.803    330.000     3.8248   3.243600     3.8253   3.244796      96.94     0.0171     2.6782     2.3530 2.2121e-03     -2.882  1.8852034  1.1062344   57.80088  -51.34100    34.8676    34.8814     3.8017     3.8022    27.7015    27.7124    6.76584    6.79568         30 0.0000e+00
      18948    789.477    331.000     3.8225   3.243415     3.8224   3.244557      94.01     0.0152     2.6764     2.3514 2.2129e-03     -2.882  1.8860565  1.1062272   57.80088  -51.34100    34.8673    34.8811     3.7994     3.7993    27.7015    27.7125    6.76854    6.80305         56 0.0000e+00
      19006    791.895    332.000     3.8194   3.243165     3.8190   3.244275      82.62     0.0118     2.6740     2.3499 2.2112e-03     -2.882  1.8852055  1.1050749   57.80088  -51.34100    34.8671    34.8808     3.7962     3.7958    27.7016    27.7126    6.76449    6.79797         45 0.0000e+00
      19038    793.209    333.000     3.8170   3.242987     3.8169   3.244127      93.99     0.0139     2.6735     2.3499 2.2129e-03     -2.882  1.8871782  1.1050991   57.80088  -51.34101    34.8669    34.8807     3.7938     3.7937    27.7018    27.7127    6.77143    6.80831         26 0.0000e+00
      19063    794.267    334.000     3.8157   3.242905     3.8161   3.244096      96.96     0.0162     2.6732     2.3493 2.2142e-03     -2.882  1.8876660  1.1051000   57.80088  -51.34102    34.8669    34.8806     3.7924     3.7928    27.7019    27.7127    6.76687    6.79717         26 0.0000e+00
      19093    795.496    335.000     3.8130   3.242696     3.8125   3.243786      94.19     0.0140     2.6723     2.3485 2.2123e-03     -2.882  1.8887236  1.1038818   57.80088  -51.34102    34.8666    34.8803     3.7897     3.7891    27.7020    27.7129    6.76407    6.79617         34 0.0000e+00
      19129    797.018    336.000     3.8101   3.242461     3.8099   3.243574      97.37     0.0098     2.6715     2.3473 2.2136e-03     -2.882  1.8880869  1.1037853   57.80087  -51.34102    34.8664    34.8800     3.7867     3.7864    27.7021    27.7129    6.76973    6.79524         38 0.0000e+00
      19169    798.672    337.000     3.8105   3.242539     3.8096   3.243595      66.55     0.0145     2.6715     2.3470 2.2129e-03     -2.882  1.8884865  1.1037047   57.80086  -51.34102    34.8664    34.8800     3.7870     3.7861    27.7020    27.7129    6.77222    6.80134         44 0.0000e+00
      19217    800.646    338.000     3.8097   3.242512     3.8098   3.243666      98.01     0.0128     2.6711     2.3460 2.2137e-03     -2.882  1.8896302  1.1031629   57.80086  -51.34101    34.8664    34.8800     3.7861     3.7862    27.7021    27.7130    6.76700    6.78754         46 0.0000e+00
      19257    802.351    339.000     3.8089   3.242476     3.8088   3.243624      93.30     0.0139     2.6698     2.3445 2.2144e-03     -2.883  1.8902358  1.1025789   57.80086  -51.34101    34.8663    34.8800     3.7852     3.7852    27.7021    27.7131    6.75708    6.77991         35 0.0000e+00
      19289    803.646    340.000     3.8061   3.242255     3.8064   3.243429      97.53     0.0141     2.6687     2.3429 2.2143e-03     -2.883  1.8921041  1.1025641   57.80086  -51.34102    34.8660    34.8798     3.7824     3.7826    27.7022    27.7132    6.75731    6.78397         30 0.0000e+00
      19318    804.893    341.000     3.8051   3.242202     3.8054   3.243379      93.29     0.0094     2.6678     2.3436 2.2143e-03     -2.883  1.8916545  1.1025255   57.80086  -51.34102    34.8660    34.8797     3.7813     3.7816    27.7023    27.7132    6.75810    6.80527         31 0.0000e+00
      19350    806.226    342.000     3.8047   3.242216     3.8054   3.243433      97.58     0.0123     2.6671     2.3444 2.2151e-03     -2.883  1.8913267  1.1022853   57.80086  -51.34102    34.8660    34.8798     3.7808     3.7815    27.7024    27.7133    6.75699    6.80039         31 0.0000e+00
      19381    807.505    343.000     3.8029   3.242076     3.8029   3.243224      92.80     0.0124     2.6665     2.3445 2.2151e-03     -2.883  1.8944589  1.1018070   57.80085  -51.34100    34.8658    34.8794     3.7789     3.7790    27.7024    27.7132    6.75881    6.79618         32 0.0000e+00
      19425    809.326    344.000     3.8021   3.242037     3.8018   3.243154      94.19     0.0147     2.6655     2.3430 2.2147e-03     -2.883  1.8938915  1.1014576   57.80084  -51.34100    34.8656    34.8792     3.7781     3.7778    27.7023    27.7132    6.75508    6.78279         56 0.0000e+00
      19473    811.334    345.000     3.7998   3.241861     3.7996   3.242984      96.89     0.0191     2.6646     2.3409 2.2149e-03     -2.883  1.8928945  1.1020955   57.80084  -51.34100    34.8654    34.8790     3.7758     3.7755    27.7024    27.7133    6.75313    6.77474         34 0.0000e+00
      19500    812.475    346.000     3.7978   3.241722     3.7978   3.242866      92.34     0.0145     2.6637     2.3400 2.2151e-03     -2.883  1.8928435  1.1024225   57.80084  -51.34100    34.8653    34.8790     3.7737     3.7736    27.7025    27.7134    6.75420    6.77125         25 0.0000e+00
      19526    813.531    347.000     3.7978   3.241772     3.7978   3.242913      95.23     0.0119     2.6639     2.3383 2.2142e-03     -2.883  1.8943391  1.1013741   57.80084  -51.34101    34.8653    34.8790     3.7736     3.7736    27.7026    27.7134    6.75881    6.76476         28 0.0000e+00
      19563    815.072    348.000     3.7972   3.241752     3.7972   3.242895      82.64     0.0166     2.6635     2.3378 2.2146e-03     -2.883  1.8943573  1.1012912   57.80084  -51.34100    34.8652    34.8789     3.7729     3.7729    27.7025    27.7134    6.75549    6.78177         46 0.0000e+00
      19609    817.000    349.000     3.7956   3.241648     3.7956   3.242790      94.80     0.0167     2.6623     2.3374 2.2151e-03     -2.883  1.8947768  1.1012617   57.80083  -51.34098    34.8651    34.8788     3.7713     3.7713    27.7026    27.7135    6.74652    6.76654         45 0.0000e+00
      19655    818.924    350.000     3.7952   3.241647     3.7956   3.242837      93.57     0.0164     2.6607     2.3358 2.2149e-03     -2.883  1.8946718  1.1013417   57.80082  -51.34098    34.8650    34.8788     3.7708     3.7712    27.7026    27.7135    6.74023    6.76823         49 0.0000e+00
      19705    820.979    351.000     3.7952   3.241697     3.7947   3.242792      96.06     0.0123     2.6582     2.3346 2.2151e-03     -2.883  1.8946018  1.1013432   57.80082  -51.34098    34.8651    34.8787     3.7707     3.7702    27.7026    27.7136    6.73347    6.75883         41 0.0000e+00
      19735    822.237    352.000     3.7943   3.241665     3.7942   3.242791      91.65     0.0128     2.6575     2.3338 2.2151e-03     -2.883  1.8944535  1.1013432   57.80082  -51.34098    34.8651    34.8787     3.7698     3.7696    27.7028    27.7136    6.73894    6.75392         25 0.0000e+00
      19759    823.231    353.000     3.7945   3.241734     3.7943   3.242855      54.26     0.0188     2.6569     2.3306 2.2144e-03     -2.883  1.8962185  1.1009353   57.80082  -51.34098    34.8652    34.8788     3.7699     3.7697    27.7028    27.7137    6.73555    6.75581         24 0.0000e+00
      19783    824.262    354.000     3.7951   3.241862     3.7949   3.242984      76.60     0.0168     2.6563     2.3340 2.2151e-03     -2.883  1.8963081  1.1007344   57.80082  -51.34098    34.8655    34.8792     3.7704     3.7702    27.7030    27.7139    6.73663    6.79995         26 0.0000e+00
      19811    825.418    355.000     3.7955   3.241956     3.7951   3.243062      94.07     0.0195     2.6556     2.3369 2.2154e-03     -2.883  1.8982382  1.1001635   57.80082  -51.34098    34.8657    34.8794     3.7707     3.7703    27.7031    27.7141    6.73119    6.82903         29 0.0000e+00
      19865    827.676    356.000     3.7961   3.242058     3.7961   3.243199      74.53     0.0192     2.6535     2.3361 2.2157e-03     -2.883  1.8991518  1.1004450   57.80081  -51.34096    34.8657    34.8794     3.7713     3.7712    27.7031    27.7140    6.72336    6.74607         49 0.0000e+00
      19941    830.854    357.000     3.7978   3.242290     3.7971   3.243379      97.68     0.0105     2.6517     2.3301 2.2158e-03     -2.883  1.8996123  1.1012533   57.80080  -51.34095    34.8662    34.8798     3.7729     3.7722    27.7033    27.7142    6.73226    6.75174         22 0.0000e+00
      19959    831.573    358.000     3.8000   3.242569     3.7999   3.243703      97.34     0.0113     2.6517     2.3304 2.2161e-03     -2.883  1.8998042  1.1013446   57.80080  -51.34094    34.8666    34.8803     3.7750     3.7749    27.7034    27.7143    6.73244    6.75304         16 0.0000e+00
      19975    832.237    359.000     3.7968   3.242296     3.7959   3.243359      96.79     0.0113     2.6519     2.3296 2.2166e-03     -2.883  1.8998789  1.1013432   57.80080  -51.34094    34.8662    34.8798     3.7717     3.7709    27.7035    27.7144    6.72601    6.74214         16 0.0000e+00
      19992    832.938    360.000     3.7912   3.241823     3.7913   3.242975      87.61     0.0122     2.6510     2.3289 2.2164e-03     -2.883  1.9001279  1.1006556   57.80080  -51.34094    34.8660    34.8797     3.7661     3.7662    27.7038    27.7147    6.72044    6.74340         19 0.0000e+00
      20041    834.986    361.000     3.7916   3.241885     3.7935   3.243213      96.97     0.0128     2.6490     2.3273 2.2166e-03     -2.883  1.9001082  1.1001484   57.80080  -51.34093    34.8658    34.8795     3.7664     3.7687    27.7037    27.7144    6.71459    6.74425         48 0.0000e+00
      20125    838.509    362.000     3.7912   3.241899     3.7945   3.243337      92.36     0.0121     2.6459     2.3255 2.2187e-03     -2.883  1.8998686  1.1001773   57.80078  -51.34092    34.8659    34.8795     3.7659     3.7692    27.7038    27.7143    6.70918    6.73369         23 0.0000e+00
      20144    839.293    363.000     3.7878   3.241617     3.7881   3.242793      89.20     0.0164     2.6453     2.3246 2.2174e-03     -2.883  1.9011005  1.1002384   57.80078  -51.34090    34.8655    34.8793     3.7625     3.7627    27.7038    27.7148    6.70603    6.72968         21 0.0000e+00
      20168    840.296    364.000     3.7887   3.241785     3.7874   3.242796      91.05     0.0149     2.6443     2.3234 2.2201e-03     -2.883  1.9012641  1.1000354   57.80078  -51.34090    34.8661    34.8795     3.7633     3.7620    27.7042    27.7150    6.70786    6.72677         33 0.0000e+00
      20240    843.309    365.000     3.7886   3.241819     3.7881   3.242876      94.48     0.0096     2.6442     2.3217 2.2190e-03     -2.883  1.9025531  1.0992330   57.80078  -51.34089    34.8660    34.8792     3.7631     3.7626    27.7042    27.7147    6.72146    6.74398         54 0.0000e+00
      20268    844.475    366.000     3.7870   3.241725     3.7876   3.242927      94.02     0.0130     2.6450     2.3230 2.2184e-03     -2.883  1.9023767  1.0999119   57.80076  -51.34088    34.8661    34.8798     3.7615     3.7621    27.7044    27.7152    6.72385    6.75370         22 0.0000e+00
      20290    845.355    367.000     3.7929   3.242405     3.7909   3.243342      96.62     0.0143     2.6451     2.3237 2.2213e-03     -2.883  1.9035156  1.1001173   57.80076  -51.34088    34.8673    34.8807     3.7673     3.7653    27.7048    27.7156    6.72050    6.75812         23 0.0000e+00
      20332    847.109    368.000     3.8025   3.243435     3.8001   3.244329      84.90     0.0147     2.6449     2.3237 2.2225e-03     -2.883  1.9042503  1.0994127   57.80076  -51.34086    34.8688    34.8821     3.7768     3.7744    27.7050    27.7158    6.71753    6.74310         66 0.0000e+00
      20389    849.504    369.000     3.8067   3.243941     3.8090   3.245344      91.03     0.0129     2.6454     2.3250 2.2225e-03     -2.883  1.9037052  1.0999240   57.80076  -51.34085    34.8699    34.8843     3.7809     3.7831    27.7054    27.7167    6.72282    6.76095         38 0.0000e+00
      20420    850.810    370.000     3.8150   3.244863     3.8151   3.246028      97.00     0.0142     2.6454     2.3251 2.2226e-03     -2.882  1.9040929  1.1001251   57.80076  -51.34084    34.8716    34.8853     3.7891     3.7892    27.7059    27.7169    6.71873    6.74626         29 0.0000e+00
      20447    851.898    371.000     3.8178   3.245202     3.8178   3.246345      96.96     0.0154     2.6454     2.3255 2.2228e-03     -2.882  1.9047630  1.1001221   57.80076  -51.34084    34.8721    34.8857     3.7918     3.7918    27.7061    27.7169    6.72174    6.74990         24 0.0000e+00
      20469    852.833    372.000     3.8192   3.245383     3.8190   3.246518      84.84     0.0138     2.6457     2.3251 2.2228e-03     -2.882  1.9047619  1.1005872   57.80075  -51.34083    34.8722    34.8859     3.7931     3.7930    27.7061    27.7170    6.72301    6.74021         21 0.0000e+00
      20491    853.738    373.000     3.8192   3.245423     3.8194   3.246606      93.48     0.0126     2.6457     2.3240 2.2228e-03     -2.882  1.9047619  1.1013170   57.80074  -51.34082    34.8722    34.8860     3.7930     3.7933    27.7060    27.7170    6.71989    6.74143         24 0.0000e+00
      20560    856.621    374.000     3.8188   3.245419     3.8184   3.246498      54.43     0.0096     2.6450     2.3244 2.2232e-03     -2.882  1.9039626  1.1019825   57.80074  -51.34081    34.8720    34.8854     3.7926     3.7927    27.7059    27.7166    6.72292    6.75272         41 0.0000e+00
      20621    859.173    375.000     3.8216   3.245756     3.8218   3.246941      97.70     0.0121     2.6453     2.3234 2.2232e-03     -2.882  1.9034848  1.1025702   57.80074  -51.34080    34.8725    34.8864     3.7953     3.7955    27.7060    27.7171    6.72784    6.73022         24 0.0000e+00
      20644    860.140    376.000     3.8269   3.246356     3.8269   3.247509      78.29     0.0116     2.6455     2.3228 2.2232e-03     -2.882  1.9035405  1.1025641   57.80074  -51.34080    34.8735    34.8872     3.8005     3.8005    27.7063    27.7172    6.72453    6.77818         24 0.0000e+00
      20670    861.195    377.000     3.8273   3.246441     3.8269   3.247543      56.90     0.0112     2.6457     2.3280 2.2232e-03     -2.882  1.9039874  1.1022515   57.80074  -51.34078    34.8735    34.8871     3.8009     3.8004    27.7063    27.7171    6.72353    6.82167         27 0.0000e+00
