Data/raw_excel/lovbio032b/CTD/D008A071.CNV
* Sea-Bird SBE 9 Data File:
* FileName = C:\CTD_ACQUISITION\2013008HUD\ctddata\008A071.hdr
* Software Version Seasave V 7.22.2
* Temperature SN = 5081
* Conductivity SN = 3561
* Number of Bytes Per Scan = 37
* Number of Voltage Words = 4
* Number of Scans Averaged by the Deck Unit = 1
* NMEA Latitude = 57 48.01 N
* NMEA Longitude = 051 20.18 W
* NMEA UTC (Time) = May 14 2013 09:25:14
* NMEA baud rate = 9600
** Ship: Hudson
** Cruise: HUD2013008
** Chief_Scientist: Yashayaev
** Organization: BIO
** Area_of_Operation: Labrador Sea
** Station: 71
** Sounding:
** Event_Comments: L3_17_Bio
# nquan = 27
# nvalues = 399                         
# units = specified
# name 0 = scan: Scan Count
# name 1 = timeS: Time, Elapsed [seconds]
# name 2 = prDM: Pressure, Digiquartz [db]
# name 3 = t068C: Temperature [ITS-68, deg C]
# name 4 = c0S/m: Conductivity [S/m]
# name 5 = t168C: Temperature, 2 [ITS-68, deg C]
# name 6 = c1S/m: Conductivity, 2 [S/m]
# name 7 = altM: Altimeter [m]
# name 8 = flCUVA: Fluorescence, Chelsea UV Aquatracka [ug/l]
# name 9 = sbeox0V: Oxygen raw, SBE 43 [V]
# name 10 = sbeox1V: Oxygen raw, SBE 43, 2 [V]
# name 11 = par: PAR/Irradiance, Biospherical/Licor
# name 12 = ph: pH
# name 13 = upoly0: Upoly 0, Optode 4330F - O2 D-Phase
# name 14 = upoly1: Upoly 1, Optode 4330F - O2 Temp
# name 15 = latitude: Latitude [deg]
# name 16 = longitude: Longitude [deg]
# name 17 = sal00: Salinity, Practical [PSU]
# name 18 = sal11: Salinity, Practical, 2 [PSU]
# name 19 = potemp068C: Potential Temperature [ITS-68, deg C]
# name 20 = potemp168C: Potential Temperature, 2 [ITS-68, deg C]
# name 21 = sigma-é00: Density [sigma-theta, Kg/m^3]
# name 22 = sigma-é11: Density, 2 [sigma-theta, Kg/m^3]
# name 23 = sbeox0ML/L: Oxygen, SBE 43 [ml/l], WS = 2
# name 24 = sbeox1ML/L: Oxygen, SBE 43, 2 [ml/l], WS = 2
# name 25 = nbin: number of scans per bin
# name 26 = flag: flag
# span 0 =       6565,      22114       
# span 1 =    273.496,    921.373       
# span 2 =      3.000,    401.000       
# span 3 =     3.6981,     3.8875       
# span 4 =   3.210361,   3.248575       
# span 5 =     3.7043,     3.8873       
# span 6 =   3.212137,   3.249732       
# span 7 =       3.15,      99.93       
# span 8 =     0.0054,     0.2433       
# span 9 =     2.6317,     2.9169       
# span 10 =     2.3074,     2.5664      
# span 11 = 2.1360e-03, 1.9070e+02      
# span 12 =     -2.886,     -2.880      
# span 13 =  1.8157596,  1.9094968      
# span 14 =  1.0878674,  1.1111203      
# span 15 =   57.80061,   57.80104      
# span 16 =  -51.34102,  -51.33874      
# span 17 =    34.7831,    34.8740      
# span 18 =    34.7918,    34.8877      
# span 19 =     3.6978,     3.8664      
# span 20 =     3.6995,     3.8662      
# span 21 =    27.6448,    27.7075      
# span 22 =    27.6504,    27.7184      
# span 23 =    6.67959,    7.22975      
# span 24 =    6.48844,    7.32289      
# span 25 =         10,         84      
# span 26 = 0.0000e+00, 0.0000e+00      
# interval = decibars: 1                
# start_time = May 14 2013 09:25:14 [NMEA time, header]
# bad_flag = -9.990e-29
*END*
[from data line 215]
      14899    620.760    218.000     3.8457   3.239027     3.8456   3.240169      31.11     0.0229     2.7417     2.4054 2.1752e-03     -2.881  1.8689742  1.1051899   57.80074  -51.33983    34.8514    34.8652     3.8307     3.8305    27.6856    27.6966    6.87309    6.89692         25 0.0000e+00
      14916    621.438    219.000     3.8457   3.239103     3.8455   3.240242      97.59     0.0257     2.7414     2.4053 2.1752e-03     -2.881  1.8705747  1.1062278   57.80074  -51.33984    34.8518    34.8656     3.8305     3.8304    27.6859    27.6970    6.87621    6.89661         18 0.0000e+00
      14934    622.189    220.000     3.8457   3.239166     3.8456   3.240302      97.57     0.0288     2.7414     2.4045 2.1752e-03     -2.881  1.8705739  1.1062272   57.80076  -51.33986    34.8519    34.8656     3.8305     3.8304    27.6861    27.6970    6.87338    6.89769         19 0.0000e+00
      14964    623.456    221.000     3.8461   3.239244     3.8460   3.240387      92.15     0.0268     2.7403     2.4043 2.1752e-03     -2.881  1.8700252  1.1059418   57.80075  -51.33986    34.8519    34.8657     3.8308     3.8310    27.6860    27.6970    6.86410    6.90176         49 0.0000e+00
      15022    625.856    222.000     3.8463   3.239307     3.8462   3.240445      98.30     0.0284     2.7357     2.4030 2.1752e-03     -2.881  1.8711673  1.1058009   57.80076  -51.33989    34.8520    34.8657     3.8309     3.8311    27.6860    27.6970    6.83243    6.87752         47 0.0000e+00
      15055    627.250    223.000     3.8465   3.239383     3.8464   3.240520      97.59     0.0242     2.7324     2.3992 2.1754e-03     -2.881  1.8693525  1.1061878   57.80076  -51.33990    34.8521    34.8657     3.8311     3.8310    27.6861    27.6970    6.82948    6.85616         31 0.0000e+00
      15088    628.626    224.000     3.8469   3.239465     3.8468   3.240603      97.60     0.0236     2.7300     2.3957 2.1754e-03     -2.881  1.8692191  1.1062266   57.80077  -51.33992    34.8522    34.8658     3.8314     3.8313    27.6862    27.6971    6.83037    6.85072         36 0.0000e+00
      15127    630.244    225.000     3.8480   3.239653     3.8479   3.240799      97.48     0.0199     2.7278     2.3931 2.1775e-03     -2.881  1.8696442  1.1061631   57.80078  -51.33994    34.8526    34.8664     3.8324     3.8324    27.6864    27.6974    6.82968    6.86119         39 0.0000e+00
      15163    631.744    226.000     3.8493   3.239853     3.8491   3.240988      68.67     0.0171     2.7265     2.3947 2.1791e-03     -2.881  1.8728685  1.1062286   57.80078  -51.33996    34.8531    34.8668     3.8336     3.8335    27.6867    27.6976    6.82802    6.87966         33 0.0000e+00
      15194    633.035    227.000     3.8494   3.239926     3.8493   3.241057      97.46     0.0212     2.7255     2.4009 2.1818e-03     -2.881  1.8728973  1.1062272   57.80077  -51.33996    34.8533    34.8669     3.8337     3.8336    27.6868    27.6977    6.83200    6.94556         31 0.0000e+00
      15231    634.591    228.000     3.8485   3.239877     3.8483   3.241008      97.59     0.0278     2.7254     2.3924 2.1819e-03     -2.881  1.8732003  1.1062272   57.80076  -51.33996    34.8532    34.8668     3.8327     3.8325    27.6868    27.6977    6.83369    6.81583         51 0.0000e+00
      15296    637.277    229.000     3.8479   3.239864     3.8479   3.241004      97.58     0.0231     2.7243     2.3880 2.1833e-03     -2.881  1.8735731  1.1062272   57.80079  -51.34000    34.8531    34.8667     3.8320     3.8320    27.6868    27.6977    6.83234    6.85573         51 0.0000e+00
      15323    638.417    230.000     3.8447   3.239615     3.8446   3.240755      97.35     0.0249     2.7243     2.3893 2.1831e-03     -2.881  1.8731855  1.1062272   57.80078  -51.34000    34.8530    34.8667     3.8288     3.8287    27.6871    27.6980    6.83994    6.89394         20 0.0000e+00
      15340    639.112    231.000     3.8434   3.239569     3.8435   3.240708       5.45     0.0239     2.7249     2.3922 2.1831e-03     -2.881  1.8735540  1.1062272   57.80078  -51.34002    34.8532    34.8668     3.8275     3.8275    27.6874    27.6982    6.84034    6.92987         16 0.0000e+00
      15355    639.744    232.000     3.8437   3.239640     3.8436   3.240773      86.15     0.0267     2.7244     2.3961 2.1831e-03     -2.881  1.8739078  1.1062272   57.80078  -51.34002    34.8533    34.8669     3.8276     3.8275    27.6875    27.6983    6.83298    6.92704         15 0.0000e+00
      15374    640.534    233.000     3.8443   3.239753     3.8443   3.240895      95.63     0.0273     2.7238     2.3955 2.1831e-03     -2.881  1.8746078  1.1059842   57.80078  -51.34003    34.8534    34.8671     3.8282     3.8286    27.6875    27.6984    6.82146    6.84506         27 0.0000e+00
      15476    644.792    234.000     3.8453   3.239877     3.8454   3.241029      96.68     0.0226     2.7182     2.3873 2.1831e-03     -2.881  1.8780866  1.1060065   57.80079  -51.34007    34.8533    34.8670     3.8291     3.8291    27.6873    27.6982    6.80216    6.85714         27 0.0000e+00
      15498    645.716    235.000     3.8461   3.240039     3.8458   3.241164      96.67     0.0246     2.7172     2.3865 2.1831e-03     -2.881  1.8778982  1.1062250   57.80080  -51.34008    34.8539    34.8676     3.8298     3.8295    27.6877    27.6986    6.79973    6.88734         18 0.0000e+00
      15516    646.452    236.000     3.8474   3.240225     3.8473   3.241369      96.68     0.0260     2.7158     2.3923 2.1831e-03     -2.881  1.8778999  1.1062272   57.80080  -51.34008    34.8542    34.8679     3.8310     3.8309    27.6878    27.6987    6.78508    6.87900         17 0.0000e+00
      15542    647.534    237.000     3.8478   3.240310     3.8478   3.241461      95.52     0.0243     2.7132     2.3850 2.1831e-03     -2.881  1.8769131  1.1061778   57.80080  -51.34010    34.8542    34.8679     3.8314     3.8314    27.6878    27.6987    6.78808    6.79721         42 0.0000e+00
      15633    651.353    238.000     3.8481   3.240402     3.8478   3.241513      90.76     0.0207     2.7111     2.3808 2.1840e-03     -2.881  1.8787488  1.1061922   57.80080  -51.34014    34.8544    34.8679     3.8316     3.8313    27.6879    27.6987    6.79113    6.87857         32 0.0000e+00
      15647    651.933    239.000     3.8518   3.240904     3.8515   3.242010      96.96     0.0233     2.7103     2.3839 2.1835e-03     -2.881  1.8791958  1.1063582   57.80080  -51.34014    34.8559    34.8695     3.8353     3.8349    27.6887    27.6996    6.79640    6.86436         19 0.0000e+00
      15664    652.631    240.000     3.8551   3.241307     3.8549   3.242448      96.89     0.0217     2.7104     2.3858 2.1841e-03     -2.881  1.8793464  1.1063045   57.80081  -51.34015    34.8567    34.8705     3.8384     3.8383    27.6890    27.7000    6.80679    6.84743         16 0.0000e+00
      15681    653.347    241.000     3.8555   3.241467     3.8554   3.242609      96.90     0.0211     2.7110     2.3832 2.1843e-03     -2.881  1.8803033  1.1062301   57.80082  -51.34016    34.8576    34.8714     3.8388     3.8387    27.6897    27.7007    6.81890    6.81324         19 0.0000e+00
      15744    655.954    242.000     3.8542   3.241388     3.8539   3.242483      67.75     0.0188     2.7150     2.3850 2.1876e-03     -2.881  1.8806399  1.1068232   57.80082  -51.34018    34.8575    34.8709     3.8374     3.8371    27.6898    27.7005    6.83704    6.86232         36 0.0000e+00
      15800    658.281    243.000     3.8544   3.241489     3.8541   3.242624      59.34     0.0184     2.7189     2.3880 2.1884e-03     -2.881  1.8809652  1.1074739   57.80082  -51.34022    34.8580    34.8718     3.8375     3.8372    27.6902    27.7012    6.85357    6.86491         18 0.0000e+00
      15815    658.915    244.000     3.8541   3.241561     3.8539   3.242700      96.65     0.0166     2.7200     2.3878 2.1887e-03     -2.881  1.8818479  1.1074481   57.80082  -51.34022    34.8586    34.8724     3.8372     3.8370    27.6907    27.7017    6.84818    6.86240         17 0.0000e+00
      15835    659.737    245.000     3.8541   3.241613     3.8539   3.242748      96.70     0.0171     2.7206     2.3879 2.1898e-03     -2.881  1.8826861  1.1074481   57.80082  -51.34022    34.8586    34.8724     3.8372     3.8369    27.6907    27.7017    6.85378    6.86771         27 0.0000e+00
      15904    662.617    246.000     3.8543   3.241663     3.8544   3.242810      90.05     0.0170     2.7247     2.3910 2.1912e-03     -2.881  1.8814152  1.1065006   57.80083  -51.34024    34.8585    34.8721     3.8372     3.8373    27.6906    27.7015    6.86423    6.89312         73 0.0000e+00
      15941    664.165    247.000     3.8528   3.241636     3.8526   3.242762      96.85     0.0195     2.7260     2.3928 2.1911e-03     -2.881  1.8818589  1.1074624   57.80084  -51.34027    34.8592    34.8729     3.8357     3.8354    27.6913    27.7023    6.86334    6.89723         25 0.0000e+00
      15964    665.114    248.000     3.8518   3.241611     3.8516   3.242748      97.05     0.0234     2.7268     2.3935 2.1911e-03     -2.881  1.8826163  1.1074481   57.80084  -51.34028    34.8595    34.8732     3.8346     3.8344    27.6917    27.7026    6.86650    6.88743         23 0.0000e+00
      15989    666.156    249.000     3.8513   3.241641     3.8511   3.242780      97.30     0.0241     2.7272     2.3934 2.1911e-03     -2.881  1.8827823  1.1074481   57.80084  -51.34030    34.8598    34.8736     3.8340     3.8338    27.6920    27.7030    6.86567    6.91828         27 0.0000e+00
      16019    667.398    250.000     3.8512   3.241681     3.8511   3.242820      97.37     0.0205     2.7274     2.3981 2.1911e-03     -2.881  1.8819457  1.1063914   57.80084  -51.34030    34.8599    34.8736     3.8338     3.8337    27.6921    27.7030    6.86099    6.92932         33 0.0000e+00
      16069    669.507    251.000     3.8512   3.241732     3.8511   3.242867      86.00     0.0157     2.7271     2.3955 2.1911e-03     -2.881  1.8800921  1.1062425   57.80084  -51.34031    34.8599    34.8736     3.8338     3.8337    27.6921    27.7030    6.86203    6.87689         79 0.0000e+00
      16138    672.389    252.000     3.8513   3.241796     3.8512   3.242928      98.68     0.0148     2.7272     2.3882 2.1911e-03     -2.881  1.8776989  1.1062272   57.80084  -51.34034    34.8600    34.8736     3.8339     3.8337    27.6921    27.7030    6.86437    6.86158         36 0.0000e+00
      16162    673.363    253.000     3.8512   3.241822     3.8510   3.242970      97.49     0.0150     2.7272     2.3942 2.1911e-03     -2.881  1.8778999  1.1072398   57.80086  -51.34036    34.8600    34.8738     3.8336     3.8335    27.6921    27.7032    6.86365    6.91721         21 0.0000e+00
      16181    674.176    254.000     3.8510   3.241871     3.8507   3.243003      86.92     0.0155     2.7271     2.3900 2.1911e-03     -2.881  1.8778999  1.1072558   57.80086  -51.34038    34.8602    34.8740     3.8334     3.8331    27.6923    27.7034    6.86343    6.91293         19 0.0000e+00
      16201    674.987    255.000     3.8505   3.241897     3.8503   3.243030      58.29     0.0178     2.7269     2.4009 2.1911e-03     -2.881  1.8778999  1.1065292   57.80086  -51.34038    34.8604    34.8742     3.8328     3.8326    27.6926    27.7036    6.86081    6.98887         21 0.0000e+00
      16233    676.334    256.000     3.8505   3.241937     3.8504   3.243073      92.78     0.0151     2.7264     2.3918 2.1911e-03     -2.881  1.8778999  1.1063106   57.80086  -51.34038    34.8604    34.8741     3.8327     3.8326    27.6926    27.7035    6.86025    6.81557         44 0.0000e+00
      16328    680.310    257.000     3.8506   3.242011     3.8506   3.243151      97.53     0.0149     2.7262     2.3953 2.1911e-03     -2.881  1.8778999  1.1067575   57.80086  -51.34042    34.8606    34.8742     3.8328     3.8328    27.6928    27.7036    6.86437    6.92547         22 0.0000e+00
      16341    680.843    258.000     3.8497   3.242001     3.8496   3.243141      43.16     0.0183     2.7258     2.3929 2.1911e-03     -2.881  1.8779823  1.1070451   57.80086  -51.34043    34.8610    34.8747     3.8317     3.8316    27.6931    27.7041    6.86040    6.90049         15 0.0000e+00
      16355    681.424    259.000     3.8495   3.242047     3.8494   3.243185      77.45     0.0192     2.7258     2.3916 2.1911e-03     -2.881  1.8781840  1.1074529   57.80086  -51.34044    34.8612    34.8749     3.8315     3.8314    27.6933    27.7043    6.85647    7.04289         13 0.0000e+00
      16369    681.997    260.000     3.8496   3.242106     3.8494   3.243243      97.43     0.0168     2.7250     2.4105 2.1926e-03     -2.881  1.8779823  1.1074481   57.80088  -51.34046    34.8612    34.8750     3.8316     3.8313    27.6933    27.7043    6.85216    7.02379         15 0.0000e+00
      16407    683.603    261.000     3.8499   3.242182     3.8497   3.243308      84.78     0.0148     2.7243     2.3969 2.1930e-03     -2.881  1.8774621  1.1070588   57.80087  -51.34046    34.8612    34.8749     3.8318     3.8316    27.6933    27.7042    6.85572    6.81865         25 0.0000e+00
      16504    687.615    262.000     3.8504   3.242278     3.8502   3.243405      65.78     0.0153     2.7240     2.3930 2.1968e-03     -2.881  1.8766600  1.1069217   57.80086  -51.34048    34.8614    34.8750     3.8322     3.8319    27.6934    27.7043    6.86141    6.90811         14 0.0000e+00
      16515    688.065    263.000     3.8505   3.242392     3.8502   3.243515      97.62     0.0152     2.7240     2.3922 2.1957e-03     -2.881  1.8766788  1.1070417   57.80086  -51.34050    34.8621    34.8757     3.8322     3.8320    27.6940    27.7048    6.86391    6.88302         12 0.0000e+00
      16527    688.592    264.000     3.8507   3.242472     3.8505   3.243597      97.56     0.0155     2.7240     2.3916 2.1945e-03     -2.881  1.8766788  1.1073534   57.80086  -51.34050    34.8623    34.8759     3.8323     3.8321    27.6941    27.7050    6.86634    6.87608         14 0.0000e+00
      16545    689.331    265.000     3.8509   3.242531     3.8507   3.243667      97.36     0.0188     2.7241     2.3904 2.1979e-03     -2.881  1.8766788  1.1063967   57.80086  -51.34050    34.8622    34.8759     3.8325     3.8323    27.6940    27.7050    6.86533    6.87388         27 0.0000e+00
      16643    693.425    266.000     3.8513   3.242586     3.8512   3.243718      52.34     0.0174     2.7227     2.3883 2.1991e-03     -2.881  1.8763292  1.1062272   57.80086  -51.34054    34.8619    34.8755     3.8328     3.8327    27.6937    27.7046    6.85629    6.88094         26 0.0000e+00
      16661    694.159    267.000     3.8518   3.242747     3.8516   3.243879      97.91     0.0165     2.7225     2.3892 2.1990e-03     -2.881  1.8766215  1.1062272   57.80088  -51.34054    34.8628    34.8765     3.8332     3.8330    27.6944    27.7053    6.85961    6.88757         20 0.0000e+00
      16681    695.015    268.000     3.8524   3.242934     3.8523   3.244062      97.25     0.0162     2.7222     2.3877 2.1990e-03     -2.881  1.8773402  1.1062272   57.80088  -51.34056    34.8637    34.8774     3.8338     3.8336    27.6951    27.7060    6.86162    6.89515         22 0.0000e+00
      16714    696.388    269.000     3.8528   3.243032     3.8525   3.244172      96.77     0.0152     2.7220     2.3908 2.1990e-03     -2.881  1.8771163  1.1062272   57.80088  -51.34057    34.8640    34.8778     3.8341     3.8338    27.6953    27.7064    6.85610    6.90595         50 0.0000e+00
      16771    698.770    270.000     3.8529   3.243103     3.8528   3.244248      80.14     0.0162     2.7206     2.3888 2.1990e-03     -2.881  1.8755113  1.1062272   57.80088  -51.34058    34.8641    34.8779     3.8341     3.8340    27.6954    27.7064    6.85496    6.87087         52 0.0000e+00
