Data/raw_excel/lovbio032b/CTD/D008A071.CNV
* Sea-Bird SBE 9 Data File:
* FileName = C:\CTD_ACQUISITION\2013008HUD\ctddata\008A071.hdr
* Software Version Seasave V 7.22.2
* Temperature SN = 5081
* Conductivity SN = 3561
* Number of Bytes Per Scan = 37
* Number of Voltage Words = 4
* Number of Scans Averaged by the Deck Unit = 1
* NMEA Latitude = 57 48.01 N
* NMEA Longitude = 051 20.18 W
* NMEA UTC (Time) = May 14 2013 09:25:14
* NMEA baud rate = 9600
** Ship: Hudson
** Cruise: HUD2013008
** Chief_Scientist: Yashayaev
** Organization: BIO
** Area_of_Operation: Labrador Sea
** Station: 71
** Sounding:
** Event_Comments: L3_17_Bio
# nquan = 27
# nvalues = 399                         
# units = specified
# name 0 = scan: Scan Count
# name 1 = timeS: Time, Elapsed [seconds]
# name 2 = prDM: Pressure, Digiquartz [db]
# name 3 = t068C: Temperature [ITS-68, deg C]
# name 4 = c0S/m: Conductivity [S/m]
# name 5 = t168C: Temperature, 2 [ITS-68, deg C]
# name 6 = c1S/m: Conductivity, 2 [S/m]
# name 7 = altM: Altimeter [m]
# name 8 = flCUVA: Fluorescence, Chelsea UV Aquatracka [ug/l]
# name 9 = sbeox0V: Oxygen raw, SBE 43 [V]
# name 10 = sbeox1V: Oxygen raw, SBE 43, 2 [V]
# name 11 = par: PAR/Irradiance, Biospherical/Licor
# name 12 = ph: pH
# name 13 = upoly0: Upoly 0, Optode 4330F - O2 D-Phase
# name 14 = upoly1: Upoly 1, Optode 4330F - O2 Temp
# name 15 = latitude: Latitude [deg]
# name 16 = longitude: Longitude [deg]
# name 17 = sal00: Salinity, Practical [PSU]
# name 18 = sal11: Salinity, Practical, 2 [PSU]
# name 19 = potemp068C: Potential Temperature [ITS-68, deg C]
# name 20 = potemp168C: Potential Temperature, 2 [ITS-68, deg C]
# name 21 = sigma-é00: Density [sigma-theta, Kg/m^3]
# name 22 = sigma-é11: Density, 2 [sigma-theta, Kg/m^3]
# name 23 = sbeox0ML/L: Oxygen, SBE 43 [ml/l], WS = 2
# name 24 = sbeox1ML/L: Oxygen, SBE 43, 2 [ml/l], WS = 2
# name 25 = nbin: number of scans per bin
# name 26 = flag: flag
# span 0 =       6565,      22114       
# span 1 =    273.496,    921.373       
# span 2 =      3.000,    401.000       
# span 3 =     3.6981,     3.8875       
# span 4 =   3.210361,   3.248575       
# span 5 =     3.7043,     3.8873       
# span 6 =   3.212137,   3.249732       
# span 7 =       3.15,      99.93       
# span 8 =     0.0054,     0.2433       
# span 9 =     2.6317,     2.9169       
# span 10 =     2.3074,     2.5664      
# span 11 = 2.1360e-03, 1.9070e+02      
# span 12 =     -2.886,     -2.880      
# span 13 =  1.8157596,  1.9094968      
# span 14 =  1.0878674,  1.1111203      
# span 15 =   57.80061,   57.80104      
# span 16 =  -51.34102,  -51.33874      
# span 17 =    34.7831,    34.8740      
# span 18 =    34.7918,    34.8877      
# span 19 =     3.6978,     3.8664      
# span 20 =     3.6995,     3.8662      
# span 21 =    27.6448,    27.7075      
# span 22 =    27.6504,    27.7184      
# span 23 =    6.67959,    7.22975      
# span 24 =    6.48844,    7.32289      
# span 25 =         10,         84      
# span 26 = 0.0000e+00, 0.0000e+00      
# interval = decibars: 1                
# start_time = May 14 2013 09:25:14 [NMEA time, header]
# bad_flag = -9.990e-29
*END*
[from data line 54]
       9206    383.556     57.000     3.7059   3.214387     3.7063   3.215570      74.90     0.2035     2.8785     2.5279 9.5191e-01     -2.886  1.8241487  1.0898702   57.80100  -51.33908    34.7938    34.8075     3.7021     3.7025    27.6528    27.6637    7.18027    7.29835         17 0.0000e+00
       9218    384.046     58.000     3.7048   3.214340     3.7050   3.215511      27.59     0.2023     2.8787     2.5285 8.6833e-01     -2.886  1.8241758  1.0892922   57.80100  -51.33908    34.7938    34.8076     3.7009     3.7012    27.6530    27.6639    7.17768    7.24590         15 0.0000e+00
       9232    384.626     59.000     3.7046   3.214361     3.7046   3.215522      94.87     0.2015     2.8784     2.5280 7.9410e-01     -2.886  1.8242602  1.0898136   57.80100  -51.33908    34.7938    34.8077     3.7006     3.7007    27.6530    27.6640    7.17389    7.23731         14 0.0000e+00
       9247    385.245     60.000     3.7043   3.214384     3.7045   3.215542      96.97     0.2023     2.8781     2.5289 7.3246e-01     -2.886  1.8253498  1.0890889   57.80100  -51.33910    34.7938    34.8075     3.7003     3.7005    27.6530    27.6639    7.17267    7.23431         16 0.0000e+00
       9283    386.732     61.000     3.7046   3.214444     3.7046   3.215589      66.65     0.2013     2.8772     2.5270 6.9719e-01     -2.886  1.8255810  1.0890050   57.80100  -51.33910    34.7936    34.8073     3.7006     3.7006    27.6528    27.6638    7.16854    7.22160         37 0.0000e+00
       9374    390.542     62.000     3.7050   3.214541     3.7050   3.215679      71.91     0.2018     2.8761     2.5253 6.8533e-01     -2.886  1.8266537  1.0888052   57.80100  -51.33912    34.7938    34.8075     3.7009     3.7009    27.6529    27.6639    7.17158    7.23074         19 0.0000e+00
       9389    391.168     63.000     3.7044   3.214533     3.7043   3.215668      60.14     0.2042     2.8761     2.5255 6.2711e-01     -2.886  1.8254662  1.0891339   57.80100  -51.33914    34.7938    34.8075     3.7002     3.7001    27.6530    27.6639    7.17512    7.23481         17 0.0000e+00
       9406    391.863     64.000     3.7045   3.214583     3.7044   3.215718      96.43     0.2046     2.8759     2.5260 5.7927e-01     -2.886  1.8253980  1.0891331   57.80101  -51.33914    34.7937    34.8075     3.7003     3.7001    27.6529    27.6639    7.17523    7.22310         17 0.0000e+00
       9427    392.732     65.000     3.7045   3.214628     3.7044   3.215754      43.94     0.2024     2.8758     2.5243 5.4190e-01     -2.886  1.8261602  1.0886841   57.80102  -51.33914    34.7937    34.8074     3.7002     3.7001    27.6529    27.6638    7.17238    7.22273         26 0.0000e+00
       9480    394.957     66.000     3.7047   3.214684     3.7047   3.215820      78.56     0.2026     2.8751     2.5254 5.2757e-01     -2.886  1.8264474  1.0879197   57.80101  -51.33914    34.7936    34.8073     3.7003     3.7003    27.6529    27.6637    7.17429    7.22684         80 0.0000e+00
       9538    397.381     67.000     3.7048   3.214742     3.7047   3.215875      97.47     0.1950     2.8749     2.5217 5.1412e-01     -2.886  1.8270942  1.0889335   57.80100  -51.33916    34.7936    34.8074     3.7004     3.7003    27.6529    27.6638    7.17197    7.19932         32 0.0000e+00
       9566    398.559     68.000     3.7049   3.214797     3.7049   3.215933      53.06     0.1937     2.8743     2.5210 4.8067e-01     -2.886  1.8274453  1.0891325   57.80102  -51.33917    34.7937    34.8074     3.7004     3.7005    27.6529    27.6638    7.16947    7.21619         28 0.0000e+00
       9595    399.762     69.000     3.7050   3.214860     3.7049   3.215996      89.99     0.1960     2.8737     2.5210 4.4457e-01     -2.886  1.8278500  1.0890883   57.80102  -51.33918    34.7938    34.8075     3.7004     3.7003    27.6530    27.6639    7.17128    7.21768         28 0.0000e+00
       9621    400.846     70.000     3.7049   3.214893     3.7048   3.216030      97.17     0.2027     2.8737     2.5214 4.1249e-01     -2.886  1.8273668  1.0886101   57.80101  -51.33919    34.7938    34.8075     3.7002     3.7001    27.6530    27.6639    7.17513    7.23189         24 0.0000e+00
       9644    401.802     71.000     3.7050   3.214952     3.7049   3.216089      36.29     0.2016     2.8736     2.5218 3.8610e-01     -2.886  1.8267771  1.0879198   57.80100  -51.33920    34.7938    34.8075     3.7003     3.7004    27.6530    27.6639    7.17273    7.22097         24 0.0000e+00
       9678    403.224     72.000     3.7047   3.214959     3.7047   3.216095      82.26     0.1982     2.8731     2.5215 3.6316e-01     -2.886  1.8265476  1.0879121   57.80100  -51.33920    34.7936    34.8073     3.6999     3.6999    27.6529    27.6638    7.17016    7.22275         55 0.0000e+00
       9761    406.656     73.000     3.7047   3.215003     3.7047   3.216141      79.95     0.1916     2.8716     2.5215 3.2899e-01     -2.886  1.8268909  1.0881029   57.80100  -51.33920    34.7936    34.8073     3.6998     3.6998    27.6529    27.6638    7.17113    7.22687         56 0.0000e+00
       9787    407.752     74.000     3.7047   3.215055     3.7045   3.216181      39.39     0.1954     2.8717     2.5222 2.9326e-01     -2.886  1.8278522  1.0891472   57.80100  -51.33922    34.7937    34.8074     3.6997     3.6996    27.6530    27.6639    7.16873    7.22581         26 0.0000e+00
       9811    408.741     75.000     3.7047   3.215104     3.7046   3.216241      97.43     0.1972     2.8713     2.5215 2.6860e-01     -2.886  1.8278388  1.0891331   57.80100  -51.33923    34.7938    34.8075     3.6996     3.6996    27.6531    27.6640    7.16959    7.21770         22 0.0000e+00
       9833    409.661     76.000     3.7046   3.215146     3.7045   3.216290      65.21     0.2070     2.8711     2.5206 2.4880e-01     -2.886  1.8278388  1.0889748   57.80100  -51.33924    34.7938    34.8076     3.6995     3.6995    27.6531    27.6641    7.17076    7.21471         23 0.0000e+00
       9858    410.699     77.000     3.7050   3.215235     3.7049   3.216369      46.24     0.2017     2.8711     2.5202 2.3294e-01     -2.886  1.8278388  1.0885638   57.80100  -51.33923    34.7938    34.8076     3.6999     3.6998    27.6531    27.6640    7.17611    7.21895         29 0.0000e+00
       9898    412.395     78.000     3.7052   3.215295     3.7052   3.216429      96.32     0.1964     2.8707     2.5194 2.2026e-01     -2.886  1.8277442  1.0879202   57.80100  -51.33922    34.7938    34.8075     3.7000     3.7000    27.6530    27.6639    7.16728    7.20610         51 0.0000e+00
       9946    414.356     79.000     3.7053   3.215354     3.7053   3.216488      56.97     0.1986     2.8702     2.5158 2.0713e-01     -2.886  1.8277125  1.0881064   57.80100  -51.33924    34.7939    34.8075     3.7001     3.7000    27.6531    27.6640    7.17450    7.21175         39 0.0000e+00
       9979    415.738     80.000     3.7053   3.215410     3.7053   3.216550      97.73     0.1964     2.8700     2.5203 1.9277e-01     -2.886  1.8281853  1.0891550   57.80100  -51.33924    34.7940    34.8077     3.7000     3.7001    27.6532    27.6641    7.16666    7.26673         29 0.0000e+00
      10005    416.850     81.000     3.7056   3.215478     3.7055   3.216617      27.71     0.1955     2.8694     2.5217 1.8054e-01     -2.886  1.8276697  1.0887650   57.80100  -51.33925    34.7939    34.8078     3.7002     3.7001    27.6531    27.6641    7.16966    7.23720         24 0.0000e+00
      10028    417.772     82.000     3.7059   3.215567     3.7058   3.216690      47.73     0.1938     2.8693     2.5216 1.6992e-01     -2.886  1.8273944  1.0882999   57.80100  -51.33926    34.7941    34.8078     3.7005     3.7003    27.6532    27.6641    7.17040    7.24013         22 0.0000e+00
      10058    419.032     83.000     3.7057   3.215575     3.7057   3.216712      78.79     0.1949     2.8688     2.5218 1.6003e-01     -2.886  1.8275733  1.0880353   57.80100  -51.33926    34.7939    34.8076     3.7002     3.7002    27.6531    27.6640    7.16867    7.19727         40 0.0000e+00
      10153    422.983     84.000     3.7059   3.215645     3.7061   3.216814      26.95     0.1937     2.8692     2.5087 1.5051e-01     -2.886  1.8275594  1.0888472   57.80100  -51.33927    34.7940    34.8078     3.7003     3.7005    27.6532    27.6641    7.17649    7.23201         22 0.0000e+00
      10166    423.532     85.000     3.7059   3.215697     3.7058   3.216836      91.63     0.1928     2.8691     2.5153 1.4023e-01     -2.886  1.8290405  1.0892895   57.80099  -51.33928    34.7941    34.8078     3.7002     3.7001    27.6533    27.6642    7.17637    7.29306         15 0.0000e+00
      10180    424.123     86.000     3.7062   3.215782     3.7061   3.216909      96.89     0.1946     2.8694     2.5195 1.3124e-01     -2.886  1.8290598  1.0893209   57.80098  -51.33928    34.7942    34.8079     3.7005     3.7003    27.6533    27.6642    7.17649    7.27976         13 0.0000e+00
      10194    424.723     87.000     3.7065   3.215852     3.7061   3.216959      96.90     0.2000     2.8692     2.5200 1.2260e-01     -2.886  1.8288331  1.0890594   57.80098  -51.33928    34.7942    34.8079     3.7007     3.7003    27.6533    27.6642    7.17191    7.25061         16 0.0000e+00
      10219    425.762     88.000     3.7065   3.215884     3.7062   3.216995      60.48     0.1974     2.8686     2.5204 1.1574e-01     -2.886  1.8280243  1.0884335   57.80098  -51.33928    34.7940    34.8077     3.7006     3.7003    27.6532    27.6641    7.17096    7.23745         37 0.0000e+00
      10331    430.408     89.000     3.7068   3.215957     3.7069   3.217103      99.24     0.1937     2.8672     2.5095 1.1654e-01     -2.886  1.8278351  1.0891781   57.80098  -51.33930    34.7941    34.8077     3.7008     3.7009    27.6532    27.6640    7.16938    7.23933         25 0.0000e+00
      10347    431.074     90.000     3.7060   3.215944     3.7060   3.217083      96.91     0.2005     2.8670     2.5204 1.0893e-01     -2.886  1.8278388  1.0891331   57.80098  -51.33930    34.7942    34.8078     3.7000     3.7000    27.6533    27.6642    7.17035    7.30834         18 0.0000e+00
      10364    431.791     91.000     3.7062   3.216002     3.7062   3.217138      19.68     0.2042     2.8668     2.5206 1.0120e-01     -2.886  1.8278388  1.0891331   57.80098  -51.33930    34.7941    34.8078     3.7001     3.7001    27.6533    27.6642    7.17116    7.24134         17 0.0000e+00
      10381    432.504     92.000     3.7064   3.216067     3.7063   3.217200      81.41     0.2044     2.8667     2.5196 9.4236e-02     -2.886  1.8278388  1.0891331   57.80098  -51.33930    34.7941    34.8078     3.7002     3.7002    27.6533    27.6642    7.17010    7.22328         18 0.0000e+00
      10402    433.378     93.000     3.7065   3.216118     3.7063   3.217238      96.02     0.2024     2.8661     2.5187 8.7874e-02     -2.886  1.8288925  1.0879917   57.80098  -51.33930    34.7940    34.8077     3.7003     3.7001    27.6532    27.6641    7.16758    7.21089         26 0.0000e+00
      10484    436.810     94.000     3.7068   3.216185     3.7069   3.217339      32.70     0.1937     2.8658     2.5132 8.3753e-02     -2.886  1.8281858  1.0886962   57.80097  -51.33930    34.7940    34.8078     3.7005     3.7006    27.6532    27.6641    7.17113    7.19736         27 0.0000e+00
      10528    438.633     95.000     3.7065   3.216209     3.7064   3.217353      97.09     0.1943     2.8657     2.5115 8.0883e-02     -2.886  1.8278331  1.0891401   57.80096  -51.33930    34.7941    34.8078     3.7001     3.7001    27.6533    27.6642    7.16530    7.20809         14 0.0000e+00
      10542    439.205     96.000     3.7063   3.216242     3.7062   3.217383      85.28     0.1952     2.8650     2.5117 7.5532e-02     -2.886  1.8278388  1.0891331   57.80096  -51.33930    34.7941    34.8079     3.6999     3.6998    27.6533    27.6643    7.16450    7.21194         15 0.0000e+00
      10557    439.843     97.000     3.7063   3.216289     3.7062   3.217429      96.42     0.1936     2.8647     2.5119 6.9867e-02     -2.886  1.8278388  1.0891331   57.80096  -51.33930    34.7942    34.8079     3.6998     3.6998    27.6533    27.6643    7.16816    7.21127         17 0.0000e+00
      10590    441.217     98.000     3.7065   3.216342     3.7065   3.217477      75.26     0.1948     2.8643     2.5116 6.3686e-02     -2.886  1.8286325  1.0883890   57.80096  -51.33930    34.7940    34.8076     3.6999     3.6999    27.6532    27.6641    7.16723    7.21091         61 0.0000e+00
      10662    444.194     99.000     3.7066   3.216396     3.7065   3.217527      61.54     0.1894     2.8632     2.5120 5.8522e-02     -2.886  1.8277936  1.0878674   57.80096  -51.33930    34.7940    34.8076     3.7000     3.6999    27.6532    27.6641    7.17040    7.21450         47 0.0000e+00
      10692    445.474    100.000     3.7065   3.216443     3.7065   3.217583      96.81     0.1908     2.8633     2.5110 5.5698e-02     -2.886  1.8290157  1.0890888   57.80096  -51.33930    34.7942    34.8078     3.6998     3.6998    27.6533    27.6642    7.16959    7.20079         30 0.0000e+00
      10723    446.757    101.000     3.7071   3.216561     3.7071   3.217692      46.85     0.1936     2.8630     2.5104 5.2399e-02     -2.886  1.8290594  1.0887175   57.80096  -51.33930    34.7943    34.8079     3.7003     3.7003    27.6534    27.6642    7.16751    7.20418         32 0.0000e+00
      10757    448.177    102.000     3.7080   3.216714     3.7081   3.217849      97.29     0.1932     2.8623     2.5088 4.9081e-02     -2.886  1.8290598  1.0879413   57.80096  -51.33930    34.7946    34.8082     3.7012     3.7012    27.6536    27.6644    7.16505    7.19132         35 0.0000e+00
      10790    449.531    103.000     3.7079   3.216747     3.7083   3.217924      51.32     0.1939     2.8618     2.5086 4.6185e-02     -2.886  1.8290598  1.0879118   57.80096  -51.33930    34.7946    34.8083     3.7010     3.7014    27.6536    27.6644    7.16460    7.20814         30 0.0000e+00
      10819    450.731    104.000     3.7082   3.216834     3.7084   3.217993      87.34     0.1936     2.8614     2.5088 4.3657e-02     -2.886  1.8290162  1.0879121   57.80095  -51.33930    34.7947    34.8085     3.7013     3.7014    27.6537    27.6646    7.16261    7.21649         28 0.0000e+00
      10846    451.889    105.000     3.7111   3.217203     3.7108   3.218318      96.90     0.1900     2.8606     2.5100 4.1165e-02     -2.886  1.8286693  1.0879121   57.80094  -51.33930    34.7956    34.8092     3.7041     3.7038    27.6540    27.6649    7.16004    7.21221         28 0.0000e+00
      10878    453.193    106.000     3.7131   3.217478     3.7133   3.218637      52.67     0.1907     2.8596     2.5085 3.8981e-02     -2.886  1.8289171  1.0879121   57.80094  -51.33930    34.7961    34.8098     3.7060     3.7062    27.6543    27.6652    7.15407    7.18647         36 0.0000e+00
      10921    455.017    107.000     3.7145   3.217667     3.7151   3.218876      41.37     0.1867     2.8586     2.5067 3.7009e-02     -2.886  1.8290565  1.0884386   57.80094  -51.33930    34.7964    34.8103     3.7073     3.7079    27.6544    27.6654    7.15673    7.19571         52 0.0000e+00
      10974    457.193    108.000     3.7161   3.217906     3.7162   3.219054      87.65     0.1827     2.8575     2.5062 3.4953e-02     -2.886  1.8290598  1.0891074   57.80094  -51.33930    34.7970    34.8107     3.7089     3.7090    27.6547    27.6656    7.15397    7.19961         46 0.0000e+00
      11008    458.642    109.000     3.7166   3.218016     3.7165   3.219150      42.72     0.1835     2.8569     2.5060 3.2780e-02     -2.886  1.8293488  1.0891345   57.80094  -51.33931    34.7972    34.8110     3.7093     3.7094    27.6548    27.6658    7.15125    7.18816         26 0.0000e+00
