Data/raw_excel/lovbio042c/CTD/VENUS2013_CTD51.cnv
* Sea-Bird SBE 9 Data File:
* FileName = C:\Dati\Venus_2\51.hex
* Software Version Seasave V 7.22.5
* Temperature SN = 4250
* Conductivity SN = 2779
* Number of Bytes Per Scan = 37
* Number of Voltage Words = 4
* Number of Scans Averaged by the Deck Unit = 1
* NMEA Latitude = 39 46.85 N
* NMEA Longitude = 011 53.01 E
* NMEA UTC (Time) = Jun 15 2013 09:56:36
* NMEA baud rate = 4800
** Ship: Urania
** Cruise:Venus2
** Station: 51
** Depth: 3480
# nquan = 15
# nvalues = 3539                        
# units = specified
# name 0 = prDM: Pressure, Digiquartz [db]
# name 1 = t090C: Temperature [ITS-90, deg C]
# name 2 = t190C: Temperature, 2 [ITS-90, deg C]
# name 3 = c1mS/cm: Conductivity, 2 [mS/cm]
# name 4 = c0mS/cm: Conductivity [mS/cm]
# name 5 = sal11: Salinity, Practical, 2 [PSU]
# name 6 = sal00: Salinity, Practical [PSU]
# name 7 = sbeox0ML/L: Oxygen, SBE 43 [ml/l]
# name 8 = sbeox1ML/L: Oxygen, SBE 43, 2 [ml/l]
# name 9 = flC: Fluorescence, Chelsea Aqua 3 Chl Con [ug/l]
# name 10 = density00: Density [density, Kg/m^3]
# name 11 = potemp090C: Potential Temperature [ITS-90, deg C]
# name 12 = sigma-é00: Density [sigma-theta, Kg/m^3]
# name 13 = depSM: Depth [salt water, m], lat = 39.7808
# name 14 = flag: flag
# span 0 =      1.000,   3539.000       
# span 1 =    13.4236,    21.8825       
# span 2 =    13.4089,    21.8350       
# span 3 =  45.456995,  53.528101       
# span 4 =  45.479366,  53.606002       
# span 5 =    37.9690,    38.7491       
# span 6 =    37.9801,    38.7589       
# span 7 =    4.11527,    6.25640       
# span 8 =    4.09125,    6.07408       
# span 9 =     0.0080,     0.2508       
# span 10 =  1026.5290,  1044.1624      
# span 11 =    12.9765,    21.8823      
# span 12 =    26.5248,    29.1295      
# span 13 =      0.992,   3482.817      
# span 14 = 0.0000e+00, 0.0000e+00      
# interval = decibars: 1                
# start_time = Jun 15 2013 09:56:36 [NMEA time, header]
# bad_flag = -9.990e-29
*END*
[from data line 1061]
   1062.000    13.7037    13.6886  45.992045  46.019054    38.6601    38.6705    4.26764    4.20536     0.0124  1033.7507    13.5430    29.1254   1051.197 0.0000e+00
   1063.000    13.7039    13.6886  45.992624  46.019558    38.6602    38.6704    4.25540    4.20752     0.0138  1033.7549    13.5430    29.1253   1052.184 0.0000e+00
   1064.000    13.7039    13.6887  45.993098  46.019946    38.6602    38.6703    4.22471    4.20115     0.0126  1033.7591    13.5429    29.1253   1053.172 0.0000e+00
   1065.000    13.7040    13.6887  45.993494  46.020542    38.6601    38.6703    4.28455    4.20500     0.0111  1033.7635    13.5428    29.1254   1054.159 0.0000e+00
   1066.000    13.7043    13.6890  45.994267  46.021225    38.6601    38.6703    4.23538    4.20604     0.0114  1033.7677    13.5429    29.1253   1055.146 0.0000e+00
   1067.000    13.7044    13.6891  45.994876  46.021858    38.6602    38.6703    4.23656    4.20467     0.0107  1033.7721    13.5429    29.1254   1056.133 0.0000e+00
   1068.000    13.7045    13.6893  45.995463  46.022488    38.6601    38.6704    4.24442    4.20446     0.0112  1033.7764    13.5429    29.1254   1057.121 0.0000e+00
   1069.000    13.7046    13.6894  45.996178  46.022993    38.6602    38.6703    4.25647    4.20236     0.0114  1033.7807    13.5428    29.1254   1058.108 0.0000e+00
   1070.000    13.7048    13.6896  45.996786  46.023692    38.6602    38.6704    4.26683    4.20452     0.0122  1033.7850    13.5429    29.1253   1059.095 0.0000e+00
   1071.000    13.7048    13.6897  45.997304  46.024173    38.6602    38.6704    4.21969    4.20273     0.0121  1033.7894    13.5427    29.1254   1060.083 0.0000e+00
   1072.000    13.7049    13.6897  45.997736  46.024603    38.6601    38.6703    4.27475    4.19481     0.0115  1033.7937    13.5426    29.1254   1061.070 0.0000e+00
   1073.000    13.7050    13.6898  45.998220  46.025159    38.6601    38.6703    4.23544    4.19322     0.0119  1033.7979    13.5426    29.1254   1062.057 0.0000e+00
   1074.000    13.7053    13.6902  45.999155  46.025957    38.6601    38.6703    4.22715    4.19718     0.0137  1033.8022    13.5427    29.1254   1063.044 0.0000e+00
   1075.000    13.7054    13.6902  45.999550  46.026466    38.6600    38.6703    4.23972    4.20445     0.0117  1033.8065    13.5426    29.1254   1064.032 0.0000e+00
   1076.000    13.7056    13.6904  46.000216  46.027077    38.6601    38.6703    4.24095    4.20242     0.0108  1033.8108    13.5427    29.1253   1065.019 0.0000e+00
   1077.000    13.7054    13.6902  46.000400  46.027299    38.6600    38.6702    4.24322    4.20269     0.0115  1033.8152    13.5423    29.1254   1066.006 0.0000e+00
   1078.000    13.7058    13.6904  46.001034  46.028161    38.6600    38.6703    4.26932    4.19544     0.0122  1033.8194    13.5425    29.1254   1066.994 0.0000e+00
   1079.000    13.7056    13.6905  46.001632  46.028470    38.6600    38.6702    4.25608    4.19142     0.0116  1033.8238    13.5423    29.1254   1067.981 0.0000e+00
   1080.000    13.7058    13.6905  46.002068  46.028972    38.6600    38.6702    4.21298    4.20368     0.0115  1033.8280    13.5423    29.1253   1068.968 0.0000e+00
   1081.000    13.7058    13.6908  46.002720  46.029405    38.6600    38.6701    4.27930    4.19775     0.0110  1033.8323    13.5421    29.1253   1069.955 0.0000e+00
   1082.000    13.7060    13.6908  46.003095  46.030055    38.6599    38.6702    4.23618    4.21164     0.0115  1033.8366    13.5421    29.1254   1070.942 0.0000e+00
   1083.000    13.7061    13.6909  46.003870  46.030730    38.6600    38.6702    4.22887    4.21048     0.0116  1033.8410    13.5421    29.1255   1071.930 0.0000e+00
   1084.000    13.7064    13.6912  46.004506  46.031474    38.6599    38.6703    4.24595    4.19720     0.0115  1033.8453    13.5422    29.1254   1072.917 0.0000e+00
   1085.000    13.7064    13.6912  46.004974  46.031916    38.6600    38.6702    4.24812    4.20251     0.0118  1033.8496    13.5420    29.1254   1073.904 0.0000e+00
   1086.000    13.7064    13.6913  46.005463  46.032341    38.6599    38.6701    4.24562    4.20741     0.0123  1033.8539    13.5419    29.1254   1074.891 0.0000e+00
   1087.000    13.7066    13.6914  46.006033  46.032928    38.6600    38.6702    4.24453    4.19600     0.0116  1033.8582    13.5419    29.1254   1075.878 0.0000e+00
   1088.000    13.7067    13.6914  46.006477  46.033503    38.6599    38.6701    4.23493    4.20575     0.0120  1033.8625    13.5419    29.1254   1076.866 0.0000e+00
   1089.000    13.7069    13.6919  46.007250  46.034126    38.6598    38.6701    4.27320    4.21246     0.0114  1033.8667    13.5420    29.1253   1077.853 0.0000e+00
   1090.000    13.7070    13.6920  46.007930  46.034677    38.6599    38.6701    4.23701    4.21496     0.0128  1033.8711    13.5419    29.1254   1078.840 0.0000e+00
   1091.000    13.7067    13.6916  46.007843  46.034768    38.6598    38.6700    4.22276    4.20726     0.0124  1033.8755    13.5414    29.1255   1079.827 0.0000e+00
   1092.000    13.7069    13.6918  46.008631  46.035376    38.6599    38.6700    4.27429    4.20815     0.0124  1033.8797    13.5415    29.1254   1080.815 0.0000e+00
   1093.000    13.7069    13.6918  46.009051  46.035667    38.6598    38.6699    4.22526    4.20075     0.0118  1033.8839    13.5413    29.1253   1081.802 0.0000e+00
   1094.000    13.7057    13.6906  46.007853  46.034578    38.6595    38.6696    4.23122    4.19753     0.0133  1033.8883    13.5400    29.1254   1082.789 0.0000e+00
   1095.000    13.7040    13.6888  46.006074  46.032706    38.6592    38.6692    4.23731    4.20089     0.0130  1033.8927    13.5381    29.1254   1083.776 0.0000e+00
   1096.000    13.7027    13.6875  46.004855  46.031321    38.6589    38.6688    4.24108    4.20568     0.0132  1033.8970    13.5367    29.1254   1084.763 0.0000e+00
   1097.000    13.7011    13.6858  46.003007  46.029678    38.6585    38.6685    4.24471    4.20121     0.0128  1033.9014    13.5350    29.1254   1085.750 0.0000e+00
   1098.000    13.6988    13.6838  46.000738  46.027116    38.6579    38.6678    4.27848    4.20527     0.0122  1033.9059    13.5325    29.1256   1086.738 0.0000e+00
   1099.000    13.6977    13.6826  45.999488  46.025851    38.6575    38.6674    4.23821    4.20982     0.0114  1033.9100    13.5313    29.1254   1087.725 0.0000e+00
   1100.000    13.6971    13.6821  45.999093  46.025636    38.6572    38.6674    4.22063    4.20499     0.0116  1033.9145    13.5305    29.1256   1088.712 0.0000e+00
   1101.000    13.6966    13.6814  45.998625  46.025022    38.6570    38.6671    4.28803    4.19774     0.0118  1033.9186    13.5299    29.1253   1089.699 0.0000e+00
   1102.000    13.6935    13.6784  45.995284  46.021745    38.6565    38.6663    4.23214    4.19444     0.0110  1033.9233    13.5267    29.1256   1090.686 0.0000e+00
   1103.000    13.6912    13.6761  45.992747  46.019106    38.6560    38.6659    4.24005    4.20391     0.0118  1033.9278    13.5241    29.1258   1091.673 0.0000e+00
   1104.000    13.6901    13.6750  45.991551  46.017947    38.6555    38.6654    4.25124    4.20232     0.0125  1033.9320    13.5230    29.1256   1092.660 0.0000e+00
   1105.000    13.6906    13.6752  45.992039  46.018877    38.6554    38.6655    4.28038    4.19260     0.0112  1033.9362    13.5233    29.1256   1093.648 0.0000e+00
   1106.000    13.6894    13.6745  45.991452  46.017497    38.6551    38.6650    4.26109    4.21159     0.0123  1033.9404    13.5219    29.1254   1094.635 0.0000e+00
   1107.000    13.6857    13.6698  45.986308  46.013077    38.6544    38.6641    4.22190    4.21775     0.0129  1033.9449    13.5181    29.1256   1095.622 0.0000e+00
   1108.000    13.6821    13.6665  45.982321  46.009024    38.6536    38.6634    4.29091    4.21809     0.0129  1033.9496    13.5144    29.1259   1096.609 0.0000e+00
   1109.000    13.6802    13.6651  45.980671  46.006838    38.6530    38.6629    4.24683    4.20579     0.0115  1033.9539    13.5123    29.1258   1097.596 0.0000e+00
   1110.000    13.6791    13.6638  45.979299  46.005629    38.6526    38.6625    4.23183    4.20406     0.0119  1033.9582    13.5110    29.1258   1098.583 0.0000e+00
   1111.000    13.6774    13.6621  45.977485  46.003959    38.6521    38.6621    4.24566    4.20854     0.0110  1033.9626    13.5093    29.1259   1099.570 0.0000e+00
   1112.000    13.6756    13.6604  45.975424  46.001825    38.6515    38.6615    4.24900    4.21151     0.0116  1033.9670    13.5072    29.1259   1100.557 0.0000e+00
   1113.000    13.6757    13.6606  45.975834  46.002423    38.6513    38.6615    4.24538    4.20953     0.0118  1033.9712    13.5073    29.1258   1101.544 0.0000e+00
   1114.000    13.6758    13.6606  45.976319  46.002785    38.6513    38.6614    4.26871    4.20749     0.0126  1033.9755    13.5071    29.1258   1102.531 0.0000e+00
   1115.000    13.6732    13.6577  45.973172  45.999906    38.6508    38.6608    4.27083    4.20621     0.0131  1033.9799    13.5045    29.1259   1103.519 0.0000e+00
   1116.000    13.6708    13.6555  45.970790  45.997192    38.6503    38.6601    4.22566    4.21056     0.0114  1033.9844    13.5019    29.1260   1104.506 0.0000e+00
   1117.000    13.6710    13.6558  45.971106  45.997563    38.6499    38.6600    4.28981    4.20663     0.0120  1033.9885    13.5019    29.1258   1105.493 0.0000e+00
   1118.000    13.6696    13.6545  45.970001  45.996178    38.6498    38.6596    4.25269    4.20742     0.0125  1033.9929    13.5004    29.1258   1106.480 0.0000e+00
   1119.000    13.6669    13.6521  45.967264  45.992970    38.6492    38.6590    4.23023    4.21161     0.0123  1033.9973    13.4975    29.1259   1107.467 0.0000e+00
   1120.000    13.6627    13.6475  45.962160  45.987953    38.6485    38.6580    4.25123    4.21146     0.0123  1034.0019    13.4932    29.1261   1108.454 0.0000e+00
   1121.000    13.6602    13.6451  45.959102  45.985118    38.6476    38.6573    4.25477    4.21269     0.0129  1034.0064    13.4906    29.1262   1109.441 0.0000e+00
   1122.000    13.6591    13.6442  45.957961  45.983972    38.6470    38.6569    4.25529    4.21299     0.0117  1034.0106    13.4894    29.1261   1110.428 0.0000e+00
   1123.000    13.6576    13.6423  45.955997  45.982290    38.6466    38.6565    4.27601    4.21180     0.0121  1034.0149    13.4877    29.1261   1111.415 0.0000e+00
   1124.000    13.6558    13.6407  45.954402  45.980455    38.6463    38.6561    4.27862    4.21036     0.0129  1034.0194    13.4857    29.1262   1112.402 0.0000e+00
   1125.000    13.6550    13.6398  45.953409  45.979742    38.6458    38.6557    4.23231    4.21661     0.0122  1034.0237    13.4848    29.1262   1113.389 0.0000e+00
   1126.000    13.6547    13.6395  45.953257  45.979720    38.6456    38.6556    4.29043    4.21544     0.0110  1034.0280    13.4843    29.1262   1114.376 0.0000e+00
   1127.000    13.6540    13.6388  45.952841  45.978954    38.6454    38.6553    4.25379    4.21417     0.0111  1034.0321    13.4835    29.1260   1115.363 0.0000e+00
   1128.000    13.6519    13.6367  45.950562  45.977051    38.6449    38.6549    4.23701    4.21446     0.0118  1034.0368    13.4813    29.1263   1116.350 0.0000e+00
   1129.000    13.6519    13.6368  45.950927  45.977291    38.6448    38.6548    4.24559    4.21823     0.0124  1034.0410    13.4811    29.1262   1117.337 0.0000e+00
   1130.000    13.6518    13.6365  45.951046  45.977570    38.6447    38.6547    4.24887    4.22030     0.0118  1034.0454    13.4808    29.1263   1118.324 0.0000e+00
   1131.000    13.6519    13.6368  45.951586  45.978084    38.6446    38.6547    4.25063    4.22093     0.0099  1034.0497    13.4808    29.1263   1119.311 0.0000e+00
   1132.000    13.6521    13.6369  45.952085  45.978793    38.6445    38.6547    4.26955    4.21765     0.0106  1034.0540    13.4808    29.1263   1120.298 0.0000e+00
   1133.000    13.6522    13.6370  45.952694  45.979399    38.6445    38.6547    4.28503    4.21651     0.0096  1034.0583    13.4808    29.1263   1121.285 0.0000e+00
   1134.000    13.6521    13.6370  45.952965  45.979710    38.6444    38.6546    4.22912    4.21620     0.0084  1034.0626    13.4806    29.1263   1122.272 0.0000e+00
   1135.000    13.6519    13.6367  45.952982  45.979748    38.6443    38.6545    4.29120    4.21374     0.0090  1034.0669    13.4801    29.1263   1123.259 0.0000e+00
   1136.000    13.6512    13.6361  45.952693  45.979144    38.6441    38.6543    4.26011    4.21168     0.0109  1034.0712    13.4793    29.1263   1124.246 0.0000e+00
   1137.000    13.6496    13.6345  45.950966  45.977516    38.6438    38.6538    4.23617    4.21695     0.0112  1034.0756    13.4775    29.1264   1125.233 0.0000e+00
   1138.000    13.6479    13.6329  45.949339  45.975718    38.6434    38.6534    4.25694    4.22105     0.0122  1034.0799    13.4758    29.1264   1126.220 0.0000e+00
   1139.000    13.6460    13.6306  45.946793  45.973482    38.6429    38.6528    4.25402    4.22328     0.0125  1034.0842    13.4737    29.1263   1127.207 0.0000e+00
   1140.000    13.6438    13.6287  45.944651  45.970749    38.6423    38.6522    4.25570    4.21764     0.0114  1034.0885    13.4713    29.1263   1128.194 0.0000e+00
   1141.000    13.6397    13.6243  45.939832  45.966056    38.6417    38.6513    4.27692    4.22358     0.0101  1034.0932    13.4671    29.1265   1129.181 0.0000e+00
   1142.000    13.6357    13.6208  45.935479  45.961122    38.6407    38.6503    4.28532    4.22575     0.0108  1034.0976    13.4630    29.1265   1130.168 0.0000e+00
   1143.000    13.6334    13.6189  45.933199  45.958449    38.6400    38.6497    4.23091    4.22645     0.0116  1034.1020    13.4605    29.1266   1131.155 0.0000e+00
   1144.000    13.6324    13.6175  45.931516  45.957457    38.6394    38.6493    4.29841    4.22874     0.0093  1034.1063    13.4594    29.1266   1132.142 0.0000e+00
   1145.000    13.6316    13.6162  45.930286  45.956846    38.6391    38.6491    4.26491    4.22566     0.0109  1034.1107    13.4585    29.1266   1133.129 0.0000e+00
   1146.000    13.6308    13.6161  45.930242  45.956126    38.6387    38.6487    4.24468    4.22891     0.0116  1034.1149    13.4575    29.1266   1134.116 0.0000e+00
   1147.000    13.6309    13.6157  45.930076  45.956514    38.6386    38.6487    4.26300    4.22053     0.0110  1034.1192    13.4574    29.1265   1135.103 0.0000e+00
   1148.000    13.6280    13.6126  45.926625  45.953217    38.6380    38.6480    4.26150    4.22462     0.0109  1034.1237    13.4544    29.1267   1136.089 0.0000e+00
   1149.000    13.6260    13.6110  45.924829  45.950723    38.6375    38.6473    4.25854    4.22595     0.0125  1034.1278    13.4523    29.1264   1137.076 0.0000e+00
   1150.000    13.6236    13.6086  45.922115  45.948217    38.6369    38.6467    4.27776    4.22903     0.0129  1034.1325    13.4497    29.1267   1138.063 0.0000e+00
   1151.000    13.6223    13.6072  45.920835  45.946759    38.6366    38.6464    4.29619    4.23721     0.0121  1034.1368    13.4483    29.1267   1139.050 0.0000e+00
   1152.000    13.6211    13.6061  45.919445  45.945567    38.6361    38.6460    4.24032    4.23995     0.0123  1034.1411    13.4469    29.1267   1140.037 0.0000e+00
   1153.000    13.6197    13.6044  45.917739  45.944290    38.6357    38.6457    4.29629    4.22485     0.0110  1034.1455    13.4454    29.1268   1141.024 0.0000e+00
   1154.000    13.6184    13.6025  45.915838  45.942941    38.6353    38.6454    4.27209    4.22688     0.0112  1034.1499    13.4439    29.1268   1142.011 0.0000e+00
   1155.000    13.6175    13.6023  45.915562  45.942095    38.6349    38.6450    4.24939    4.22852     0.0109  1034.1542    13.4429    29.1268   1142.998 0.0000e+00
   1156.000    13.6164    13.6015  45.914935  45.940849    38.6346    38.6447    4.26776    4.22495     0.0110  1034.1584    13.4416    29.1267   1143.985 0.0000e+00
