Data/raw_excel/lovbio042c/CTD/VENUS2013_CTD51.cnv
* Sea-Bird SBE 9 Data File:
* FileName = C:\Dati\Venus_2\51.hex
* Software Version Seasave V 7.22.5
* Temperature SN = 4250
* Conductivity SN = 2779
* Number of Bytes Per Scan = 37
* Number of Voltage Words = 4
* Number of Scans Averaged by the Deck Unit = 1
* NMEA Latitude = 39 46.85 N
* NMEA Longitude = 011 53.01 E
* NMEA UTC (Time) = Jun 15 2013 09:56:36
* NMEA baud rate = 4800
** Ship: Urania
** Cruise:Venus2
** Station: 51
** Depth: 3480
# nquan = 15
# nvalues = 3539                        
# units = specified
# name 0 = prDM: Pressure, Digiquartz [db]
# name 1 = t090C: Temperature [ITS-90, deg C]
# name 2 = t190C: Temperature, 2 [ITS-90, deg C]
# name 3 = c1mS/cm: Conductivity, 2 [mS/cm]
# name 4 = c0mS/cm: Conductivity [mS/cm]
# name 5 = sal11: Salinity, Practical, 2 [PSU]
# name 6 = sal00: Salinity, Practical [PSU]
# name 7 = sbeox0ML/L: Oxygen, SBE 43 [ml/l]
# name 8 = sbeox1ML/L: Oxygen, SBE 43, 2 [ml/l]
# name 9 = flC: Fluorescence, Chelsea Aqua 3 Chl Con [ug/l]
# name 10 = density00: Density [density, Kg/m^3]
# name 11 = potemp090C: Potential Temperature [ITS-90, deg C]
# name 12 = sigma-é00: Density [sigma-theta, Kg/m^3]
# name 13 = depSM: Depth [salt water, m], lat = 39.7808
# name 14 = flag: flag
# span 0 =      1.000,   3539.000       
# span 1 =    13.4236,    21.8825       
# span 2 =    13.4089,    21.8350       
# span 3 =  45.456995,  53.528101       
# span 4 =  45.479366,  53.606002       
# span 5 =    37.9690,    38.7491       
# span 6 =    37.9801,    38.7589       
# span 7 =    4.11527,    6.25640       
# span 8 =    4.09125,    6.07408       
# span 9 =     0.0080,     0.2508       
# span 10 =  1026.5290,  1044.1624      
# span 11 =    12.9765,    21.8823      
# span 12 =    26.5248,    29.1295      
# span 13 =      0.992,   3482.817      
# span 14 = 0.0000e+00, 0.0000e+00      
# interval = decibars: 1                
# start_time = Jun 15 2013 09:56:36 [NMEA time, header]
# bad_flag = -9.990e-29
*END*
[from data line 2314]
   2315.000    13.4440    13.4289  46.126218  46.152840    38.5379    38.5480    4.30625    4.30183     0.0124  1039.0916    13.0847    29.1272   2284.693 0.0000e+00
   2316.000    13.4441    13.4291  46.126828  46.153491    38.5380    38.5481    4.31383    4.30357     0.0129  1039.0958    13.0847    29.1272   2285.675 0.0000e+00
   2317.000    13.4444    13.4292  46.127283  46.154227    38.5379    38.5481    4.41785    4.29446     0.0140  1039.1000    13.0848    29.1272   2286.657 0.0000e+00
   2318.000    13.4448    13.4297  46.128479  46.155017    38.5381    38.5481    4.29341    4.29033     0.0128  1039.1042    13.0850    29.1272   2287.638 0.0000e+00
   2319.000    13.4448    13.4294  46.128433  46.155373    38.5380    38.5481    4.31764    4.29709     0.0127  1039.1083    13.0849    29.1271   2288.620 0.0000e+00
   2320.000    13.4447    13.4295  46.128839  46.155563    38.5379    38.5480    4.33727    4.30138     0.0131  1039.1126    13.0845    29.1271   2289.601 0.0000e+00
   2321.000    13.4448    13.4297  46.129329  46.156101    38.5378    38.5480    4.34174    4.29916     0.0138  1039.1167    13.0845    29.1271   2290.583 0.0000e+00
   2322.000    13.4450    13.4300  46.129986  46.156827    38.5378    38.5480    4.33772    4.29479     0.0140  1039.1210    13.0845    29.1272   2291.564 0.0000e+00
   2323.000    13.4459    13.4307  46.131386  46.158153    38.5379    38.5481    4.37354    4.30240     0.0134  1039.1250    13.0852    29.1271   2292.546 0.0000e+00
   2324.000    13.4458    13.4306  46.131711  46.158442    38.5380    38.5481    4.39816    4.30050     0.0144  1039.1293    13.0850    29.1271   2293.527 0.0000e+00
   2325.000    13.4456    13.4304  46.131855  46.158627    38.5379    38.5480    4.28471    4.31013     0.0142  1039.1336    13.0846    29.1272   2294.509 0.0000e+00
   2326.000    13.4459    13.4308  46.132651  46.159523    38.5379    38.5481    4.39648    4.30464     0.0132  1039.1378    13.0848    29.1272   2295.491 0.0000e+00
   2327.000    13.4461    13.4313  46.133770  46.160163    38.5380    38.5481    4.37160    4.30243     0.0136  1039.1420    13.0848    29.1272   2296.472 0.0000e+00
   2328.000    13.4462    13.4312  46.134030  46.160611    38.5380    38.5481    4.28701    4.30158     0.0140  1039.1461    13.0848    29.1272   2297.454 0.0000e+00
   2329.000    13.4462    13.4311  46.134336  46.160997    38.5380    38.5481    4.33606    4.30354     0.0134  1039.1504    13.0846    29.1272   2298.435 0.0000e+00
   2330.000    13.4463    13.4313  46.134745  46.161522    38.5378    38.5481    4.33398    4.30016     0.0122  1039.1546    13.0845    29.1272   2299.417 0.0000e+00
   2331.000    13.4467    13.4315  46.135546  46.162254    38.5380    38.5481    4.33023    4.29337     0.0113  1039.1587    13.0847    29.1272   2300.398 0.0000e+00
   2332.000    13.4469    13.4317  46.136129  46.162893    38.5379    38.5481    4.33134    4.29513     0.0124  1039.1629    13.0847    29.1271   2301.380 0.0000e+00
   2333.000    13.4469    13.4318  46.136603  46.163320    38.5379    38.5481    4.41526    4.29039     0.0126  1039.1671    13.0845    29.1272   2302.361 0.0000e+00
   2334.000    13.4470    13.4319  46.137147  46.163926    38.5379    38.5481    4.30738    4.29381     0.0123  1039.1714    13.0845    29.1272   2303.343 0.0000e+00
   2335.000    13.4472    13.4321  46.137813  46.164478    38.5379    38.5480    4.31514    4.30243     0.0111  1039.1755    13.0846    29.1271   2304.324 0.0000e+00
   2336.000    13.4475    13.4325  46.138404  46.165211    38.5378    38.5481    4.42933    4.30311     0.0122  1039.1797    13.0847    29.1272   2305.306 0.0000e+00
   2337.000    13.4476    13.4326  46.139006  46.165852    38.5379    38.5482    4.28984    4.30875     0.0113  1039.1839    13.0847    29.1272   2306.287 0.0000e+00
   2338.000    13.4479    13.4328  46.139759  46.166521    38.5379    38.5481    4.32216    4.30829     0.0118  1039.1881    13.0848    29.1272   2307.269 0.0000e+00
   2339.000    13.4481    13.4330  46.140309  46.167146    38.5379    38.5481    4.33174    4.29998     0.0116  1039.1922    13.0848    29.1272   2308.250 0.0000e+00
   2340.000    13.4481    13.4331  46.140945  46.167433    38.5380    38.5481    4.32815    4.30647     0.0121  1039.1964    13.0846    29.1272   2309.232 0.0000e+00
   2341.000    13.4482    13.4332  46.141295  46.167995    38.5379    38.5481    4.32419    4.30822     0.0119  1039.2006    13.0846    29.1272   2310.213 0.0000e+00
   2342.000    13.4484    13.4333  46.141848  46.168648    38.5379    38.5481    4.37951    4.28977     0.0118  1039.2049    13.0845    29.1272   2311.195 0.0000e+00
   2343.000    13.4486    13.4335  46.142499  46.169211    38.5379    38.5480    4.37191    4.29593     0.0116  1039.2090    13.0846    29.1272   2312.176 0.0000e+00
   2344.000    13.4488    13.4337  46.143048  46.169838    38.5379    38.5481    4.28657    4.30315     0.0110  1039.2132    13.0846    29.1272   2313.157 0.0000e+00
   2345.000    13.4491    13.4338  46.143571  46.170481    38.5379    38.5480    4.41770    4.29768     0.0102  1039.2173    13.0847    29.1271   2314.139 0.0000e+00
   2346.000    13.4491    13.4341  46.144220  46.171018    38.5378    38.5481    4.33506    4.29799     0.0103  1039.2216    13.0846    29.1272   2315.120 0.0000e+00
   2347.000    13.4493    13.4343  46.144878  46.171593    38.5379    38.5480    4.28432    4.29896     0.0107  1039.2258    13.0846    29.1272   2316.102 0.0000e+00
   2348.000    13.4495    13.4345  46.145591  46.172236    38.5380    38.5481    4.32991    4.29204     0.0122  1039.2300    13.0846    29.1272   2317.083 0.0000e+00
   2349.000    13.4497    13.4346  46.146047  46.172794    38.5378    38.5481    4.33137    4.30181     0.0118  1039.2341    13.0847    29.1272   2318.065 0.0000e+00
   2350.000    13.4499    13.4347  46.146465  46.173335    38.5378    38.5480    4.33157    4.30118     0.0121  1039.2383    13.0847    29.1271   2319.046 0.0000e+00
   2351.000    13.4488    13.4340  46.146113  46.171834    38.5378    38.5476    4.41748    4.29946     0.0113  1039.2422    13.0835    29.1268   2320.027 0.0000e+00
   2352.000    13.4440    13.4270  46.137471  46.166426    38.5362    38.5465    4.30059    4.31168     0.0110  1039.2471    13.0786    29.1272   2321.009 0.0000e+00
   2353.000    13.4424    13.4271  46.137696  46.164461    38.5359    38.5459    4.32037    4.31602     0.0116  1039.2513    13.0768    29.1271   2321.990 0.0000e+00
   2354.000    13.4418    13.4267  46.137259  46.163689    38.5355    38.5456    4.41784    4.30041     0.0115  1039.2552    13.0761    29.1269   2322.972 0.0000e+00
   2355.000    13.4410    13.4263  46.137226  46.162926    38.5354    38.5453    4.29041    4.30136     0.0126  1039.2594    13.0751    29.1268   2323.953 0.0000e+00
   2356.000    13.4400    13.4240  46.134464  46.161836    38.5348    38.5449    4.32652    4.31311     0.0137  1039.2635    13.0740    29.1267   2324.934 0.0000e+00
   2357.000    13.4380    13.4229  46.133266  46.159983    38.5343    38.5444    4.33328    4.31297     0.0121  1039.2682    13.0719    29.1270   2325.916 0.0000e+00
   2358.000    13.4382    13.4232  46.134021  46.160061    38.5344    38.5442    4.33945    4.30348     0.0113  1039.2720    13.0719    29.1267   2326.897 0.0000e+00
   2359.000    13.4378    13.4229  46.133761  46.160127    38.5341    38.5442    4.33384    4.30266     0.0107  1039.2763    13.0713    29.1268   2327.879 0.0000e+00
   2360.000    13.4378    13.4225  46.133783  46.160380    38.5340    38.5441    4.38833    4.30357     0.0119  1039.2805    13.0711    29.1268   2328.860 0.0000e+00
   2361.000    13.4375    13.4225  46.133810  46.160438    38.5337    38.5439    4.37045    4.30939     0.0128  1039.2847    13.0707    29.1268   2329.841 0.0000e+00
   2362.000    13.4373    13.4222  46.133783  46.160403    38.5337    38.5438    4.29409    4.31191     0.0126  1039.2889    13.0704    29.1267   2330.823 0.0000e+00
   2363.000    13.4361    13.4208  46.132666  46.159253    38.5335    38.5435    4.42732    4.30626     0.0124  1039.2932    13.0690    29.1268   2331.804 0.0000e+00
   2364.000    13.4341    13.4193  46.130925  46.156678    38.5331    38.5428    4.34027    4.31234     0.0113  1039.2974    13.0668    29.1266   2332.785 0.0000e+00
   2365.000    13.4299    13.4159  46.126951  46.151491    38.5323    38.5416    4.30533    4.31325     0.0112  1039.3017    13.0626    29.1266   2333.767 0.0000e+00
   2366.000    13.4280    13.4128  46.122918  46.149182    38.5312    38.5411    4.34467    4.31022     0.0123  1039.3060    13.0605    29.1266   2334.748 0.0000e+00
   2367.000    13.4278    13.4127  46.122905  46.149404    38.5308    38.5410    4.34027    4.30710     0.0105  1039.3102    13.0602    29.1266   2335.729 0.0000e+00
   2368.000    13.4281    13.4130  46.123523  46.149817    38.5307    38.5408    4.34141    4.30738     0.0111  1039.3142    13.0603    29.1264   2336.711 0.0000e+00
   2369.000    13.4273    13.4121  46.122868  46.149385    38.5306    38.5406    4.35310    4.30550     0.0101  1039.3186    13.0593    29.1266   2337.692 0.0000e+00
   2370.000    13.4277    13.4125  46.123730  46.150179    38.5306    38.5406    4.42743    4.30556     0.0115  1039.3227    13.0595    29.1265   2338.674 0.0000e+00
   2371.000    13.4281    13.4128  46.124306  46.151142    38.5305    38.5408    4.30946    4.31617     0.0124  1039.3269    13.0598    29.1265   2339.655 0.0000e+00
   2372.000    13.4285    13.4133  46.125294  46.152087    38.5306    38.5408    4.36844    4.31604     0.0144  1039.3312    13.0600    29.1266   2340.636 0.0000e+00
   2373.000    13.4289    13.4137  46.126113  46.152885    38.5306    38.5408    4.40813    4.30925     0.0136  1039.3353    13.0603    29.1265   2341.618 0.0000e+00
   2374.000    13.4287    13.4134  46.126139  46.152924    38.5305    38.5406    4.29457    4.30983     0.0134  1039.3394    13.0599    29.1265   2342.599 0.0000e+00
   2375.000    13.4281    13.4130  46.125994  46.152733    38.5304    38.5405    4.34134    4.30785     0.0130  1039.3438    13.0592    29.1266   2343.580 0.0000e+00
   2376.000    13.4284    13.4133  46.126656  46.153219    38.5304    38.5404    4.34426    4.30936     0.0141  1039.3478    13.0593    29.1264   2344.561 0.0000e+00
   2377.000    13.4284    13.4132  46.126995  46.153537    38.5304    38.5403    4.33934    4.31552     0.0134  1039.3520    13.0590    29.1265   2345.543 0.0000e+00
   2378.000    13.4285    13.4134  46.127590  46.154241    38.5303    38.5405    4.33928    4.31362     0.0141  1039.3563    13.0591    29.1266   2346.524 0.0000e+00
   2379.000    13.4287    13.4136  46.128088  46.154804    38.5302    38.5404    4.41599    4.30023     0.0128  1039.3605    13.0590    29.1266   2347.505 0.0000e+00
   2380.000    13.4289    13.4137  46.128725  46.155392    38.5303    38.5404    4.34529    4.31062     0.0115  1039.3647    13.0590    29.1265   2348.487 0.0000e+00
   2381.000    13.4290    13.4139  46.129261  46.156015    38.5302    38.5405    4.30027    4.32007     0.0117  1039.3689    13.0590    29.1266   2349.468 0.0000e+00
   2382.000    13.4291    13.4141  46.129894  46.156559    38.5303    38.5405    4.43374    4.31027     0.0116  1039.3731    13.0590    29.1266   2350.449 0.0000e+00
   2383.000    13.4294    13.4143  46.130498  46.157235    38.5302    38.5405    4.31693    4.30613     0.0115  1039.3773    13.0591    29.1266   2351.431 0.0000e+00
   2384.000    13.4296    13.4145  46.131057  46.157930    38.5302    38.5404    4.31255    4.30247     0.0122  1039.3815    13.0591    29.1266   2352.412 0.0000e+00
   2385.000    13.4303    13.4149  46.132019  46.158991    38.5304    38.5405    4.33840    4.30849     0.0118  1039.3855    13.0596    29.1265   2353.393 0.0000e+00
   2386.000    13.4303    13.4153  46.132896  46.159517    38.5303    38.5405    4.33975    4.30433     0.0113  1039.3898    13.0595    29.1265   2354.374 0.0000e+00
   2387.000    13.4302    13.4151  46.133110  46.159785    38.5304    38.5405    4.34256    4.30779     0.0114  1039.3940    13.0592    29.1266   2355.356 0.0000e+00
   2388.000    13.4302    13.4151  46.133609  46.160191    38.5304    38.5405    4.36941    4.30795     0.0113  1039.3982    13.0591    29.1266   2356.337 0.0000e+00
   2389.000    13.4304    13.4153  46.134023  46.160728    38.5302    38.5404    4.41297    4.31341     0.0126  1039.4024    13.0590    29.1266   2357.318 0.0000e+00
   2390.000    13.4304    13.4153  46.134442  46.161229    38.5302    38.5405    4.29506    4.32321     0.0140  1039.4066    13.0589    29.1266   2358.299 0.0000e+00
   2391.000    13.4306    13.4154  46.134936  46.161707    38.5302    38.5404    4.38981    4.31434     0.0140  1039.4107    13.0590    29.1265   2359.281 0.0000e+00
   2392.000    13.4307    13.4155  46.135455  46.162233    38.5302    38.5404    4.39073    4.31115     0.0135  1039.4150    13.0588    29.1266   2360.262 0.0000e+00
   2393.000    13.4308    13.4157  46.135997  46.162715    38.5302    38.5403    4.28689    4.30697     0.0120  1039.4191    13.0588    29.1265   2361.243 0.0000e+00
   2394.000    13.4309    13.4158  46.136394  46.163197    38.5301    38.5403    4.33693    4.31391     0.0115  1039.4233    13.0588    29.1265   2362.224 0.0000e+00
   2395.000    13.4310    13.4160  46.137014  46.163752    38.5301    38.5403    4.34112    4.30987     0.0118  1039.4275    13.0587    29.1266   2363.206 0.0000e+00
   2396.000    13.4312    13.4162  46.137727  46.164388    38.5302    38.5403    4.34192    4.31476     0.0125  1039.4317    13.0587    29.1266   2364.187 0.0000e+00
   2397.000    13.4314    13.4163  46.138263  46.164898    38.5302    38.5403    4.34601    4.30583     0.0127  1039.4359    13.0587    29.1266   2365.168 0.0000e+00
   2398.000    13.4316    13.4165  46.138793  46.165570    38.5301    38.5404    4.42596    4.30883     0.0121  1039.4401    13.0587    29.1266   2366.149 0.0000e+00
   2399.000    13.4317    13.4166  46.139312  46.166127    38.5301    38.5403    4.33286    4.31941     0.0127  1039.4443    13.0587    29.1266   2367.130 0.0000e+00
   2400.000    13.4320    13.4168  46.139982  46.166701    38.5302    38.5403    4.31648    4.31804     0.0127  1039.4484    13.0588    29.1265   2368.112 0.0000e+00
   2401.000    13.4321    13.4169  46.140458  46.167259    38.5301    38.5403    4.44275    4.31005     0.0113  1039.4526    13.0587    29.1265   2369.093 0.0000e+00
   2402.000    13.4322    13.4171  46.141042  46.167821    38.5302    38.5403    4.30961    4.30950     0.0121  1039.4568    13.0587    29.1266   2370.074 0.0000e+00
   2403.000    13.4324    13.4173  46.141700  46.168416    38.5302    38.5403    4.32505    4.30028     0.0114  1039.4610    13.0587    29.1265   2371.055 0.0000e+00
   2404.000    13.4326    13.4175  46.142190  46.168959    38.5301    38.5402    4.34579    4.31065     0.0121  1039.4651    13.0587    29.1265   2372.036 0.0000e+00
   2405.000    13.4328    13.4177  46.142818  46.169611    38.5301    38.5403    4.34454    4.30896     0.0134  1039.4693    13.0587    29.1265   2373.017 0.0000e+00
   2406.000    13.4329    13.4178  46.143486  46.170216    38.5302    38.5403    4.34243    4.31305     0.0125  1039.4735    13.0588    29.1266   2373.999 0.0000e+00
   2407.000    13.4331    13.4180  46.144089  46.170833    38.5301    38.5403    4.37243    4.31257     0.0119  1039.4777    13.0588    29.1265   2374.980 0.0000e+00
   2408.000    13.4333    13.4182  46.144611  46.171420    38.5301    38.5403    4.41883    4.30818     0.0135  1039.4819    13.0588    29.1265   2375.961 0.0000e+00
   2409.000    13.4334    13.4184  46.145188  46.171946    38.5301    38.5402    4.29772    4.30856     0.0149  1039.4861    13.0587    29.1265   2376.942 0.0000e+00
