Data/raw_excel/lovbio042c/CTD/VENUS2013_CTD51.cnv
* Sea-Bird SBE 9 Data File:
* FileName = C:\Dati\Venus_2\51.hex
* Software Version Seasave V 7.22.5
* Temperature SN = 4250
* Conductivity SN = 2779
* Number of Bytes Per Scan = 37
* Number of Voltage Words = 4
* Number of Scans Averaged by the Deck Unit = 1
* NMEA Latitude = 39 46.85 N
* NMEA Longitude = 011 53.01 E
* NMEA UTC (Time) = Jun 15 2013 09:56:36
* NMEA baud rate = 4800
** Ship: Urania
** Cruise:Venus2
** Station: 51
** Depth: 3480
# nquan = 15
# nvalues = 3539                        
# units = specified
# name 0 = prDM: Pressure, Digiquartz [db]
# name 1 = t090C: Temperature [ITS-90, deg C]
# name 2 = t190C: Temperature, 2 [ITS-90, deg C]
# name 3 = c1mS/cm: Conductivity, 2 [mS/cm]
# name 4 = c0mS/cm: Conductivity [mS/cm]
# name 5 = sal11: Salinity, Practical, 2 [PSU]
# name 6 = sal00: Salinity, Practical [PSU]
# name 7 = sbeox0ML/L: Oxygen, SBE 43 [ml/l]
# name 8 = sbeox1ML/L: Oxygen, SBE 43, 2 [ml/l]
# name 9 = flC: Fluorescence, Chelsea Aqua 3 Chl Con [ug/l]
# name 10 = density00: Density [density, Kg/m^3]
# name 11 = potemp090C: Potential Temperature [ITS-90, deg C]
# name 12 = sigma-é00: Density [sigma-theta, Kg/m^3]
# name 13 = depSM: Depth [salt water, m], lat = 39.7808
# name 14 = flag: flag
# span 0 =      1.000,   3539.000       
# span 1 =    13.4236,    21.8825       
# span 2 =    13.4089,    21.8350       
# span 3 =  45.456995,  53.528101       
# span 4 =  45.479366,  53.606002       
# span 5 =    37.9690,    38.7491       
# span 6 =    37.9801,    38.7589       
# span 7 =    4.11527,    6.25640       
# span 8 =    4.09125,    6.07408       
# span 9 =     0.0080,     0.2508       
# span 10 =  1026.5290,  1044.1624      
# span 11 =    12.9765,    21.8823      
# span 12 =    26.5248,    29.1295      
# span 13 =      0.992,   3482.817      
# span 14 = 0.0000e+00, 0.0000e+00      
# interval = decibars: 1                
# start_time = Jun 15 2013 09:56:36 [NMEA time, header]
# bad_flag = -9.990e-29
*END*
[from data line 2217]
   2218.000    13.4586    13.4435  46.111309  46.138160    38.5470    38.5573    4.35718    4.29097     0.0119  1038.6837    13.1151    29.1279   2189.459 0.0000e+00
   2219.000    13.4587    13.4437  46.112017  46.138637    38.5471    38.5572    4.28063    4.29383     0.0119  1038.6879    13.1151    29.1280   2190.441 0.0000e+00
   2220.000    13.4589    13.4439  46.112469  46.139111    38.5470    38.5571    4.32267    4.29131     0.0121  1038.6920    13.1151    29.1279   2191.423 0.0000e+00
   2221.000    13.4591    13.4440  46.113004  46.139742    38.5470    38.5572    4.32304    4.29234     0.0118  1038.6963    13.1151    29.1279   2192.405 0.0000e+00
   2222.000    13.4592    13.4442  46.113630  46.140412    38.5470    38.5573    4.32245    4.28562     0.0109  1038.7005    13.1151    29.1280   2193.387 0.0000e+00
   2223.000    13.4594    13.4443  46.114304  46.141082    38.5471    38.5573    4.32533    4.29024     0.0119  1038.7048    13.1150    29.1280   2194.369 0.0000e+00
   2224.000    13.4595    13.4445  46.114834  46.141631    38.5471    38.5573    4.39782    4.29165     0.0131  1038.7090    13.1150    29.1280   2195.351 0.0000e+00
   2225.000    13.4597    13.4447  46.115336  46.142110    38.5469    38.5572    4.29001    4.29821     0.0133  1038.7131    13.1150    29.1279   2196.333 0.0000e+00
   2226.000    13.4598    13.4446  46.115793  46.142553    38.5470    38.5572    4.32888    4.29522     0.0139  1038.7173    13.1150    29.1279   2197.315 0.0000e+00
   2227.000    13.4597    13.4446  46.116167  46.142876    38.5470    38.5571    4.40591    4.29651     0.0117  1038.7215    13.1147    29.1279   2198.297 0.0000e+00
   2228.000    13.4599    13.4448  46.116667  46.143376    38.5470    38.5571    4.27748    4.29658     0.0119  1038.7257    13.1147    29.1279   2199.279 0.0000e+00
   2229.000    13.4600    13.4449  46.117306  46.143920    38.5470    38.5571    4.32427    4.28803     0.0118  1038.7299    13.1147    29.1279   2200.261 0.0000e+00
   2230.000    13.4601    13.4450  46.117827  46.144403    38.5470    38.5571    4.32333    4.29084     0.0120  1038.7342    13.1146    29.1279   2201.243 0.0000e+00
   2231.000    13.4604    13.4452  46.118399  46.145106    38.5469    38.5571    4.32225    4.30127     0.0125  1038.7383    13.1147    29.1279   2202.225 0.0000e+00
   2232.000    13.4598    13.4449  46.118343  46.144796    38.5468    38.5569    4.32301    4.29967     0.0120  1038.7426    13.1139    29.1280   2203.207 0.0000e+00
   2233.000    13.4585    13.4429  46.116056  46.143148    38.5463    38.5564    4.38837    4.28221     0.0102  1038.7467    13.1125    29.1277   2204.189 0.0000e+00
   2234.000    13.4571    13.4421  46.115359  46.141705    38.5460    38.5560    4.34285    4.28965     0.0119  1038.7510    13.1109    29.1278   2205.171 0.0000e+00
   2235.000    13.4571    13.4421  46.115586  46.142028    38.5458    38.5559    4.28622    4.29915     0.0126  1038.7551    13.1108    29.1277   2206.153 0.0000e+00
   2236.000    13.4560    13.4411  46.114714  46.141074    38.5457    38.5557    4.40043    4.29438     0.0142  1038.7595    13.1096    29.1278   2207.134 0.0000e+00
   2237.000    13.4554    13.4403  46.114085  46.140556    38.5455    38.5554    4.31057    4.29230     0.0129  1038.7637    13.1088    29.1278   2208.116 0.0000e+00
   2238.000    13.4556    13.4402  46.114268  46.141114    38.5453    38.5555    4.30478    4.29659     0.0131  1038.7679    13.1088    29.1277   2209.098 0.0000e+00
   2239.000    13.4553    13.4403  46.114655  46.141007    38.5453    38.5553    4.33021    4.29405     0.0135  1038.7720    13.1084    29.1277   2210.080 0.0000e+00
   2240.000    13.4539    13.4390  46.113290  46.139684    38.5448    38.5549    4.34336    4.29161     0.0139  1038.7764    13.1069    29.1278   2211.062 0.0000e+00
   2241.000    13.4526    13.4373  46.111367  46.137952    38.5443    38.5543    4.40068    4.28746     0.0126  1038.7804    13.1054    29.1275   2212.044 0.0000e+00
   2242.000    13.4500    13.4354  46.109437  46.135092    38.5440    38.5537    4.28777    4.29400     0.0109  1038.7849    13.1027    29.1277   2213.026 0.0000e+00
   2243.000    13.4491    13.4340  46.107709  46.134031    38.5434    38.5533    4.36019    4.29113     0.0123  1038.7890    13.1016    29.1276   2214.008 0.0000e+00
   2244.000    13.4483    13.4333  46.107024  46.133306    38.5430    38.5530    4.36871    4.29684     0.0122  1038.7932    13.1007    29.1275   2214.990 0.0000e+00
   2245.000    13.4474    13.4325  46.106225  46.132568    38.5427    38.5527    4.28032    4.29489     0.0103  1038.7975    13.0996    29.1276   2215.972 0.0000e+00
   2246.000    13.4478    13.4329  46.107061  46.133408    38.5427    38.5528    4.32544    4.29380     0.0108  1038.8017    13.0998    29.1276   2216.954 0.0000e+00
   2247.000    13.4481    13.4333  46.107752  46.134046    38.5426    38.5528    4.32911    4.29907     0.0117  1038.8058    13.1000    29.1275   2217.936 0.0000e+00
   2248.000    13.4474    13.4324  46.107238  46.133516    38.5426    38.5525    4.33064    4.29988     0.0124  1038.8100    13.0992    29.1275   2218.917 0.0000e+00
   2249.000    13.4459    13.4309  46.105616  46.131845    38.5422    38.5520    4.33129    4.30327     0.0116  1038.8144    13.0974    29.1275   2219.899 0.0000e+00
   2250.000    13.4461    13.4309  46.105787  46.132483    38.5419    38.5521    4.32659    4.31269     0.0110  1038.8185    13.0975    29.1275   2220.881 0.0000e+00
   2251.000    13.4457    13.4305  46.105702  46.132365    38.5418    38.5519    4.34635    4.29618     0.0128  1038.8228    13.0970    29.1275   2221.863 0.0000e+00
   2252.000    13.4457    13.4307  46.106171  46.132515    38.5417    38.5517    4.41105    4.29405     0.0127  1038.8268    13.0968    29.1274   2222.845 0.0000e+00
   2253.000    13.4455    13.4305  46.106360  46.132801    38.5417    38.5517    4.28835    4.30042     0.0131  1038.8312    13.0965    29.1275   2223.827 0.0000e+00
   2254.000    13.4454    13.4301  46.106176  46.132858    38.5415    38.5516    4.31751    4.29245     0.0127  1038.8353    13.0961    29.1274   2224.809 0.0000e+00
   2255.000    13.4445    13.4297  46.106059  46.132179    38.5414    38.5514    4.32952    4.28716     0.0128  1038.8397    13.0951    29.1275   2225.790 0.0000e+00
   2256.000    13.4443    13.4291  46.105529  46.132016    38.5411    38.5512    4.33033    4.30068     0.0113  1038.8437    13.0947    29.1273   2226.772 0.0000e+00
   2257.000    13.4434    13.4281  46.104614  46.131387    38.5409    38.5509    4.33299    4.30240     0.0123  1038.8480    13.0937    29.1274   2227.754 0.0000e+00
   2258.000    13.4441    13.4288  46.105716  46.132461    38.5409    38.5510    4.33338    4.30967     0.0125  1038.8521    13.0942    29.1273   2228.736 0.0000e+00
   2259.000    13.4429    13.4279  46.104899  46.131291    38.5406    38.5506    4.33682    4.29228     0.0120  1038.8564    13.0928    29.1274   2229.718 0.0000e+00
   2260.000    13.4413    13.4270  46.104078  46.129381    38.5403    38.5500    4.33483    4.29589     0.0108  1038.8606    13.0911    29.1273   2230.700 0.0000e+00
   2261.000    13.4395    13.4247  46.101626  46.127704    38.5399    38.5497    4.40962    4.30649     0.0118  1038.8651    13.0892    29.1275   2231.682 0.0000e+00
   2262.000    13.4390    13.4238  46.100628  46.127008    38.5395    38.5494    4.34433    4.30570     0.0125  1038.8691    13.0885    29.1272   2232.663 0.0000e+00
   2263.000    13.4376    13.4227  46.099474  46.125540    38.5391    38.5489    4.29886    4.30162     0.0129  1038.8733    13.0870    29.1272   2233.645 0.0000e+00
   2264.000    13.4369    13.4219  46.098570  46.125009    38.5387    38.5487    4.35563    4.30002     0.0127  1038.8776    13.0862    29.1272   2234.627 0.0000e+00
   2265.000    13.4369    13.4216  46.098634  46.125187    38.5386    38.5486    4.32757    4.30373     0.0127  1038.8817    13.0859    29.1272   2235.609 0.0000e+00
   2266.000    13.4370    13.4219  46.099299  46.125758    38.5385    38.5486    4.32766    4.30521     0.0130  1038.8859    13.0859    29.1272   2236.591 0.0000e+00
   2267.000    13.4371    13.4224  46.100155  46.126371    38.5385    38.5486    4.33670    4.30837     0.0126  1038.8902    13.0859    29.1272   2237.572 0.0000e+00
   2268.000    13.4373    13.4222  46.100500  46.126869    38.5386    38.5486    4.33874    4.30102     0.0123  1038.8944    13.0858    29.1272   2238.554 0.0000e+00
   2269.000    13.4372    13.4222  46.100688  46.127202    38.5384    38.5485    4.34023    4.30097     0.0128  1038.8986    13.0856    29.1272   2239.536 0.0000e+00
   2270.000    13.4375    13.4224  46.101321  46.127881    38.5384    38.5485    4.36595    4.30511     0.0122  1038.9028    13.0857    29.1272   2240.518 0.0000e+00
   2271.000    13.4376    13.4225  46.101752  46.128441    38.5382    38.5485    4.40246    4.30282     0.0107  1038.9070    13.0857    29.1272   2241.499 0.0000e+00
   2272.000    13.4378    13.4227  46.102471  46.129082    38.5383    38.5485    4.28878    4.31133     0.0100  1038.9112    13.0857    29.1272   2242.481 0.0000e+00
   2273.000    13.4381    13.4231  46.103075  46.129797    38.5382    38.5485    4.36030    4.29998     0.0119  1038.9154    13.0858    29.1272   2243.463 0.0000e+00
   2274.000    13.4381    13.4230  46.103590  46.130197    38.5384    38.5485    4.34824    4.29688     0.0135  1038.9196    13.0856    29.1273   2244.445 0.0000e+00
   2275.000    13.4382    13.4232  46.104083  46.130579    38.5383    38.5484    4.31855    4.30706     0.0144  1038.9237    13.0856    29.1271   2245.427 0.0000e+00
   2276.000    13.4377    13.4227  46.103818  46.130445    38.5381    38.5483    4.33319    4.30794     0.0146  1038.9280    13.0850    29.1272   2246.408 0.0000e+00
   2277.000    13.4378    13.4227  46.104146  46.130801    38.5381    38.5481    4.33298    4.30845     0.0141  1038.9321    13.0849    29.1271   2247.390 0.0000e+00
   2278.000    13.4381    13.4230  46.104885  46.131657    38.5381    38.5482    4.33026    4.29668     0.0141  1038.9364    13.0851    29.1272   2248.372 0.0000e+00
   2279.000    13.4384    13.4234  46.105568  46.132358    38.5379    38.5482    4.33970    4.29739     0.0128  1038.9406    13.0851    29.1272   2249.354 0.0000e+00
   2280.000    13.4389    13.4237  46.106461  46.133387    38.5381    38.5483    4.42655    4.29417     0.0130  1038.9448    13.0854    29.1272   2250.335 0.0000e+00
   2281.000    13.4392    13.4240  46.107316  46.134155    38.5382    38.5484    4.30329    4.30747     0.0125  1038.9489    13.0856    29.1272   2251.317 0.0000e+00
   2282.000    13.4393    13.4242  46.107967  46.134666    38.5382    38.5484    4.32016    4.30125     0.0112  1038.9531    13.0855    29.1272   2252.299 0.0000e+00
   2283.000    13.4393    13.4241  46.108221  46.134984    38.5382    38.5483    4.37010    4.29710     0.0120  1038.9573    13.0853    29.1272   2253.281 0.0000e+00
   2284.000    13.4395    13.4244  46.109011  46.135586    38.5382    38.5482    4.31625    4.30118     0.0130  1038.9615    13.0854    29.1271   2254.262 0.0000e+00
   2285.000    13.4397    13.4245  46.109448  46.136295    38.5381    38.5483    4.33437    4.30220     0.0129  1038.9657    13.0855    29.1272   2255.244 0.0000e+00
   2286.000    13.4400    13.4248  46.110259  46.137017    38.5382    38.5483    4.37230    4.30403     0.0125  1038.9699    13.0855    29.1272   2256.226 0.0000e+00
   2287.000    13.4400    13.4249  46.110773  46.137491    38.5382    38.5483    4.38582    4.29934     0.0116  1038.9742    13.0854    29.1272   2257.207 0.0000e+00
   2288.000    13.4400    13.4250  46.111252  46.137903    38.5382    38.5483    4.28165    4.30306     0.0124  1038.9784    13.0853    29.1273   2258.189 0.0000e+00
   2289.000    13.4402    13.4253  46.111924  46.138539    38.5382    38.5483    4.40032    4.30196     0.0133  1038.9826    13.0853    29.1272   2259.171 0.0000e+00
   2290.000    13.4409    13.4260  46.113308  46.139848    38.5384    38.5485    4.35027    4.29695     0.0128  1038.9868    13.0858    29.1273   2260.152 0.0000e+00
   2291.000    13.4414    13.4263  46.114160  46.140926    38.5384    38.5486    4.29439    4.29684     0.0103  1038.9910    13.0862    29.1273   2261.134 0.0000e+00
   2292.000    13.4417    13.4266  46.114978  46.141510    38.5386    38.5486    4.33306    4.29446     0.0097  1038.9951    13.0862    29.1272   2262.116 0.0000e+00
   2293.000    13.4415    13.4264  46.114984  46.141783    38.5384    38.5486    4.33900    4.29920     0.0102  1038.9994    13.0858    29.1274   2263.098 0.0000e+00
   2294.000    13.4418    13.4266  46.115648  46.142462    38.5383    38.5486    4.34189    4.29967     0.0105  1039.0036    13.0860    29.1273   2264.079 0.0000e+00
   2295.000    13.4421    13.4269  46.116377  46.143143    38.5384    38.5486    4.33717    4.29848     0.0113  1039.0077    13.0861    29.1272   2265.061 0.0000e+00
   2296.000    13.4422    13.4272  46.117180  46.143709    38.5385    38.5486    4.42365    4.29013     0.0129  1039.0120    13.0860    29.1273   2266.043 0.0000e+00
   2297.000    13.4426    13.4275  46.117791  46.144594    38.5384    38.5486    4.30879    4.30019     0.0127  1039.0161    13.0863    29.1273   2267.024 0.0000e+00
   2298.000    13.4427    13.4276  46.118294  46.145102    38.5384    38.5486    4.33947    4.30674     0.0121  1039.0203    13.0862    29.1273   2268.006 0.0000e+00
   2299.000    13.4428    13.4277  46.118947  46.145572    38.5385    38.5485    4.40673    4.30556     0.0123  1039.0245    13.0862    29.1272   2268.987 0.0000e+00
   2300.000    13.4431    13.4280  46.119581  46.146300    38.5384    38.5486    4.28376    4.31036     0.0117  1039.0287    13.0863    29.1272   2269.969 0.0000e+00
   2301.000    13.4431    13.4281  46.120141  46.146820    38.5384    38.5486    4.32423    4.30118     0.0108  1039.0330    13.0861    29.1273   2270.951 0.0000e+00
   2302.000    13.4434    13.4283  46.120740  46.147451    38.5385    38.5485    4.33303    4.29751     0.0130  1039.0370    13.0863    29.1272   2271.932 0.0000e+00
   2303.000    13.4435    13.4283  46.121181  46.147933    38.5384    38.5485    4.33075    4.29618     0.0122  1039.0412    13.0862    29.1272   2272.914 0.0000e+00
   2304.000    13.4434    13.4283  46.121600  46.148217    38.5384    38.5485    4.33794    4.29507     0.0125  1039.0455    13.0859    29.1272   2273.896 0.0000e+00
   2305.000    13.4436    13.4284  46.122053  46.148774    38.5384    38.5484    4.39868    4.29755     0.0129  1039.0496    13.0860    29.1272   2274.877 0.0000e+00
   2306.000    13.4436    13.4286  46.122591  46.149085    38.5384    38.5483    4.35084    4.30744     0.0130  1039.0538    13.0858    29.1271   2275.859 0.0000e+00
   2307.000    13.4438    13.4287  46.123235  46.149679    38.5384    38.5484    4.29256    4.30893     0.0107  1039.0580    13.0858    29.1271   2276.841 0.0000e+00
   2308.000    13.4435    13.4288  46.123566  46.149799    38.5383    38.5483    4.42176    4.29886     0.0118  1039.0622    13.0854    29.1272   2277.822 0.0000e+00
   2309.000    13.4438    13.4286  46.123756  46.150463    38.5382    38.5484    4.33503    4.30094     0.0124  1039.0664    13.0855    29.1272   2278.804 0.0000e+00
   2310.000    13.4437    13.4286  46.124054  46.150635    38.5382    38.5482    4.29261    4.30555     0.0121  1039.0706    13.0852    29.1271   2279.785 0.0000e+00
   2311.000    13.4434    13.4285  46.124198  46.150765    38.5380    38.5482    4.33182    4.29893     0.0110  1039.0749    13.0848    29.1272   2280.767 0.0000e+00
   2312.000    13.4438    13.4286  46.124844  46.151539    38.5381    38.5482    4.33674    4.29830     0.0105  1039.0790    13.0850    29.1272   2281.749 0.0000e+00
   2313.000    13.4439    13.4288  46.125363  46.152007    38.5380    38.5481    4.33739    4.30246     0.0113  1039.0831    13.0850    29.1271   2282.730 0.0000e+00
