Data/raw_excel/lovbio042c/CTD/VENUS2013_CTD51.cnv
* Sea-Bird SBE 9 Data File:
* FileName = C:\Dati\Venus_2\51.hex
* Software Version Seasave V 7.22.5
* Temperature SN = 4250
* Conductivity SN = 2779
* Number of Bytes Per Scan = 37
* Number of Voltage Words = 4
* Number of Scans Averaged by the Deck Unit = 1
* NMEA Latitude = 39 46.85 N
* NMEA Longitude = 011 53.01 E
* NMEA UTC (Time) = Jun 15 2013 09:56:36
* NMEA baud rate = 4800
** Ship: Urania
** Cruise:Venus2
** Station: 51
** Depth: 3480
# nquan = 15
# nvalues = 3539                        
# units = specified
# name 0 = prDM: Pressure, Digiquartz [db]
# name 1 = t090C: Temperature [ITS-90, deg C]
# name 2 = t190C: Temperature, 2 [ITS-90, deg C]
# name 3 = c1mS/cm: Conductivity, 2 [mS/cm]
# name 4 = c0mS/cm: Conductivity [mS/cm]
# name 5 = sal11: Salinity, Practical, 2 [PSU]
# name 6 = sal00: Salinity, Practical [PSU]
# name 7 = sbeox0ML/L: Oxygen, SBE 43 [ml/l]
# name 8 = sbeox1ML/L: Oxygen, SBE 43, 2 [ml/l]
# name 9 = flC: Fluorescence, Chelsea Aqua 3 Chl Con [ug/l]
# name 10 = density00: Density [density, Kg/m^3]
# name 11 = potemp090C: Potential Temperature [ITS-90, deg C]
# name 12 = sigma-é00: Density [sigma-theta, Kg/m^3]
# name 13 = depSM: Depth [salt water, m], lat = 39.7808
# name 14 = flag: flag
# span 0 =      1.000,   3539.000       
# span 1 =    13.4236,    21.8825       
# span 2 =    13.4089,    21.8350       
# span 3 =  45.456995,  53.528101       
# span 4 =  45.479366,  53.606002       
# span 5 =    37.9690,    38.7491       
# span 6 =    37.9801,    38.7589       
# span 7 =    4.11527,    6.25640       
# span 8 =    4.09125,    6.07408       
# span 9 =     0.0080,     0.2508       
# span 10 =  1026.5290,  1044.1624      
# span 11 =    12.9765,    21.8823      
# span 12 =    26.5248,    29.1295      
# span 13 =      0.992,   3482.817      
# span 14 = 0.0000e+00, 0.0000e+00      
# interval = decibars: 1                
# start_time = Jun 15 2013 09:56:36 [NMEA time, header]
# bad_flag = -9.990e-29
*END*
[from data line 290]
    291.000    14.1737    14.1583  46.202451  46.229763    38.7224    38.7329    4.28561    4.22594     0.0140  1030.3219    14.1298    29.0469    288.573 0.0000e+00
    292.000    14.1745    14.1592  46.204810  46.231317    38.7233    38.7333    4.28090    4.22878     0.0120  1030.3263    14.1305    29.0469    289.564 0.0000e+00
    293.000    14.1607    14.1452  46.188933  46.215642    38.7220    38.7309    4.27785    4.24161     0.0124  1030.3328    14.1165    29.0490    290.555 0.0000e+00
    294.000    14.1536    14.1385  46.181161  46.206786    38.7209    38.7294    4.28822    4.25168     0.0115  1030.3375    14.1092    29.0493    291.546 0.0000e+00
    295.000    14.1565    14.1407  46.183580  46.210165    38.7205    38.7299    4.30289    4.25399     0.0131  1030.3411    14.1120    29.0485    292.537 0.0000e+00
    296.000    14.1574    14.1420  46.185736  46.212029    38.7208    38.7302    4.28843    4.24711     0.0141  1030.3456    14.1127    29.0487    293.528 0.0000e+00
    297.000    14.1559    14.1405  46.184313  46.210224    38.7206    38.7299    4.27970    4.24583     0.0137  1030.3499    14.1111    29.0486    294.519 0.0000e+00
    298.000    14.1481    14.1330  46.176902  46.202634    38.7206    38.7294    4.31519    4.24479     0.0148  1030.3562    14.1031    29.0505    295.510 0.0000e+00
    299.000    14.1472    14.1319  46.176189  46.201269    38.7206    38.7295    4.28905    4.24163     0.0145  1030.3602    14.1021    29.0501    296.500 0.0000e+00
    300.000    14.1460    14.1309  46.175088  46.200754    38.7202    38.7294    4.26576    4.24300     0.0126  1030.3650    14.1008    29.0505    297.491 0.0000e+00
    301.000    14.1438    14.1288  46.172869  46.198249    38.7197    38.7287    4.28056    4.24632     0.0127  1030.3695    14.0984    29.0506    298.482 0.0000e+00
    302.000    14.1417    14.1259  46.170014  46.195443    38.7195    38.7283    4.27783    4.24048     0.0120  1030.3736    14.0961    29.0504    299.473 0.0000e+00
    303.000    14.1345    14.1209  46.164521  46.187725    38.7189    38.7271    4.27617    4.24111     0.0122  1030.3792    14.0888    29.0516    300.464 0.0000e+00
    304.000    14.1351    14.1204  46.164047  46.188305    38.7186    38.7272    4.28179    4.24703     0.0131  1030.3832    14.0892    29.0511    301.455 0.0000e+00
    305.000    14.1356    14.1201  46.163540  46.189685    38.7180    38.7274    4.29685    4.24673     0.0136  1030.3877    14.0896    29.0513    302.446 0.0000e+00
    306.000    14.1326    14.1168  46.160187  46.186026    38.7177    38.7268    4.28053    4.23643     0.0138  1030.3921    14.0864    29.0513    303.437 0.0000e+00
    307.000    14.1245    14.1090  46.151481  46.177637    38.7169    38.7257    4.27257    4.23729     0.0147  1030.3981    14.0783    29.0529    304.428 0.0000e+00
    308.000    14.1247    14.1091  46.152320  46.178060    38.7171    38.7261    4.31551    4.23878     0.0139  1030.4023    14.0783    29.0527    305.419 0.0000e+00
    309.000    14.1263    14.1108  46.155095  46.181214    38.7175    38.7270    4.29744    4.24490     0.0135  1030.4070    14.0797    29.0531    306.409 0.0000e+00
    310.000    14.1268    14.1113  46.156625  46.183226    38.7180    38.7276    4.27690    4.24840     0.0133  1030.4120    14.0801    29.0538    307.400 0.0000e+00
    311.000    14.1266    14.1114  46.157765  46.182405    38.7186    38.7279    4.27716    4.23522     0.0143  1030.4157    14.0797    29.0531    308.391 0.0000e+00
    312.000    14.1134    14.0980  46.143020  46.168504    38.7177    38.7262    4.26109    4.21585     0.0145  1030.4229    14.0664    29.0558    309.382 0.0000e+00
    313.000    14.1085    14.0931  46.137077  46.162342    38.7165    38.7252    4.25100    4.19173     0.0140  1030.4273    14.0614    29.0558    310.373 0.0000e+00
    314.000    14.1079    14.0926  46.136408  46.161793    38.7159    38.7249    4.24645    4.18944     0.0135  1030.4315    14.0606    29.0557    311.364 0.0000e+00
    315.000    14.1084    14.0930  46.136986  46.163023    38.7157    38.7251    4.24243    4.20063     0.0132  1030.4360    14.0610    29.0558    312.355 0.0000e+00
    316.000    14.1103    14.0949  46.140265  46.166134    38.7164    38.7259    4.25951    4.19894     0.0123  1030.4405    14.0627    29.0559    313.345 0.0000e+00
    317.000    14.1085    14.0931  46.139319  46.165025    38.7168    38.7261    4.23748    4.20887     0.0124  1030.4455    14.0607    29.0566    314.336 0.0000e+00
    318.000    14.1047    14.0894  46.135572  46.161152    38.7166    38.7257    4.23889    4.22125     0.0135  1030.4506    14.0568    29.0572    315.327 0.0000e+00
    319.000    14.1018    14.0864  46.132201  46.157775    38.7160    38.7251    4.26141    4.22239     0.0125  1030.4551    14.0537    29.0573    316.318 0.0000e+00
    320.000    14.0965    14.0817  46.126645  46.151050    38.7150    38.7238    4.27308    4.24011     0.0127  1030.4594    14.0484    29.0573    317.309 0.0000e+00
    321.000    14.0880    14.0729  46.116240  46.140949    38.7137    38.7222    4.27651    4.26427     0.0133  1030.4647    14.0397    29.0581    318.300 0.0000e+00
    322.000    14.0839    14.0689  46.111003  46.136067    38.7123    38.7213    4.28148    4.26865     0.0117  1030.4693    14.0355    29.0583    319.290 0.0000e+00
    323.000    14.0825    14.0670  46.109192  46.134225    38.7121    38.7209    4.32155    4.25228     0.0125  1030.4734    14.0338    29.0581    320.281 0.0000e+00
    324.000    14.0791    14.0635  46.105139  46.130391    38.7113    38.7203    4.29089    4.23942     0.0131  1030.4781    14.0303    29.0584    321.272 0.0000e+00
    325.000    14.0723    14.0571  46.098202  46.122841    38.7107    38.7194    4.27449    4.24311     0.0135  1030.4834    14.0234    29.0593    322.263 0.0000e+00
    326.000    14.0644    14.0496  46.089432  46.113391    38.7095    38.7179    4.30677    4.25487     0.0151  1030.4884    14.0154    29.0599    323.254 0.0000e+00
    327.000    14.0575    14.0426  46.080884  46.104294    38.7081    38.7163    4.27499    4.24472     0.0151  1030.4928    14.0083    29.0599    324.244 0.0000e+00
    328.000    14.0478    14.0329  46.069426  46.093426    38.7065    38.7148    4.26793    4.22087     0.0134  1030.4986    13.9985    29.0612    325.235 0.0000e+00
    329.000    14.0446    14.0294  46.064845  46.089574    38.7053    38.7140    4.27244    4.22120     0.0132  1030.5030    13.9952    29.0613    326.226 0.0000e+00
    330.000    14.0454    14.0299  46.065351  46.090635    38.7048    38.7139    4.26990    4.23008     0.0137  1030.5071    13.9958    29.0610    327.217 0.0000e+00
    331.000    14.0479    14.0325  46.069216  46.095854    38.7054    38.7151    4.24885    4.19114     0.0137  1030.5124    13.9982    29.0619    328.208 0.0000e+00
    332.000    14.0569    14.0414  46.081938  46.108081    38.7080    38.7181    4.23162    4.17194     0.0133  1030.5164    14.0070    29.0616    329.198 0.0000e+00
    333.000    14.0568    14.0415  46.083083  46.109624    38.7086    38.7185    4.25410    4.17429     0.0127  1030.5217    14.0067    29.0626    330.189 0.0000e+00
    334.000    14.0569    14.0416  46.084187  46.110707    38.7091    38.7189    4.22598    4.18578     0.0134  1030.5265    14.0067    29.0630    331.180 0.0000e+00
    335.000    14.0582    14.0426  46.086807  46.113592    38.7101    38.7198    4.23222    4.17525     0.0139  1030.5313    14.0078    29.0635    332.171 0.0000e+00
    336.000    14.0628    14.0480  46.094861  46.120879    38.7119    38.7216    4.25048    4.16297     0.0122  1030.5361    14.0122    29.0639    333.161 0.0000e+00
    337.000    14.0667    14.0514  46.100185  46.126968    38.7130    38.7230    4.20424    4.16233     0.0137  1030.5407    14.0160    29.0641    334.152 0.0000e+00
    338.000    14.0669    14.0516  46.101228  46.127934    38.7134    38.7231    4.20266    4.16387     0.0126  1030.5452    14.0161    29.0643    335.143 0.0000e+00
    339.000    14.0668    14.0515  46.101757  46.128149    38.7135    38.7230    4.20689    4.15751     0.0110  1030.5495    14.0158    29.0643    336.134 0.0000e+00
    340.000    14.0664    14.0510  46.101604  46.128223    38.7134    38.7230    4.20495    4.16625     0.0111  1030.5541    14.0152    29.0645    337.124 0.0000e+00
    341.000    14.0659    14.0507  46.101587  46.128116    38.7133    38.7229    4.20833    4.17042     0.0129  1030.5585    14.0146    29.0645    338.115 0.0000e+00
    342.000    14.0655    14.0502  46.101506  46.127988    38.7132    38.7228    4.21043    4.17613     0.0119  1030.5629    14.0140    29.0645    339.106 0.0000e+00
    343.000    14.0655    14.0502  46.101880  46.128368    38.7131    38.7227    4.22010    4.18275     0.0124  1030.5672    14.0139    29.0645    340.096 0.0000e+00
    344.000    14.0654    14.0503  46.102445  46.128759    38.7131    38.7227    4.19672    4.18077     0.0126  1030.5717    14.0137    29.0646    341.087 0.0000e+00
    345.000    14.0655    14.0502  46.103074  46.129527    38.7133    38.7229    4.21420    4.16559     0.0137  1030.5762    14.0136    29.0647    342.078 0.0000e+00
    346.000    14.0659    14.0506  46.103960  46.130475    38.7133    38.7230    4.21733    4.16695     0.0117  1030.5805    14.0139    29.0647    343.069 0.0000e+00
    347.000    14.0662    14.0508  46.104753  46.131692    38.7134    38.7232    4.18862    4.16178     0.0109  1030.5852    14.0139    29.0650    344.059 0.0000e+00
    348.000    14.0707    14.0550  46.111429  46.138805    38.7151    38.7251    4.19464    4.15328     0.0129  1030.5899    14.0183    29.0654    345.050 0.0000e+00
    349.000    14.0737    14.0586  46.117521  46.143970    38.7167    38.7267    4.19422    4.16204     0.0123  1030.5947    14.0211    29.0659    346.041 0.0000e+00
    350.000    14.0716    14.0564  46.116257  46.142972    38.7173    38.7270    4.19918    4.16321     0.0115  1030.6002    14.0189    29.0669    347.031 0.0000e+00
    351.000    14.0726    14.0572  46.117861  46.144650    38.7176    38.7273    4.19397    4.15510     0.0119  1030.6045    14.0197    29.0669    348.022 0.0000e+00
    352.000    14.0741    14.0590  46.120947  46.147737    38.7183    38.7281    4.19053    4.15394     0.0112  1030.6093    14.0211    29.0673    349.013 0.0000e+00
    353.000    14.0771    14.0617  46.125434  46.152035    38.7193    38.7290    4.18798    4.15260     0.0130  1030.6135    14.0239    29.0672    350.003 0.0000e+00
    354.000    14.0765    14.0611  46.125312  46.152135    38.7194    38.7291    4.20921    4.15678     0.0135  1030.6181    14.0232    29.0675    350.994 0.0000e+00
    355.000    14.0753    14.0600  46.124774  46.151084    38.7195    38.7290    4.19816    4.15127     0.0131  1030.6227    14.0218    29.0677    351.985 0.0000e+00
    356.000    14.0732    14.0581  46.122748  46.148933    38.7191    38.7286    4.17652    4.15527     0.0133  1030.6272    14.0196    29.0678    352.975 0.0000e+00
    357.000    14.0708    14.0554  46.120258  46.146690    38.7190    38.7283    4.20596    4.15551     0.0139  1030.6321    14.0170    29.0683    353.966 0.0000e+00
    358.000    14.0707    14.0555  46.120795  46.147069    38.7190    38.7285    4.19082    4.15816     0.0129  1030.6365    14.0168    29.0683    354.957 0.0000e+00
    359.000    14.0699    14.0546  46.120432  46.146918    38.7191    38.7286    4.18236    4.15911     0.0125  1030.6412    14.0159    29.0687    355.947 0.0000e+00
    360.000    14.0702    14.0548  46.121672  46.147836    38.7196    38.7291    4.18299    4.15256     0.0126  1030.6456    14.0160    29.0687    356.938 0.0000e+00
    361.000    14.0684    14.0531  46.120349  46.146423    38.7197    38.7290    4.18468    4.15576     0.0131  1030.6505    14.0140    29.0692    357.929 0.0000e+00
    362.000    14.0651    14.0499  46.117665  46.143656    38.7199    38.7293    4.18551    4.16294     0.0138  1030.6558    14.0106    29.0701    358.919 0.0000e+00
    363.000    14.0614    14.0461  46.114050  46.140267    38.7199    38.7292    4.18300    4.15971     0.0121  1030.6611    14.0068    29.0710    359.910 0.0000e+00
    364.000    14.0607    14.0453  46.113705  46.139803    38.7199    38.7292    4.21635    4.15282     0.0126  1030.6655    14.0060    29.0711    360.900 0.0000e+00
    365.000    14.0603    14.0449  46.113731  46.139953    38.7199    38.7293    4.18372    4.15777     0.0143  1030.6701    14.0053    29.0714    361.891 0.0000e+00
    366.000    14.0599    14.0446  46.113713  46.140154    38.7197    38.7294    4.17994    4.15018     0.0148  1030.6747    14.0048    29.0715    362.882 0.0000e+00
    367.000    14.0601    14.0448  46.114299  46.140675    38.7196    38.7294    4.20174    4.15186     0.0143  1030.6789    14.0048    29.0714    363.872 0.0000e+00
    368.000    14.0595    14.0443  46.114282  46.140450    38.7197    38.7293    4.17145    4.15105     0.0134  1030.6835    14.0040    29.0716    364.863 0.0000e+00
    369.000    14.0582    14.0430  46.113693  46.139792    38.7199    38.7294    4.17866    4.15551     0.0124  1030.6883    14.0026    29.0721    365.853 0.0000e+00
    370.000    14.0580    14.0427  46.113942  46.140258    38.7201    38.7296    4.18123    4.16101     0.0126  1030.6928    14.0023    29.0722    366.844 0.0000e+00
    371.000    14.0583    14.0430  46.114625  46.141014    38.7200    38.7296    4.17684    4.14474     0.0137  1030.6972    14.0025    29.0722    367.835 0.0000e+00
    372.000    14.0583    14.0430  46.115369  46.141675    38.7203    38.7299    4.18393    4.14486     0.0133  1030.7017    14.0023    29.0724    368.825 0.0000e+00
    373.000    14.0575    14.0423  46.115135  46.141433    38.7203    38.7299    4.19386    4.15435     0.0119  1030.7064    14.0013    29.0727    369.816 0.0000e+00
    374.000    14.0573    14.0419  46.115186  46.141622    38.7202    38.7299    4.20505    4.14589     0.0129  1030.7108    14.0009    29.0728    370.806 0.0000e+00
    375.000    14.0570    14.0417  46.115427  46.141647    38.7202    38.7298    4.16892    4.15414     0.0143  1030.7151    14.0006    29.0727    371.797 0.0000e+00
    376.000    14.0560    14.0408  46.114642  46.141048    38.7200    38.7297    4.17550    4.16413     0.0142  1030.7198    13.9994    29.0730    372.787 0.0000e+00
    377.000    14.0557    14.0405  46.114863  46.141245    38.7201    38.7297    4.18222    4.15468     0.0129  1030.7242    13.9990    29.0731    373.778 0.0000e+00
    378.000    14.0554    14.0401  46.114803  46.141135    38.7199    38.7296    4.18499    4.14080     0.0133  1030.7286    13.9985    29.0730    374.769 0.0000e+00
    379.000    14.0535    14.0381  46.113134  46.139273    38.7199    38.7293    4.18246    4.14203     0.0136  1030.7332    13.9964    29.0732    375.759 0.0000e+00
    380.000    14.0504    14.0353  46.110006  46.135746    38.7194    38.7288    4.20588    4.14339     0.0141  1030.7378    13.9931    29.0735    376.750 0.0000e+00
    381.000    14.0453    14.0303  46.104780  46.130112    38.7191    38.7282    4.20008    4.15458     0.0144  1030.7427    13.9880    29.0741    377.740 0.0000e+00
    382.000    14.0393    14.0242  46.098087  46.123238    38.7184    38.7273    4.17344    4.16818     0.0145  1030.7478    13.9818    29.0747    378.731 0.0000e+00
    383.000    14.0325    14.0173  46.090324  46.115465    38.7176    38.7264    4.21628    4.15814     0.0138  1030.7531    13.9748    29.0755    379.721 0.0000e+00
    384.000    14.0283    14.0131  46.085051  46.110436    38.7164    38.7255    4.19906    4.15372     0.0115  1030.7576    13.9705    29.0757    380.712 0.0000e+00
    385.000    14.0264    14.0111  46.082998  46.108576    38.7160    38.7251    4.17779    4.16857     0.0127  1030.7622    13.9685    29.0759    381.702 0.0000e+00
