Data/Raw HPLC Argo/lovbio035b/CTD/dewex2013_dew_leg1_52.cnv
* Sea-Bird SBE 9 Data File:
* FileName = C:\CTD\Work\raw\dewex2013_dew_leg1_52.hdr
* Software Version Seasave V 7.21d
* Temperature SN = 031016
* Conductivity SN = 041075
* Number of Bytes Per Scan = 37
* Number of Voltage Words = 4
* Number of Scans Averaged by the Deck Unit = 1
* NMEA Latitude = 42 01.28 N
* NMEA Longitude = 004 40.07 E
* NMEA UTC (Time) = Feb 17 2013 22:18:59
** Ship:
** Station:
** Operator:
# nquan = 24
# nvalues = 4794                        
# units = specified
# name 0 = prDM: Pressure, Digiquartz [db]
# name 1 = t090C: Temperature [ITS-90, deg C]
# name 2 = c0S/m: Conductivity [S/m]
# name 3 = sbeox0V: Oxygen raw, SBE 43 [V]
# name 4 = flC: Fluorescence, Chelsea Aqua 3 Chl Con [ug/l]
# name 5 = v4: Voltage 4
# name 6 = timeJ: Julian Days
# name 7 = latitude: Latitude [deg]
# name 8 = longitude: Longitude [deg]
# name 9 = altM: Altimeter [m]
# name 10 = par: PAR/Irradiance, Biospherical/Licor
# name 11 = wetCDOM: Fluorescence, WET Labs CDOM [mg/m^3]
# name 12 = xmiss: Beam Transmission, Chelsea/Seatech [%]
# name 13 = t190C: Temperature, 2 [ITS-90, deg C]
# name 14 = c1S/m: Conductivity, 2 [S/m]
# name 15 = potemp090C: Potential Temperature [ITS-90, deg C]
# name 16 = sal00: Salinity, Practical [PSU]
# name 17 = sigma-é00: Density [sigma-theta, Kg/m^3]
# name 18 = potemp190C: Potential Temperature, 2 [ITS-90, deg C]
# name 19 = sal11: Salinity, Practical, 2 [PSU]
# name 20 = sigma-é11: Density, 2 [sigma-theta, Kg/m^3]
# name 21 = sbeox0ML/L: Oxygen, SBE 43 [ml/l], WS = 2
# name 22 = sbeox0Mm/Kg: Oxygen, SBE 43 [umol/Kg], WS = 2
# name 23 = flag: flag
# span 0 =      1.000,   2398.000       
# span 1 =    12.8958,    13.2780       
# span 2 =   4.448772,   4.595325       
# span 3 =     1.6291,     2.0462       
# span 4 =     0.0067,     0.0364       
# span 5 =     0.0105,     0.8625       
# span 6 =  48.932045,  48.984304       
# span 7 =   42.02191,   42.02958       
# span 8 =    4.65243,    4.66726       
# span 9 =      -0.06,      49.34       
# span 10 = -4.269e-07, 1.4631e+00      
# span 11 =     0.2325,     0.7362      
# span 12 =    91.0879,    91.4567      
# span 13 =    12.8948,    13.2779      
# span 14 =   4.449392,   4.595876      
# span 15 =    12.8955,    12.9160      
# span 16 =    38.4918,    38.4965      
# span 17 =    29.1200,    29.1239      
# span 18 =    12.8941,    12.9188      
# span 19 =    38.4975,    38.5066      
# span 20 =    29.1232,    29.1314      
# span 21 =    4.44691,    4.57336      
# span 22 =    192.948,    198.449      
# span 23 = 0.0000e+00, 0.0000e+00      
# interval = decibars: 1                
# start_time = Feb 17 2013 22:18:59 [NMEA time, header]
# bad_flag = -9.990e-29
*END*
[from data line 1631]
   1632.000    13.1542   4.550331     1.7383     0.0102     0.0672  48.950373   42.02298    4.66226       0.05 1.0000e-12     0.4627    91.4133    13.1543   4.550820    12.9091    38.4938    29.1215    12.9092    38.4984    29.1250    4.46309    193.652 0.0000e+00
   1633.000    13.1542   4.550381     1.7383     0.0148     0.0706  48.950383   42.02298    4.66226       0.05 1.0000e-12     0.4979    91.4121    13.1544   4.550877    12.9090    38.4939    29.1215    12.9092    38.4983    29.1250    4.46857    193.890 0.0000e+00
   1634.000    13.1544   4.550458     1.7389     0.0177     0.0733  48.950394   42.02298    4.66226       0.05 1.0000e-12     0.4171    91.4169    13.1546   4.550924    12.9090    38.4940    29.1217    12.9092    38.4982    29.1249    4.46755    193.846 0.0000e+00
   1635.000    13.1545   4.550510     1.7386     0.0170     0.0747  48.950406   42.02298    4.66226       0.05 1.0000e-12     0.4229    91.4250    13.1547   4.550995    12.9090    38.4939    29.1216    12.9092    38.4984    29.1250    4.46277    193.638 0.0000e+00
   1636.000    13.1547   4.550562     1.7384     0.0176     0.0800  48.950419   42.02298    4.66226       0.05 1.0000e-12     0.5411    91.4134    13.1549   4.551060    12.9091    38.4938    29.1215    12.9092    38.4984    29.1250    4.46431    193.705 0.0000e+00
   1637.000    13.1548   4.550628     1.7382     0.0178     0.0856  48.950430   42.02298    4.66224       0.05 1.0000e-12     0.5231    91.4110    13.1551   4.551123    12.9090    38.4939    29.1216    12.9092    38.4984    29.1251    4.46159    193.587 0.0000e+00
   1638.000    13.1550   4.550689     1.7378     0.0170     0.0733  48.950441   42.02298    4.66224       0.05 1.0000e-12     0.4570    91.4163    13.1553   4.551178    12.9090    38.4939    29.1216    12.9093    38.4983    29.1250    4.46343    193.667 0.0000e+00
   1639.000    13.1553   4.550748     1.7379     0.0189     0.0733  48.950451   42.02300    4.66224       0.05 1.0000e-12     0.4499    91.4163    13.1554   4.551229    12.9091    38.4938    29.1215    12.9092    38.4982    29.1249    4.46570    193.766 0.0000e+00
   1640.000    13.1553   4.550795     1.7378     0.0179     0.0707  48.950462   42.02300    4.66224       0.05 1.0000e-12     0.3458    91.4144    13.1555   4.551292    12.9090    38.4938    29.1215    12.9092    38.4983    29.1250    4.46331    193.662 0.0000e+00
   1641.000    13.1555   4.550860     1.7377     0.0157     0.0735  48.950473   42.02300    4.66224       0.05 1.0000e-12     0.5267    91.4176    13.1557   4.551355    12.9090    38.4938    29.1216    12.9092    38.4984    29.1250    4.46650    193.800 0.0000e+00
   1642.000    13.1555   4.550917     1.7380     0.0159     0.0854  48.950485   42.02300    4.66223       0.05 1.0000e-12     0.4182    91.4237    13.1558   4.551401    12.9089    38.4939    29.1217    12.9091    38.4983    29.1250    4.46868    193.895 0.0000e+00
   1643.000    13.1557   4.550974     1.7377     0.0156     0.0738  48.950497   42.02300    4.66222       0.05 1.0000e-12     0.4305    91.4108    13.1559   4.551463    12.9089    38.4939    29.1216    12.9091    38.4983    29.1250    4.46223    193.615 0.0000e+00
   1644.000    13.1559   4.551041     1.7371     0.0181     0.0674  48.950510   42.02300    4.66222       0.05 1.0000e-12     0.5338    91.4226    13.1562   4.551542    12.9090    38.4939    29.1216    12.9092    38.4984    29.1250    4.46326    193.660 0.0000e+00
   1645.000    13.1561   4.551109     1.7373     0.0182     0.0759  48.950521   42.02300    4.66222       0.05 1.0000e-12     0.5332    91.4209    13.1563   4.551590    12.9090    38.4939    29.1216    12.9092    38.4983    29.1250    4.46808    193.869 0.0000e+00
   1646.000    13.1563   4.551163     1.7374     0.0179     0.0761  48.950532   42.02300    4.66222       0.05 1.0000e-12     0.4878    91.4183    13.1565   4.551651    12.9090    38.4939    29.1216    12.9092    38.4983    29.1250    4.46734    193.836 0.0000e+00
   1647.000    13.1564   4.551218     1.7375     0.0175     0.0717  48.950543   42.02300    4.66221       0.05 1.0000e-12     0.4721    91.4229    13.1566   4.551704    12.9090    38.4939    29.1216    12.9092    38.4983    29.1250    4.47116    194.002 0.0000e+00
   1648.000    13.1565   4.551278     1.7376     0.0178     0.0670  48.950553   42.02301    4.66220       0.05 1.0000e-12     0.5129    91.4205    13.1568   4.551781    12.9089    38.4939    29.1216    12.9092    38.4984    29.1251    4.46544    193.754 0.0000e+00
   1649.000    13.1567   4.551327     1.7368     0.0150     0.0730  48.950565   42.02302    4.66220       0.05 1.0000e-12     0.5203    91.4183    13.1568   4.551825    12.9089    38.4938    29.1215    12.9091    38.4984    29.1251    4.45440    193.275 0.0000e+00
   1650.000    13.1568   4.551394     1.7349     0.0156     0.0627  48.950578   42.02302    4.66220       0.05 1.0000e-12     0.6046    91.4174    13.1571   4.551882    12.9089    38.4939    29.1216    12.9091    38.4983    29.1250    4.44826    193.009 0.0000e+00
   1651.000    13.1572   4.551467     1.7344     0.0150     0.0915  48.950590   42.02302    4.66220       0.05 1.0000e-12     0.4632    91.4120    13.1573   4.551953    12.9091    38.4938    29.1215    12.9092    38.4983    29.1250    4.46245    193.624 0.0000e+00
   1652.000    13.1573   4.551519     1.7351     0.0180     0.0877  48.950601   42.02302    4.66218       0.05 1.0000e-12     0.5137    91.4173    13.1575   4.552016    12.9091    38.4938    29.1215    12.9093    38.4983    29.1249    4.46293    193.645 0.0000e+00
   1653.000    13.1574   4.551580     1.7347     0.0180     0.0686  48.950612   42.02302    4.66218       0.05 1.0000e-12     0.5626    91.4220    13.1576   4.552077    12.9090    38.4938    29.1215    12.9092    38.4984    29.1250    4.46156    193.586 0.0000e+00
   1654.000    13.1576   4.551640     1.7350     0.0178     0.0733  48.950623   42.02302    4.66218       0.05 1.0000e-12     0.5698    91.4121    13.1578   4.552133    12.9090    38.4939    29.1216    12.9092    38.4983    29.1250    4.46839    193.882 0.0000e+00
   1655.000    13.1577   4.551689     1.7358     0.0184     0.0791  48.950634   42.02302    4.66218       0.05 1.0000e-12     0.5341    91.4191    13.1579   4.552194    12.9090    38.4938    29.1215    12.9092    38.4984    29.1250    4.46432    193.706 0.0000e+00
   1656.000    13.1578   4.551756     1.7345     0.0162     0.0847  48.950646   42.02303    4.66217       0.05 1.0000e-12     0.4848    91.4156    13.1580   4.552237    12.9090    38.4938    29.1216    12.9091    38.4983    29.1250    4.45078    193.118 0.0000e+00
   1657.000    13.1579   4.551820     1.7334     0.0151     0.0803  48.950658   42.02304    4.66216       0.05 1.0000e-12     0.4867    91.4210    13.1582   4.552308    12.9089    38.4940    29.1217    12.9092    38.4983    29.1250    4.45239    193.188 0.0000e+00
   1658.000    13.1581   4.551881     1.7333     0.0176     0.0755  48.950670   42.02304    4.66216       0.05 1.0000e-12     0.5138    91.4249    13.1584   4.552379    12.9090    38.4939    29.1216    12.9092    38.4984    29.1251    4.45701    193.388 0.0000e+00
   1659.000    13.1583   4.551936     1.7328     0.0178     0.0755  48.950681   42.02304    4.66216       0.05 1.0000e-12     0.4817    91.4170    13.1586   4.552427    12.9090    38.4939    29.1216    12.9093    38.4982    29.1249    4.45485    193.295 0.0000e+00
   1660.000    13.1585   4.552006     1.7328     0.0162     0.0769  48.950692   42.02304    4.66216       0.05 1.0000e-12     0.4207    91.4170    13.1588   4.552490    12.9089    38.4940    29.1217    12.9093    38.4983    29.1249    4.45693    193.385 0.0000e+00
   1661.000    13.1586   4.552053     1.7326     0.0177     0.0668  48.950704   42.02304    4.66215       0.05 1.0000e-12     0.6215    91.4196    13.1589   4.552536    12.9090    38.4938    29.1216    12.9092    38.4982    29.1249    4.46389    193.687 0.0000e+00
   1662.000    13.1588   4.552120     1.7337     0.0202     0.0791  48.950715   42.02304    4.66214       0.05 1.0000e-12     0.4578    91.4205    13.1591   4.552607    12.9090    38.4939    29.1216    12.9092    38.4983    29.1249    4.46946    193.929 0.0000e+00
   1663.000    13.1590   4.552173     1.7340     0.0206     0.0744  48.950726   42.02304    4.66214       0.05 1.0000e-12     0.4575    91.4205    13.1593   4.552678    12.9090    38.4938    29.1215    12.9093    38.4983    29.1249    4.46702    193.823 0.0000e+00
   1664.000    13.1592   4.552243     1.7341     0.0179     0.0735  48.950738   42.02304    4.66214       0.05 1.0000e-12     0.5063    91.4189    13.1594   4.552732    12.9090    38.4939    29.1216    12.9092    38.4983    29.1250    4.46486    193.729 0.0000e+00
   1665.000    13.1593   4.552306     1.7341     0.0182     0.0670  48.950751   42.02305    4.66214       0.05 1.0000e-12     0.5136    91.4145    13.1596   4.552795    12.9090    38.4940    29.1216    12.9093    38.4983    29.1250    4.46503    193.736 0.0000e+00
   1666.000    13.1595   4.552368     1.7339     0.0150     0.0733  48.950763   42.02306    4.66212       0.05 1.0000e-12     0.5136    91.4170    13.1597   4.552846    12.9091    38.4939    29.1216    12.9092    38.4983    29.1250    4.45948    193.496 0.0000e+00
   1667.000    13.1597   4.552428     1.7330     0.0156     0.0847  48.950774   42.02306    4.66212       0.05 1.0000e-12     0.5111    91.4183    13.1599   4.552910    12.9091    38.4939    29.1215    12.9092    38.4983    29.1250    4.46274    193.637 0.0000e+00
   1668.000    13.1598   4.552477     1.7338     0.0150     0.0791  48.950784   42.02306    4.66212       0.05 1.0000e-12     0.5136    91.4177    13.1600   4.552967    12.9091    38.4938    29.1215    12.9092    38.4983    29.1249    4.47311    194.087 0.0000e+00
   1669.000    13.1600   4.552539     1.7342     0.0181     0.0745  48.950795   42.02306    4.66212       0.05 1.0000e-12     0.5276    91.4186    13.1602   4.553037    12.9090    38.4939    29.1215    12.9092    38.4984    29.1251    4.47210    194.043 0.0000e+00
   1670.000    13.1601   4.552600     1.7345     0.0193     0.0733  48.950806   42.02306    4.66212       0.05 1.0000e-12     0.5556    91.4186    13.1604   4.553087    12.9090    38.4939    29.1216    12.9092    38.4983    29.1249    4.47159    194.021 0.0000e+00
   1671.000    13.1602   4.552654     1.7344     0.0218     0.0733  48.950818   42.02306    4.66211       0.05 1.0000e-12     0.5022    91.4246    13.1605   4.553139    12.9090    38.4939    29.1216    12.9092    38.4983    29.1249    4.46774    193.854 0.0000e+00
   1672.000    13.1603   4.552689     1.7342     0.0195     0.0801  48.950831   42.02306    4.66210       0.05 1.0000e-12     0.4680    91.4244    13.1606   4.553198    12.9089    38.4937    29.1215    12.9092    38.4983    29.1250    4.46611    193.783 0.0000e+00
   1673.000    13.1605   4.552761     1.7335     0.0173     0.0851  48.950843   42.02307    4.66210       0.05 1.0000e-12     0.4932    91.4210    13.1607   4.553244    12.9089    38.4938    29.1215    12.9091    38.4982    29.1249    4.46396    193.690 0.0000e+00
   1674.000    13.1607   4.552815     1.7335     0.0194     0.0740  48.950855   42.02308    4.66210       0.05 1.0000e-12     0.3923    91.4249    13.1609   4.553303    12.9089    38.4938    29.1215    12.9091    38.4982    29.1249    4.47094    193.993 0.0000e+00
   1675.000    13.1608   4.552887     1.7337     0.0208     0.0799  48.950866   42.02308    4.66210       0.05 1.0000e-12     0.5681    91.4143    13.1611   4.553378    12.9089    38.4939    29.1216    12.9092    38.4982    29.1249    4.46545    193.754 0.0000e+00
   1676.000    13.1612   4.552954     1.7326     0.0183     0.0822  48.950876   42.02308    4.66209       0.05 1.0000e-12     0.5193    91.4152    13.1613   4.553443    12.9091    38.4938    29.1215    12.9092    38.4983    29.1249    4.45409    193.262 0.0000e+00
   1677.000    13.1612   4.553005     1.7317     0.0172     0.0792  48.950887   42.02308    4.66208       0.05 1.0000e-12     0.4778    91.4228    13.1615   4.553496    12.9089    38.4938    29.1215    12.9092    38.4982    29.1249    4.45876    193.464 0.0000e+00
   1678.000    13.1613   4.553065     1.7315     0.0166     0.0810  48.950899   42.02308    4.66208       0.05 1.0000e-12     0.5216    91.4122    13.1616   4.553558    12.9089    38.4939    29.1216    12.9092    38.4983    29.1250    4.46090    193.557 0.0000e+00
   1679.000    13.1614   4.553135     1.7313     0.0158     0.0841  48.950911   42.02308    4.66208       0.05 1.0000e-12     0.5074    91.4144    13.1617   4.553612    12.9089    38.4940    29.1217    12.9092    38.4982    29.1249    4.46539    193.752 0.0000e+00
   1680.000    13.1616   4.553177     1.7317     0.0145     0.0790  48.950924   42.02308    4.66208       0.05 1.0000e-12     0.4888    91.4247    13.1619   4.553679    12.9089    38.4938    29.1216    12.9091    38.4983    29.1250    4.46638    193.795 0.0000e+00
   1681.000    13.1618   4.553245     1.7317     0.0125     0.0791  48.950935   42.02308    4.66207       0.05 1.0000e-12     0.5397    91.4148    13.1621   4.553749    12.9090    38.4938    29.1215    12.9092    38.4983    29.1250    4.46801    193.866 0.0000e+00
   1682.000    13.1620   4.553318     1.7321     0.0149     0.0678  48.950947   42.02309    4.66206       0.05 1.0000e-12     0.5284    91.4111    13.1623   4.553811    12.9090    38.4939    29.1216    12.9093    38.4983    29.1250    4.46878    193.899 0.0000e+00
   1683.000    13.1622   4.553374     1.7319     0.0176     0.0713  48.950957   42.02310    4.66206       0.05 1.0000e-12     0.4678    91.4163    13.1624   4.553867    12.9090    38.4939    29.1216    12.9092    38.4983    29.1250    4.46316    193.655 0.0000e+00
   1684.000    13.1622   4.553425     1.7314     0.0155     0.0704  48.950968   42.02310    4.66206       0.05 1.0000e-12     0.5142    91.4150    13.1626   4.553921    12.9089    38.4939    29.1216    12.9092    38.4983    29.1249    4.46419    193.700 0.0000e+00
   1685.000    13.1625   4.553496     1.7310     0.0141     0.0687  48.950980   42.02310    4.66206       0.05 1.0000e-12     0.5699    91.4129    13.1627   4.553977    12.9090    38.4939    29.1215    12.9092    38.4983    29.1249    4.45759    193.414 0.0000e+00
   1686.000    13.1626   4.553553     1.7304     0.0165     0.0744  48.950991   42.02310    4.66205       0.05 1.0000e-12     0.5674    91.4101    13.1629   4.554045    12.9089    38.4939    29.1216    12.9092    38.4983    29.1250    4.46470    193.722 0.0000e+00
   1687.000    13.1628   4.553603     1.7309     0.0183     0.0815  48.951003   42.02310    4.66204       0.05 1.0000e-12     0.4726    91.4180    13.1630   4.554110    12.9090    38.4938    29.1215    12.9092    38.4984    29.1250    4.46913    193.914 0.0000e+00
   1688.000    13.1630   4.553672     1.7310     0.0224     0.0738  48.951015   42.02310    4.66204       0.05 1.0000e-12     0.4551    91.4129    13.1632   4.554159    12.9090    38.4938    29.1216    12.9092    38.4983    29.1250    4.46660    193.804 0.0000e+00
   1689.000    13.1631   4.553730     1.7306     0.0199     0.0687  48.951027   42.02310    4.66204       0.05 1.0000e-12     0.5003    91.4101    13.1634   4.554228    12.9090    38.4939    29.1216    12.9092    38.4983    29.1250    4.46169    193.591 0.0000e+00
   1690.000    13.1634   4.553791     1.7303     0.0187     0.0706  48.951039   42.02311    4.66204       0.05 1.0000e-12     0.4750    91.4188    13.1635   4.554284    12.9090    38.4938    29.1215    12.9092    38.4983    29.1250    4.46357    193.673 0.0000e+00
