Data/Raw HPLC Argo/lovbio035b/CTD/dewex2013_dew_leg1_52.cnv
* Sea-Bird SBE 9 Data File:
* FileName = C:\CTD\Work\raw\dewex2013_dew_leg1_52.hdr
* Software Version Seasave V 7.21d
* Temperature SN = 031016
* Conductivity SN = 041075
* Number of Bytes Per Scan = 37
* Number of Voltage Words = 4
* Number of Scans Averaged by the Deck Unit = 1
* NMEA Latitude = 42 01.28 N
* NMEA Longitude = 004 40.07 E
* NMEA UTC (Time) = Feb 17 2013 22:18:59
** Ship:
** Station:
** Operator:
# nquan = 24
# nvalues = 4794                        
# units = specified
# name 0 = prDM: Pressure, Digiquartz [db]
# name 1 = t090C: Temperature [ITS-90, deg C]
# name 2 = c0S/m: Conductivity [S/m]
# name 3 = sbeox0V: Oxygen raw, SBE 43 [V]
# name 4 = flC: Fluorescence, Chelsea Aqua 3 Chl Con [ug/l]
# name 5 = v4: Voltage 4
# name 6 = timeJ: Julian Days
# name 7 = latitude: Latitude [deg]
# name 8 = longitude: Longitude [deg]
# name 9 = altM: Altimeter [m]
# name 10 = par: PAR/Irradiance, Biospherical/Licor
# name 11 = wetCDOM: Fluorescence, WET Labs CDOM [mg/m^3]
# name 12 = xmiss: Beam Transmission, Chelsea/Seatech [%]
# name 13 = t190C: Temperature, 2 [ITS-90, deg C]
# name 14 = c1S/m: Conductivity, 2 [S/m]
# name 15 = potemp090C: Potential Temperature [ITS-90, deg C]
# name 16 = sal00: Salinity, Practical [PSU]
# name 17 = sigma-é00: Density [sigma-theta, Kg/m^3]
# name 18 = potemp190C: Potential Temperature, 2 [ITS-90, deg C]
# name 19 = sal11: Salinity, Practical, 2 [PSU]
# name 20 = sigma-é11: Density, 2 [sigma-theta, Kg/m^3]
# name 21 = sbeox0ML/L: Oxygen, SBE 43 [ml/l], WS = 2
# name 22 = sbeox0Mm/Kg: Oxygen, SBE 43 [umol/Kg], WS = 2
# name 23 = flag: flag
# span 0 =      1.000,   2398.000       
# span 1 =    12.8958,    13.2780       
# span 2 =   4.448772,   4.595325       
# span 3 =     1.6291,     2.0462       
# span 4 =     0.0067,     0.0364       
# span 5 =     0.0105,     0.8625       
# span 6 =  48.932045,  48.984304       
# span 7 =   42.02191,   42.02958       
# span 8 =    4.65243,    4.66726       
# span 9 =      -0.06,      49.34       
# span 10 = -4.269e-07, 1.4631e+00      
# span 11 =     0.2325,     0.7362      
# span 12 =    91.0879,    91.4567      
# span 13 =    12.8948,    13.2779      
# span 14 =   4.449392,   4.595876      
# span 15 =    12.8955,    12.9160      
# span 16 =    38.4918,    38.4965      
# span 17 =    29.1200,    29.1239      
# span 18 =    12.8941,    12.9188      
# span 19 =    38.4975,    38.5066      
# span 20 =    29.1232,    29.1314      
# span 21 =    4.44691,    4.57336      
# span 22 =    192.948,    198.449      
# span 23 = 0.0000e+00, 0.0000e+00      
# interval = decibars: 1                
# start_time = Feb 17 2013 22:18:59 [NMEA time, header]
# bad_flag = -9.990e-29
*END*
[from data line 4348]
    447.000    12.9736   4.478164     1.9561     0.0173     0.0110  48.976086   42.02740    4.65444       0.06 1.0000e-12     0.5363    91.4489    12.9730   4.478521    12.9096    38.4941    29.1216    12.9089    38.4982    29.1249    4.54299    197.129 0.0000e+00
    446.000    12.9735   4.478111     1.9561     0.0164     0.0109  48.976095   42.02740    4.65444       0.06 1.0000e-12     0.5663    91.4529    12.9728   4.478429    12.9096    38.4941    29.1216    12.9089    38.4979    29.1247    4.53812    196.918 0.0000e+00
    445.000    12.9733   4.478041     1.9560     0.0166     0.0106  48.976103   42.02740    4.65444       0.06 1.0000e-12     0.5598    91.4475    12.9724   4.478371    12.9095    38.4941    29.1217    12.9087    38.4982    29.1250    4.53907    196.959 0.0000e+00
    444.000    12.9731   4.477980     1.9566     0.0192     0.0109  48.976111   42.02742    4.65444       0.06 1.0000e-12     0.5843    91.4441    12.9723   4.478316    12.9095    38.4941    29.1216    12.9087    38.4982    29.1249    4.54218    197.094 0.0000e+00
    443.000    12.9731   4.477937     1.9569     0.0179     0.0108  48.976119   42.02742    4.65444       0.06 1.0000e-12     0.6268    91.4529    12.9722   4.478250    12.9096    38.4942    29.1217    12.9088    38.4981    29.1249    4.53995    196.997 0.0000e+00
    442.000    12.9730   4.477872     1.9569     0.0185     0.0109  48.976126   42.02742    4.65444       0.06 1.0000e-12     0.5429    91.4401    12.9721   4.478188    12.9097    38.4941    29.1216    12.9088    38.4980    29.1249    4.53718    196.877 0.0000e+00
    441.000    12.9730   4.477828     1.9566     0.0156     0.0111  48.976134   42.02742    4.65444       0.06 1.0000e-12     0.5101    91.4419    12.9719   4.478120    12.9098    38.4942    29.1217    12.9088    38.4980    29.1249    4.53771    196.900 0.0000e+00
    440.000    12.9727   4.477739     1.9570     0.0136     0.0109  48.976141   42.02742    4.65444       0.06 1.0000e-12     0.6277    91.4428    12.9716   4.478052    12.9096    38.4941    29.1216    12.9086    38.4982    29.1250    4.54064    197.028 0.0000e+00
    439.000    12.9725   4.477689     1.9574     0.0138     0.0111  48.976149   42.02742    4.65444       0.06 1.0000e-12     0.5456    91.4476    12.9715   4.477989    12.9096    38.4942    29.1217    12.9086    38.4981    29.1250    4.53943    196.975 0.0000e+00
    438.000    12.9725   4.477628     1.9573     0.0162     0.0110  48.976157   42.02742    4.65442       0.06 1.0000e-12     0.4560    91.4435    12.9713   4.477925    12.9097    38.4941    29.1216    12.9085    38.4982    29.1250    4.53735    196.885 0.0000e+00
    437.000    12.9721   4.477556     1.9574     0.0185     0.0110  48.976166   42.02742    4.65442       0.06 1.0000e-12     0.4544    91.4468    12.9711   4.477871    12.9096    38.4942    29.1217    12.9085    38.4983    29.1251    4.53724    196.880 0.0000e+00
    436.000    12.9721   4.477502     1.9575     0.0174     0.0109  48.976174   42.02742    4.65442       0.06 1.0000e-12     0.4770    91.4515    12.9711   4.477813    12.9096    38.4942    29.1217    12.9086    38.4982    29.1250    4.53564    196.810 0.0000e+00
    435.000    12.9718   4.477423     1.9573     0.0163     0.0110  48.976182   42.02742    4.65442       0.06 1.0000e-12     0.5131    91.4450    12.9709   4.477766    12.9095    38.4942    29.1217    12.9086    38.4984    29.1252    4.53449    196.760 0.0000e+00
    434.000    12.9718   4.477376     1.9572     0.0161     0.0111  48.976191   42.02744    4.65442       0.06 1.0000e-12     0.5136    91.4528    12.9708   4.477691    12.9096    38.4942    29.1217    12.9086    38.4982    29.1250    4.53675    196.859 0.0000e+00
    433.000    12.9716   4.477305     1.9578     0.0171     0.0108  48.976199   42.02744    4.65442       0.06 1.0000e-12     0.5417    91.4499    12.9706   4.477626    12.9096    38.4941    29.1216    12.9086    38.4982    29.1250    4.54070    197.030 0.0000e+00
    432.000    12.9714   4.477246     1.9582     0.0169     0.0111  48.976207   42.02744    4.65442       0.06 1.0000e-12     0.6271    91.4499    12.9704   4.477554    12.9096    38.4942    29.1217    12.9086    38.4981    29.1250    4.54254    197.110 0.0000e+00
    431.000    12.9714   4.477181     1.9589     0.0168     0.0109  48.976214   42.02744    4.65442       0.06 1.0000e-12     0.5490    91.4471    12.9702   4.477499    12.9096    38.4941    29.1216    12.9085    38.4983    29.1252    4.54497    197.216 0.0000e+00
    430.000    12.9712   4.477126     1.9596     0.0160     0.0110  48.976222   42.02744    4.65442       0.06 1.0000e-12     0.5140    91.4525    12.9700   4.477445    12.9096    38.4942    29.1217    12.9084    38.4985    29.1253    4.54369    197.160 0.0000e+00
    429.000    12.9711   4.477063     1.9596     0.0182     0.0109  48.976229   42.02744    4.65442       0.06 1.0000e-12     0.5620    91.4429    12.9700   4.477376    12.9096    38.4942    29.1217    12.9086    38.4982    29.1250    4.54035    197.015 0.0000e+00
    428.000    12.9709   4.477010     1.9598     0.0186     0.0109  48.976237   42.02744    4.65440       0.06 1.0000e-12     0.5835    91.4498    12.9698   4.477290    12.9096    38.4942    29.1217    12.9085    38.4981    29.1249    4.53990    196.995 0.0000e+00
    427.000    12.9707   4.476945     1.9599     0.0163     0.0109  48.976245   42.02744    4.65440       0.06 1.0000e-12     0.6257    91.4505    12.9695   4.477238    12.9096    38.4942    29.1217    12.9084    38.4983    29.1251    4.54039    197.016 0.0000e+00
    426.000    12.9705   4.476865     1.9601     0.0158     0.0108  48.976253   42.02744    4.65440       0.06 1.0000e-12     0.5300    91.4430    12.9693   4.477187    12.9096    38.4941    29.1217    12.9083    38.4985    29.1253    4.54028    197.012 0.0000e+00
    425.000    12.9704   4.476810     1.9599     0.0157     0.0108  48.976262   42.02744    4.65440       0.06 1.0000e-12     0.5135    91.4476    12.9693   4.477132    12.9096    38.4942    29.1217    12.9085    38.4984    29.1252    4.53922    196.966 0.0000e+00
    424.000    12.9703   4.476743     1.9604     0.0149     0.0110  48.976270   42.02744    4.65440       0.06 1.0000e-12     0.5136    91.4421    12.9692   4.477033    12.9096    38.4941    29.1216    12.9086    38.4980    29.1248    4.54309    197.134 0.0000e+00
    423.000    12.9701   4.476677     1.9610     0.0124     0.0109  48.976278   42.02744    4.65440       0.06 1.0000e-12     0.6631    91.4515    12.9690   4.476983    12.9095    38.4941    29.1217    12.9084    38.4982    29.1251    4.54623    197.270 0.0000e+00
    422.000    12.9700   4.476634     1.9616     0.0101     0.0110  48.976286   42.02746    4.65440       0.06 1.0000e-12     0.6827    91.4425    12.9687   4.476941    12.9096    38.4942    29.1217    12.9083    38.4985    29.1253    4.54608    197.264 0.0000e+00
    421.000    12.9699   4.476563     1.9618     0.0101     0.0109  48.976294   42.02746    4.65440       0.06 1.0000e-12     0.6274    91.4469    12.9687   4.476871    12.9096    38.4942    29.1217    12.9085    38.4983    29.1251    4.54453    197.197 0.0000e+00
    420.000    12.9698   4.476510     1.9622     0.0108     0.0111  48.976302   42.02746    4.65440       0.06 1.0000e-12     0.4730    91.4495    12.9685   4.476813    12.9097    38.4942    29.1217    12.9084    38.4984    29.1252    4.54471    197.204 0.0000e+00
    419.000    12.9697   4.476428     1.9624     0.0144     0.0109  48.976309   42.02746    4.65440       0.06 1.0000e-12     0.3425    91.4485    12.9684   4.476723    12.9097    38.4939    29.1215    12.9084    38.4981    29.1250    4.54294    197.127 0.0000e+00
    418.000    12.9695   4.476381     1.9623     0.0157     0.0109  48.976317   42.02746    4.65440       0.06 1.0000e-12     0.5992    91.4528    12.9681   4.476686    12.9097    38.4941    29.1216    12.9083    38.4985    29.1253    4.54397    197.172 0.0000e+00
    417.000    12.9692   4.476321     1.9629     0.0181     0.0109  48.976325   42.02746    4.65440       0.06 1.0000e-12     0.6062    91.4462    12.9680   4.476633    12.9096    38.4943    29.1217    12.9083    38.4985    29.1253    4.54407    197.176 0.0000e+00
    416.000    12.9692   4.476246     1.9626     0.0201     0.0110  48.976333   42.02746    4.65438       0.06 1.0000e-12     0.5631    91.4529    12.9680   4.476547    12.9096    38.4941    29.1216    12.9084    38.4982    29.1250    4.53870    196.944 0.0000e+00
    415.000    12.9690   4.476178     1.9623     0.0187     0.0108  48.976341   42.02746    4.65438       0.06 1.0000e-12     0.5636    91.4480    12.9678   4.476482    12.9097    38.4940    29.1215    12.9084    38.4982    29.1250    4.54013    197.005 0.0000e+00
    414.000    12.9689   4.476124     1.9628     0.0181     0.0110  48.976350   42.02746    4.65438       0.06 1.0000e-12     0.5535    91.4555    12.9676   4.476414    12.9096    38.4941    29.1216    12.9083    38.4982    29.1251    4.54426    197.185 0.0000e+00
    413.000    12.9688   4.476072     1.9630     0.0174     0.0111  48.976358   42.02746    4.65438       0.06 1.0000e-12     0.5099    91.4513    12.9674   4.476360    12.9097    38.4942    29.1216    12.9084    38.4983    29.1251    4.54068    197.029 0.0000e+00
    412.000    12.9687   4.475999     1.9627     0.0194     0.0111  48.976366   42.02748    4.65438       0.06 1.0000e-12     0.5908    91.4448    12.9673   4.476312    12.9097    38.4940    29.1215    12.9083    38.4984    29.1253    4.53515    196.789 0.0000e+00
    411.000    12.9684   4.475953     1.9622     0.0188     0.0110  48.976374   42.02748    4.65438       0.06 1.0000e-12     0.6156    91.4485    12.9673   4.476240    12.9096    38.4943    29.1218    12.9085    38.4982    29.1250    4.53497    196.782 0.0000e+00
    410.000    12.9683   4.475880     1.9621     0.0191     0.0109  48.976382   42.02748    4.65438       0.06 1.0000e-12     0.5113    91.4499    12.9671   4.476178    12.9096    38.4941    29.1216    12.9085    38.4982    29.1251    4.53826    196.925 0.0000e+00
    409.000    12.9681   4.475818     1.9627     0.0181     0.0109  48.976389   42.02748    4.65438       0.06 1.0000e-12     0.5136    91.4455    12.9668   4.476129    12.9096    38.4942    29.1217    12.9083    38.4984    29.1253    4.53755    196.894 0.0000e+00
    408.000    12.9680   4.475762     1.9623     0.0164     0.0111  48.976397   42.02748    4.65438       0.06 1.0000e-12     0.5100    91.4485    12.9666   4.476060    12.9096    38.4942    29.1217    12.9083    38.4985    29.1253    4.53345    196.716 0.0000e+00
    407.000    12.9679   4.475700     1.9621     0.0151     0.0108  48.976405   42.02748    4.65438       0.06 1.0000e-12     0.6611    91.4543    12.9668   4.476015    12.9097    38.4941    29.1216    12.9086    38.4983    29.1251    4.53581    196.818 0.0000e+00
    406.000    12.9677   4.475647     1.9624     0.0155     0.0108  48.976413   42.02748    4.65436       0.06 1.0000e-12     0.6623    91.4407    12.9666   4.475926    12.9096    38.4943    29.1218    12.9085    38.4981    29.1250    4.54077    197.033 0.0000e+00
    405.000    12.9675   4.475570     1.9633     0.0152     0.0111  48.976421   42.02748    4.65436       0.06 1.0000e-12     0.5718    91.4382    12.9663   4.475854    12.9096    38.4942    29.1217    12.9083    38.4982    29.1251    4.54581    197.252 0.0000e+00
    404.000    12.9675   4.475509     1.9643     0.0159     0.0110  48.976429   42.02748    4.65436       0.06 1.0000e-12     0.5309    91.4526    12.9660   4.475811    12.9097    38.4941    29.1216    12.9082    38.4985    29.1253    4.54570    197.247 0.0000e+00
    403.000    12.9672   4.475446     1.9645     0.0179     0.0110  48.976437   42.02748    4.65436       0.06 1.0000e-12     0.5301    91.4489    12.9660   4.475744    12.9096    38.4942    29.1217    12.9083    38.4984    29.1252    4.54129    197.056 0.0000e+00
    402.000    12.9671   4.475385     1.9646     0.0171     0.0110  48.976445   42.02750    4.65436       0.06 1.0000e-12     0.6265    91.4449    12.9659   4.475680    12.9096    38.4942    29.1217    12.9084    38.4983    29.1251    4.53908    196.960 0.0000e+00
    401.000    12.9671   4.475327     1.9644     0.0153     0.0108  48.976453   42.02750    4.65436       0.06 1.0000e-12     0.5550    91.4557    12.9657   4.475620    12.9097    38.4941    29.1216    12.9083    38.4984    29.1252    4.53857    196.938 0.0000e+00
    400.000    12.9669   4.475249     1.9645     0.0141     0.0109  48.976461   42.02750    4.65436       0.06 1.0000e-12     0.5124    91.4512    12.9655   4.475561    12.9097    38.4940    29.1215    12.9083    38.4984    29.1252    4.54360    197.156 0.0000e+00
    399.000    12.9667   4.475199     1.9655     0.0123     0.0111  48.976469   42.02750    4.65436       0.06 1.0000e-12     0.5673    91.4484    12.9653   4.475499    12.9096    38.4942    29.1217    12.9083    38.4984    29.1252    4.55049    197.455 0.0000e+00
    398.000    12.9665   4.475135     1.9665     0.0124     0.0111  48.976477   42.02750    4.65435       0.06 1.0000e-12     0.5486    91.4557    12.9652   4.475416    12.9096    38.4942    29.1217    12.9083    38.4982    29.1250    4.55066    197.462 0.0000e+00
    397.000    12.9665   4.475082     1.9670     0.0137     0.0110  48.976484   42.02750    4.65434       0.06 1.0000e-12     0.5133    91.4499    12.9650   4.475372    12.9097    38.4941    29.1216    12.9083    38.4984    29.1253    4.54631    197.274 0.0000e+00
    396.000    12.9662   4.474995     1.9668     0.0174     0.0109  48.976492   42.02750    4.65434       0.06 1.0000e-12     0.5103    91.4435    12.9650   4.475296    12.9096    38.4940    29.1215    12.9083    38.4982    29.1251    4.54322    197.139 0.0000e+00
    395.000    12.9662   4.474933     1.9670     0.0171     0.0109  48.976500   42.02750    4.65434       0.06 1.0000e-12     0.5066    91.4542    12.9648   4.475227    12.9098    38.4939    29.1214    12.9083    38.4982    29.1250    4.53886    196.951 0.0000e+00
    394.000    12.9658   4.474887     1.9661     0.0162     0.0109  48.976508   42.02750    4.65434       0.06 1.0000e-12     0.5137    91.4515    12.9645   4.475176    12.9095    38.4943    29.1218    12.9082    38.4984    29.1252    4.52849    196.501 0.0000e+00
    393.000    12.9658   4.474812     1.9645     0.0168     0.0111  48.976516   42.02750    4.65434       0.06 1.0000e-12     0.5445    91.4455    12.9644   4.475129    12.9096    38.4941    29.1216    12.9083    38.4985    29.1253    4.52728    196.448 0.0000e+00
    392.000    12.9655   4.474747     1.9645     0.0171     0.0109  48.976525   42.02751    4.65434       0.06 1.0000e-12     0.5629    91.4555    12.9644   4.475060    12.9094    38.4942    29.1217    12.9084    38.4983    29.1251    4.53511    196.788 0.0000e+00
    391.000    12.9655   4.474686     1.9646     0.0183     0.0111  48.976533   42.02752    4.65434       0.06 1.0000e-12     0.5125    91.4529    12.9642   4.474988    12.9096    38.4941    29.1216    12.9083    38.4983    29.1251    4.54076    197.033 0.0000e+00
    390.000    12.9652   4.474622     1.9662     0.0190     0.0110  48.976541   42.02752    4.65434       0.06 1.0000e-12     0.5136    91.4488    12.9640   4.474930    12.9095    38.4942    29.1217    12.9082    38.4984    29.1252    4.54759    197.329 0.0000e+00
    389.000    12.9652   4.474554     1.9669     0.0183     0.0109  48.976549   42.02752    4.65434       0.06 1.0000e-12     0.5066    91.4442    12.9639   4.474857    12.9096    38.4940    29.1216    12.9083    38.4982    29.1250    4.54425    197.184 0.0000e+00
