Data/Raw HPLC Argo/lovbio035b/CTD/dewex2013_dew_leg1_52.cnv
* Sea-Bird SBE 9 Data File:
* FileName = C:\CTD\Work\raw\dewex2013_dew_leg1_52.hdr
* Software Version Seasave V 7.21d
* Temperature SN = 031016
* Conductivity SN = 041075
* Number of Bytes Per Scan = 37
* Number of Voltage Words = 4
* Number of Scans Averaged by the Deck Unit = 1
* NMEA Latitude = 42 01.28 N
* NMEA Longitude = 004 40.07 E
* NMEA UTC (Time) = Feb 17 2013 22:18:59
** Ship:
** Station:
** Operator:
# nquan = 24
# nvalues = 4794                        
# units = specified
# name 0 = prDM: Pressure, Digiquartz [db]
# name 1 = t090C: Temperature [ITS-90, deg C]
# name 2 = c0S/m: Conductivity [S/m]
# name 3 = sbeox0V: Oxygen raw, SBE 43 [V]
# name 4 = flC: Fluorescence, Chelsea Aqua 3 Chl Con [ug/l]
# name 5 = v4: Voltage 4
# name 6 = timeJ: Julian Days
# name 7 = latitude: Latitude [deg]
# name 8 = longitude: Longitude [deg]
# name 9 = altM: Altimeter [m]
# name 10 = par: PAR/Irradiance, Biospherical/Licor
# name 11 = wetCDOM: Fluorescence, WET Labs CDOM [mg/m^3]
# name 12 = xmiss: Beam Transmission, Chelsea/Seatech [%]
# name 13 = t190C: Temperature, 2 [ITS-90, deg C]
# name 14 = c1S/m: Conductivity, 2 [S/m]
# name 15 = potemp090C: Potential Temperature [ITS-90, deg C]
# name 16 = sal00: Salinity, Practical [PSU]
# name 17 = sigma-é00: Density [sigma-theta, Kg/m^3]
# name 18 = potemp190C: Potential Temperature, 2 [ITS-90, deg C]
# name 19 = sal11: Salinity, Practical, 2 [PSU]
# name 20 = sigma-é11: Density, 2 [sigma-theta, Kg/m^3]
# name 21 = sbeox0ML/L: Oxygen, SBE 43 [ml/l], WS = 2
# name 22 = sbeox0Mm/Kg: Oxygen, SBE 43 [umol/Kg], WS = 2
# name 23 = flag: flag
# span 0 =      1.000,   2398.000       
# span 1 =    12.8958,    13.2780       
# span 2 =   4.448772,   4.595325       
# span 3 =     1.6291,     2.0462       
# span 4 =     0.0067,     0.0364       
# span 5 =     0.0105,     0.8625       
# span 6 =  48.932045,  48.984304       
# span 7 =   42.02191,   42.02958       
# span 8 =    4.65243,    4.66726       
# span 9 =      -0.06,      49.34       
# span 10 = -4.269e-07, 1.4631e+00      
# span 11 =     0.2325,     0.7362      
# span 12 =    91.0879,    91.4567      
# span 13 =    12.8948,    13.2779      
# span 14 =   4.449392,   4.595876      
# span 15 =    12.8955,    12.9160      
# span 16 =    38.4918,    38.4965      
# span 17 =    29.1200,    29.1239      
# span 18 =    12.8941,    12.9188      
# span 19 =    38.4975,    38.5066      
# span 20 =    29.1232,    29.1314      
# span 21 =    4.44691,    4.57336      
# span 22 =    192.948,    198.449      
# span 23 = 0.0000e+00, 0.0000e+00      
# interval = decibars: 1                
# start_time = Feb 17 2013 22:18:59 [NMEA time, header]
# bad_flag = -9.990e-29
*END*
[from data line 4770]
     25.000    12.9109   4.451463     2.0373     0.0147     0.0110  48.983188   42.02928    4.65266       0.08 1.0000e-12     0.5079    91.4329    12.9101   4.452057    12.9073    38.4932    29.1214    12.9065    38.4998    29.1267    4.54678    197.298 0.0000e+00
     24.000    12.9106   4.451393     2.0364     0.0132     0.0110  48.983200   42.02928    4.65265       0.08 1.0000e-12     0.4842    91.4328    12.9096   4.451953    12.9073    38.4932    29.1214    12.9062    38.4997    29.1267    4.54119    197.055 0.0000e+00
     23.000    12.9112   4.451418     2.0353     0.0165     0.0110  48.983500   42.02936    4.65259       0.09 1.0000e-12     0.4623    91.4389    12.9099   4.451929    12.9080    38.4933    29.1213    12.9066    38.4997    29.1266    4.53714    196.879 0.0000e+00
     22.000    12.9114   4.451360     2.0352     0.0183     0.0110  48.983868   42.02946    4.65252       0.09 1.0000e-12     0.5357    91.4394    12.9110   4.451996    12.9083    38.4930    29.1210    12.9079    38.4996    29.1263    4.54490    197.216 0.0000e+00
     21.000    12.9116   4.451352     2.0358     0.0177     0.0110  48.983872   42.02946    4.65252       0.09 1.0000e-12     0.5486    91.4351    12.9110   4.451946    12.9086    38.4932    29.1211    12.9080    38.4996    29.1263    4.54360    197.160 0.0000e+00
     20.000    12.9115   4.451292     2.0365     0.0146     0.0110  48.983886   42.02946    4.65252       0.09 1.0000e-12     0.4775    91.4458    12.9108   4.451887    12.9087    38.4932    29.1211    12.9080    38.4996    29.1263    4.55098    197.480 0.0000e+00
     19.000    12.9113   4.451230     2.0379     0.0144     0.0110  48.983898   42.02947    4.65251       0.09 1.0000e-12     0.3799    91.4404    12.9107   4.451819    12.9087    38.4932    29.1211    12.9080    38.4996    29.1262    4.55417    197.618 0.0000e+00
     18.000    12.9113   4.451176     2.0385     0.0161     0.0110  48.983910   42.02948    4.65250       0.09 1.0000e-12     0.4346    91.4346    12.9106   4.451764    12.9088    38.4932    29.1211    12.9081    38.4996    29.1262    4.54711    197.312 0.0000e+00
     17.000    12.9112   4.451110     2.0376     0.0163     0.0110  48.983921   42.02948    4.65250       0.09 1.0000e-12     0.4946    91.4262    12.9105   4.451697    12.9088    38.4931    29.1210    12.9081    38.4995    29.1262    4.54556    197.244 0.0000e+00
     16.000    12.9108   4.451016     2.0384     0.0163     0.0110  48.983933   42.02948    4.65250       0.09 6.8081e-05     0.4811    91.4327    12.9103   4.451629    12.9085    38.4931    29.1211    12.9080    38.4996    29.1262    4.55505    197.656 0.0000e+00
     15.000    12.9104   4.450915     2.0402     0.0138     0.0110  48.983944   42.02948    4.65250       0.09 4.8866e-07     0.4832    91.4347    12.9091   4.451454    12.9083    38.4930    29.1210    12.9070    38.4996    29.1264    4.56154    197.938 0.0000e+00
     14.000    12.9049   4.450263     2.0413     0.0127     0.0110  48.983957   42.02948    4.65250       0.10 6.6078e-03     0.4913    91.4429    12.9040   4.450892    12.9029    38.4928    29.1220    12.9021    38.4998    29.1276    4.56101    197.915 0.0000e+00
     13.000    12.9020   4.449955     2.0421     0.0121     0.0110  48.983969   42.02948    4.65250       0.09 7.8092e-03     0.4980    91.4447    12.9010   4.450543    12.9001    38.4932    29.1229    12.8992    38.4999    29.1283    4.56139    197.932 0.0000e+00
     12.000    12.9018   4.449889     2.0426     0.0108     0.0110  48.983980   42.02949    4.65250       0.10 1.8044e-02     0.5484    91.4451    12.9005   4.450433    12.9001    38.4933    29.1229    12.8988    38.4998    29.1283    4.56112    197.920 0.0000e+00
     11.000    12.9011   4.449769     2.0427     0.0111     0.0110  48.983991   42.02950    4.65250       0.10 2.0061e-02     0.5021    91.4515    12.8998   4.450315    12.8995    38.4933    29.1230    12.8983    38.4999    29.1284    4.55615    197.704 0.0000e+00
     10.000    12.9003   4.449651     2.0423     0.0105     0.0110  48.984003   42.02950    4.65249       0.10 3.3944e-02     0.4631    91.4404    12.8989   4.450166    12.8989    38.4934    29.1232    12.8975    38.4998    29.1286    4.55401    197.612 0.0000e+00
      9.000    12.9016   4.449762     2.0417     0.0096     0.0110  48.984017   42.02950    4.65248       0.10 3.3127e-02     0.4958    91.4438    12.9005   4.450287    12.9004    38.4936    29.1231    12.8992    38.4998    29.1282    4.55369    197.597 0.0000e+00
      8.000    12.9019   4.449673     2.0423     0.0104     0.0110  48.984033   42.02950    4.65248       0.10 1.0174e-01     0.4218    91.4385    12.8992   4.450092    12.9008    38.4929    29.1225    12.8980    38.4997    29.1284    4.56062    197.898 0.0000e+00
      7.000    12.8969   4.449155     2.0435     0.0106     0.0110  48.984048   42.02951    4.65248       0.10 1.0498e-01     0.5088    91.4349    12.8982   4.449935    12.8959    38.4934    29.1239    12.8972    38.4997    29.1285    4.56168    197.944 0.0000e+00
      6.000    12.9003   4.449434     2.0434     0.0115     0.0110  48.984070   42.02952    4.65248       0.10 1.7748e-01     0.5169    91.4442    12.8989   4.449968    12.8995    38.4931    29.1230    12.8980    38.4998    29.1284    4.55596    197.696 0.0000e+00
      5.000    12.8987   4.449182     2.0428     0.0128     0.0110  48.984094   42.02952    4.65248       0.10 1.5876e-01     0.4242    91.4490    12.8948   4.449488    12.8980    38.4928    29.1230    12.8941    38.4998    29.1293    4.55396    197.609 0.0000e+00
      4.000    12.8990   4.449217     2.0422     0.0133     0.0110  48.984129   42.02953    4.65246       0.10 2.3159e-01     0.5119    91.4437    12.8984   4.449819    12.8984    38.4933    29.1234    12.8978    38.4998    29.1285    4.55157    197.506 0.0000e+00
      3.000    12.8965   4.448883     2.0424     0.0127     0.0110  48.984184   42.02954    4.65246       0.10 4.0607e-01     0.4632    91.4428    12.8954   4.449443    12.8961    38.4931    29.1236    12.8949    38.4997    29.1290    4.55840    197.802 0.0000e+00
      2.000    12.8958   4.448772     2.0462     0.0134     0.0110  48.984304   42.02958    4.65243       0.10 6.6110e-01     0.4003    91.4390    12.8953   4.449392    12.8955    38.4932    29.1239    12.8950    38.4997    29.1290    4.56869    198.249 0.0000e+00
