Data/Raw HPLC Argo/lovbio035b/CTD/dewex2013_dew_leg1_52.cnv
* Sea-Bird SBE 9 Data File:
* FileName = C:\CTD\Work\raw\dewex2013_dew_leg1_52.hdr
* Software Version Seasave V 7.21d
* Temperature SN = 031016
* Conductivity SN = 041075
* Number of Bytes Per Scan = 37
* Number of Voltage Words = 4
* Number of Scans Averaged by the Deck Unit = 1
* NMEA Latitude = 42 01.28 N
* NMEA Longitude = 004 40.07 E
* NMEA UTC (Time) = Feb 17 2013 22:18:59
** Ship:
** Station:
** Operator:
# nquan = 24
# nvalues = 4794                        
# units = specified
# name 0 = prDM: Pressure, Digiquartz [db]
# name 1 = t090C: Temperature [ITS-90, deg C]
# name 2 = c0S/m: Conductivity [S/m]
# name 3 = sbeox0V: Oxygen raw, SBE 43 [V]
# name 4 = flC: Fluorescence, Chelsea Aqua 3 Chl Con [ug/l]
# name 5 = v4: Voltage 4
# name 6 = timeJ: Julian Days
# name 7 = latitude: Latitude [deg]
# name 8 = longitude: Longitude [deg]
# name 9 = altM: Altimeter [m]
# name 10 = par: PAR/Irradiance, Biospherical/Licor
# name 11 = wetCDOM: Fluorescence, WET Labs CDOM [mg/m^3]
# name 12 = xmiss: Beam Transmission, Chelsea/Seatech [%]
# name 13 = t190C: Temperature, 2 [ITS-90, deg C]
# name 14 = c1S/m: Conductivity, 2 [S/m]
# name 15 = potemp090C: Potential Temperature [ITS-90, deg C]
# name 16 = sal00: Salinity, Practical [PSU]
# name 17 = sigma-é00: Density [sigma-theta, Kg/m^3]
# name 18 = potemp190C: Potential Temperature, 2 [ITS-90, deg C]
# name 19 = sal11: Salinity, Practical, 2 [PSU]
# name 20 = sigma-é11: Density, 2 [sigma-theta, Kg/m^3]
# name 21 = sbeox0ML/L: Oxygen, SBE 43 [ml/l], WS = 2
# name 22 = sbeox0Mm/Kg: Oxygen, SBE 43 [umol/Kg], WS = 2
# name 23 = flag: flag
# span 0 =      1.000,   2398.000       
# span 1 =    12.8958,    13.2780       
# span 2 =   4.448772,   4.595325       
# span 3 =     1.6291,     2.0462       
# span 4 =     0.0067,     0.0364       
# span 5 =     0.0105,     0.8625       
# span 6 =  48.932045,  48.984304       
# span 7 =   42.02191,   42.02958       
# span 8 =    4.65243,    4.66726       
# span 9 =      -0.06,      49.34       
# span 10 = -4.269e-07, 1.4631e+00      
# span 11 =     0.2325,     0.7362      
# span 12 =    91.0879,    91.4567      
# span 13 =    12.8948,    13.2779      
# span 14 =   4.449392,   4.595876      
# span 15 =    12.8955,    12.9160      
# span 16 =    38.4918,    38.4965      
# span 17 =    29.1200,    29.1239      
# span 18 =    12.8941,    12.9188      
# span 19 =    38.4975,    38.5066      
# span 20 =    29.1232,    29.1314      
# span 21 =    4.44691,    4.57336      
# span 22 =    192.948,    198.449      
# span 23 = 0.0000e+00, 0.0000e+00      
# interval = decibars: 1                
# start_time = Feb 17 2013 22:18:59 [NMEA time, header]
# bad_flag = -9.990e-29
*END*
[from data line 846]
    847.000    13.0317   4.502762     1.8691     0.0159     0.0672  48.941602   42.02220    4.66501       0.05 1.0000e-12     0.5990    91.4556    13.0360   4.503686    12.9084    38.4944    29.1221    12.9127    38.4990    29.1248    4.48605    194.655 0.0000e+00
    848.000    13.0319   4.502832     1.8698     0.0179     0.0649  48.941614   42.02221    4.66500       0.05 1.0000e-12     0.6265    91.4556    13.0328   4.503743    12.9084    38.4945    29.1221    12.9093    38.5023    29.1280    4.48737    194.713 0.0000e+00
    849.000    13.0321   4.502896     1.8699     0.0196     0.0623  48.941625   42.02222    4.66500       0.05 1.0000e-12     0.6088    91.4556    13.0352   4.503817    12.9084    38.4945    29.1221    12.9116    38.5001    29.1259    4.48909    194.787 0.0000e+00
    850.000    13.0322   4.502944     1.8704     0.0205     0.0623  48.941636   42.02222    4.66500       0.05 1.0000e-12     0.5627    91.4556    13.0374   4.503888    12.9084    38.4944    29.1221    12.9136    38.4982    29.1239    4.48796    194.738 0.0000e+00
    851.000    13.0324   4.503003     1.8703     0.0134     0.0623  48.941648   42.02222    4.66499       0.05 1.0000e-12     0.5604    91.4556    13.0351   4.503955    12.9084    38.4944    29.1221    12.9112    38.5007    29.1264    4.49239    194.930 0.0000e+00
    852.000    13.0325   4.503064     1.8709     0.0129     0.0623  48.941659   42.02222    4.66498       0.05 1.0000e-12     0.5596    91.4536    13.0349   4.503989    12.9084    38.4944    29.1221    12.9108    38.5009    29.1266    4.48658    194.678 0.0000e+00
    853.000    13.0326   4.503114     1.8696     0.0155     0.0623  48.941670   42.02222    4.66498       0.05 1.0000e-12     0.6234    91.4546    13.0373   4.504047    12.9084    38.4943    29.1220    12.9131    38.4985    29.1243    4.47587    194.214 0.0000e+00
    854.000    13.0328   4.503195     1.8681     0.0105     0.0671  48.941681   42.02222    4.66498       0.05 1.0000e-12     0.5790    91.4556    13.0379   4.504148    12.9085    38.4944    29.1221    12.9135    38.4985    29.1242    4.47527    194.188 0.0000e+00
    855.000    13.0329   4.503249     1.8679     0.0124     0.0697  48.941693   42.02222    4.66498       0.05 1.0000e-12     0.5656    91.4556    13.0380   4.504174    12.9083    38.4945    29.1221    12.9135    38.4981    29.1240    4.48092    194.433 0.0000e+00
    856.000    13.0330   4.503314     1.8679     0.0171     0.0624  48.941705   42.02224    4.66498       0.05 1.0000e-12     0.4888    91.4556    13.0365   4.504233    12.9083    38.4945    29.1222    12.9118    38.4998    29.1256    4.48744    194.716 0.0000e+00
    857.000    13.0332   4.503367     1.8687     0.0178     0.0627  48.941716   42.02224    4.66496       0.05 1.0000e-12     0.5182    91.4556    13.0360   4.504298    12.9084    38.4944    29.1221    12.9112    38.5005    29.1263    4.48624    194.663 0.0000e+00
    858.000    13.0333   4.503419     1.8678     0.0161     0.0672  48.941728   42.02224    4.66496       0.05 1.0000e-12     0.5943    91.4547    13.0387   4.504369    12.9083    38.4943    29.1221    12.9137    38.4980    29.1238    4.47725    194.274 0.0000e+00
    859.000    13.0335   4.503496     1.8674     0.0150     0.0636  48.941740   42.02224    4.66496       0.05 1.0000e-12     0.5967    91.4556    13.0368   4.504417    12.9084    38.4944    29.1221    12.9117    38.4999    29.1257    4.48278    194.513 0.0000e+00
    860.000    13.0336   4.503567     1.8676     0.0160     0.0646  48.941750   42.02224    4.66496       0.05 1.0000e-12     0.5673    91.4556    13.0350   4.504459    12.9084    38.4945    29.1222    12.9097    38.5017    29.1275    4.48661    194.679 0.0000e+00
    861.000    13.0339   4.503610     1.8679     0.0166     0.0660  48.941761   42.02224    4.66494       0.05 1.0000e-12     0.5578    91.4517    13.0382   4.504516    12.9084    38.4943    29.1220    12.9127    38.4986    29.1245    4.48559    194.635 0.0000e+00
    862.000    13.0339   4.503678     1.8675     0.0151     0.0617  48.941773   42.02224    4.66494       0.05 1.0000e-12     0.4603    91.4556    13.0393   4.504590    12.9083    38.4945    29.1222    12.9137    38.4978    29.1236    4.48202    194.480 0.0000e+00
    863.000    13.0341   4.503736     1.8673     0.0157     0.0562  48.941785   42.02226    4.66494       0.05 1.0000e-12     0.6250    91.4556    13.0378   4.504622    12.9083    38.4944    29.1221    12.9121    38.4991    29.1250    4.48485    194.603 0.0000e+00
    864.000    13.0343   4.503798     1.8673     0.0183     0.0562  48.941797   42.02226    4.66494       0.05 1.0000e-12     0.5618    91.4556    13.0355   4.504666    12.9084    38.4944    29.1221    12.9096    38.5014    29.1273    4.48420    194.575 0.0000e+00
    865.000    13.0344   4.503861     1.8669     0.0176     0.0607  48.941807   42.02226    4.66492       0.05 1.0000e-12     0.5600    91.4556    13.0368   4.504739    12.9084    38.4944    29.1221    12.9107    38.5005    29.1263    4.48180    194.471 0.0000e+00
    866.000    13.0346   4.503923     1.8666     0.0154     0.0678  48.941818   42.02226    4.66492       0.05 1.0000e-12     0.5267    91.4556    13.0386   4.504816    12.9084    38.4944    29.1221    12.9124    38.4989    29.1248    4.48297    194.521 0.0000e+00
    867.000    13.0348   4.503985     1.8668     0.0137     0.0699  48.941829   42.02226    4.66492       0.05 1.0000e-12     0.5745    91.4556    13.0384   4.504895    12.9084    38.4944    29.1221    12.9121    38.4994    29.1252    4.48772    194.728 0.0000e+00
    868.000    13.0348   4.504041     1.8670     0.0157     0.0646  48.941841   42.02226    4.66492       0.05 1.0000e-12     0.5745    91.4556    13.0383   4.504946    12.9083    38.4944    29.1222    12.9118    38.4996    29.1254    4.48652    194.676 0.0000e+00
    869.000    13.0350   4.504110     1.8668     0.0167     0.0792  48.941852   42.02226    4.66490       0.05 1.0000e-12     0.4936    91.4547    13.0377   4.504985    12.9083    38.4945    29.1222    12.9110    38.5002    29.1260    4.48595    194.651 0.0000e+00
    870.000    13.0353   4.504160     1.8667     0.0178     0.0678  48.941864   42.02228    4.66490       0.05 1.0000e-12     0.4881    91.4556    13.0372   4.505044    12.9085    38.4942    29.1220    12.9104    38.5008    29.1267    4.47780    194.297 0.0000e+00
    871.000    13.0352   4.504230     1.8649     0.0152     0.0641  48.941874   42.02228    4.66490       0.05 1.0000e-12     0.6239    91.4556    13.0365   4.505114    12.9083    38.4945    29.1222    12.9095    38.5018    29.1276    4.47399    194.132 0.0000e+00
    872.000    13.0356   4.504285     1.8649     0.0134     0.0590  48.941885   42.02228    4.66490       0.05 1.0000e-12     0.5701    91.4556    13.0376   4.505179    12.9085    38.4943    29.1220    12.9105    38.5008    29.1266    4.48216    194.486 0.0000e+00
    873.000    13.0356   4.504344     1.8650     0.0142     0.0671  48.941895   42.02228    4.66489       0.05 1.0000e-12     0.5698    91.4556    13.0393   4.505260    12.9083    38.4944    29.1221    12.9120    38.4995    29.1253    4.48323    194.533 0.0000e+00
    874.000    13.0358   4.504423     1.8650     0.0129     0.0563  48.941907   42.02228    4.66488       0.05 1.0000e-12     0.4821    91.4556    13.0405   4.505312    12.9084    38.4945    29.1221    12.9131    38.4983    29.1241    4.48221    194.489 0.0000e+00
    875.000    13.0360   4.504488     1.8646     0.0101     0.0658  48.941918   42.02228    4.66488       0.05 1.0000e-12     0.5579    91.4536    13.0383   4.505344    12.9084    38.4945    29.1221    12.9108    38.5004    29.1262    4.48194    194.477 0.0000e+00
    876.000    13.0361   4.504540     1.8649     0.0112     0.0672  48.941929   42.02228    4.66488       0.05 1.0000e-12     0.5967    91.4556    13.0386   4.505401    12.9084    38.4944    29.1221    12.9109    38.5001    29.1260    4.48686    194.690 0.0000e+00
    877.000    13.0363   4.504609     1.8653     0.0130     0.0672  48.941941   42.02229    4.66487       0.05 1.0000e-12     0.5407    91.4556    13.0400   4.505465    12.9085    38.4944    29.1221    12.9121    38.4989    29.1249    4.48790    194.736 0.0000e+00
    878.000    13.0364   4.504661     1.8652     0.0135     0.0685  48.941952   42.02230    4.66486       0.05 1.0000e-12     0.5356    91.4556    13.0401   4.505552    12.9084    38.4944    29.1221    12.9121    38.4992    29.1251    4.48430    194.579 0.0000e+00
    879.000    13.0366   4.504729     1.8651     0.0169     0.0733  48.941963   42.02230    4.66486       0.05 1.0000e-12     0.6134    91.4556    13.0394   4.505599    12.9084    38.4944    29.1221    12.9113    38.4999    29.1258    4.48667    194.682 0.0000e+00
    880.000    13.0367   4.504784     1.8652     0.0233     0.0733  48.941973   42.02230    4.66486       0.05 1.0000e-12     0.4580    91.4556    13.0401   4.505648    12.9084    38.4944    29.1221    12.9117    38.4993    29.1252    4.49170    194.900 0.0000e+00
    881.000    13.0368   4.504841     1.8659     0.0188     0.0655  48.941984   42.02230    4.66485       0.05 1.0000e-12     0.6015    91.4556    13.0393   4.505716    12.9084    38.4944    29.1221    12.9109    38.5003    29.1262    4.48666    194.682 0.0000e+00
    882.000    13.0371   4.504911     1.8644     0.0172     0.0675  48.941995   42.02230    4.66484       0.05 1.0000e-12     0.6261    91.4367    13.0402   4.505777    12.9085    38.4944    29.1221    12.9115    38.4996    29.1255    4.47057    193.983 0.0000e+00
    883.000    13.0371   4.504960     1.8623     0.0147     0.0657  48.942007   42.02230    4.66484       0.05 1.0000e-12     0.5550    91.4558    13.0412   4.505844    12.9084    38.4944    29.1221    12.9124    38.4987    29.1246    4.46934    193.930 0.0000e+00
    884.000    13.0373   4.505017     1.8619     0.0165     0.0734  48.942018   42.02230    4.66484       0.05 1.0000e-12     0.4804    91.4556    13.0416   4.505884    12.9084    38.4943    29.1220    12.9126    38.4983    29.1243    4.48118    194.444 0.0000e+00
    885.000    13.0374   4.505070     1.8625     0.0173     0.0635  48.942029   42.02232    4.66484       0.05 1.0000e-12     0.5189    91.4466    13.0412   4.505949    12.9083    38.4943    29.1221    12.9121    38.4989    29.1248    4.48484    194.603 0.0000e+00
    886.000    13.0376   4.505142     1.8630     0.0159     0.0654  48.942040   42.02232    4.66482       0.05 1.0000e-12     0.6067    91.4546    13.0393   4.505991    12.9083    38.4944    29.1221    12.9101    38.5008    29.1267    4.48433    194.580 0.0000e+00
    887.000    13.0376   4.505212     1.8626     0.0183     0.0697  48.942051   42.02232    4.66482       0.05 1.0000e-12     0.5674    91.4556    13.0403   4.506081    12.9082    38.4946    29.1223    12.9110    38.5002    29.1260    4.47953    194.372 0.0000e+00
    888.000    13.0378   4.505265     1.8624     0.0196     0.0723  48.942062   42.02232    4.66482       0.05 1.0000e-12     0.6261    91.4556    13.0420   4.506173    12.9083    38.4945    29.1222    12.9125    38.4989    29.1247    4.48360    194.549 0.0000e+00
    889.000    13.0380   4.505324     1.8628     0.0216     0.0672  48.942073   42.02232    4.66482       0.05 1.0000e-12     0.5117    91.4556    13.0408   4.506222    12.9083    38.4944    29.1221    12.9111    38.5002    29.1260    4.48620    194.662 0.0000e+00
    890.000    13.0381   4.505383     1.8628     0.0210     0.0672  48.942084   42.02232    4.66482       0.05 1.0000e-12     0.5034    91.4556    13.0413   4.506270    12.9083    38.4944    29.1221    12.9115    38.4997    29.1256    4.48373    194.554 0.0000e+00
    891.000    13.0382   4.505443     1.8626     0.0204     0.0714  48.942095   42.02232    4.66480       0.05 1.0000e-12     0.5087    91.4556    13.0422   4.506329    12.9082    38.4944    29.1222    12.9122    38.4989    29.1248    4.48419    194.574 0.0000e+00
    892.000    13.0385   4.505511     1.8626     0.0191     0.0681  48.942106   42.02234    4.66480       0.05 1.0000e-12     0.5625    91.4497    13.0418   4.506401    12.9083    38.4944    29.1221    12.9116    38.4996    29.1255    4.48540    194.627 0.0000e+00
    893.000    13.0386   4.505571     1.8626     0.0188     0.0646  48.942117   42.02234    4.66480       0.05 1.0000e-12     0.6022    91.4555    13.0433   4.506427    12.9084    38.4943    29.1221    12.9130    38.4978    29.1238    4.48512    194.615 0.0000e+00
    894.000    13.0388   4.505636     1.8623     0.0165     0.0672  48.942129   42.02234    4.66480       0.05 1.0000e-12     0.5379    91.4556    13.0431   4.506481    12.9084    38.4944    29.1221    12.9127    38.4981    29.1241    4.48281    194.514 0.0000e+00
    895.000    13.0390   4.505696     1.8621     0.0157     0.0568  48.942140   42.02234    4.66479       0.05 1.0000e-12     0.4719    91.4556    13.0403   4.506530    12.9085    38.4943    29.1220    12.9097    38.5011    29.1270    4.48437    194.582 0.0000e+00
    896.000    13.0390   4.505752     1.8618     0.0161     0.0683  48.942150   42.02234    4.66478       0.05 1.0000e-12     0.6239    91.4556    13.0405   4.506606    12.9083    38.4944    29.1221    12.9097    38.5011    29.1270    4.47941    194.367 0.0000e+00
    897.000    13.0392   4.505814     1.8608     0.0191     0.0732  48.942161   42.02234    4.66478       0.05 1.0000e-12     0.5201    91.4556    13.0430   4.506700    12.9083    38.4944    29.1221    12.9121    38.4990    29.1249    4.47837    194.321 0.0000e+00
    898.000    13.0394   4.505869     1.8611     0.0210     0.0733  48.942173   42.02234    4.66478       0.05 1.0000e-12     0.5528    91.4526    13.0417   4.506776    12.9084    38.4943    29.1220    12.9107    38.5006    29.1265    4.48706    194.699 0.0000e+00
    899.000    13.0395   4.505945     1.8616     0.0220     0.0726  48.942184   42.02235    4.66478       0.05 1.0000e-12     0.4212    91.4556    13.0435   4.506819    12.9083    38.4945    29.1222    12.9123    38.4988    29.1247    4.48698    194.695 0.0000e+00
    900.000    13.0396   4.505996     1.8612     0.0180     0.0623  48.942195   42.02236    4.66477       0.05 1.0000e-12     0.4378    91.4546    13.0419   4.506881    12.9083    38.4944    29.1221    12.9106    38.5005    29.1264    4.48400    194.566 0.0000e+00
    901.000    13.0398   4.506053     1.8613     0.0163     0.0664  48.942206   42.02236    4.66476       0.05 1.0000e-12     0.5079    91.4556    13.0429   4.506938    12.9083    38.4943    29.1221    12.9114    38.4997    29.1256    4.48353    194.545 0.0000e+00
    902.000    13.0400   4.506115     1.8605     0.0175     0.0707  48.942217   42.02236    4.66476       0.05 1.0000e-12     0.5137    91.4525    13.0419   4.506982    12.9084    38.4943    29.1220    12.9103    38.5007    29.1266    4.47880    194.340 0.0000e+00
    903.000    13.0401   4.506181     1.8602     0.0178     0.0700  48.942227   42.02236    4.66476       0.05 1.0000e-12     0.5681    91.4557    13.0416   4.507039    12.9083    38.4944    29.1221    12.9098    38.5011    29.1270    4.48330    194.536 0.0000e+00
    904.000    13.0402   4.506242     1.8604     0.0174     0.0634  48.942238   42.02236    4.66476       0.05 1.0000e-12     0.5139    91.4556    13.0420   4.507104    12.9083    38.4944    29.1222    12.9100    38.5009    29.1268    4.48489    194.605 0.0000e+00
    905.000    13.0403   4.506290     1.8602     0.0173     0.0794  48.942249   42.02236    4.66474       0.05 1.0000e-12     0.5113    91.4547    13.0453   4.507190    12.9083    38.4943    29.1221    12.9132    38.4979    29.1238    4.48350    194.544 0.0000e+00
