Data/Raw HPLC Argo/lovbio066d/CTD/CTD_TARAMED.cnv
* Sea-Bird SBE19plus_v2 Data File:
** Cruise: TARAMED
** Ship: TARA
** Station: 26
* NMEA Latitude = 34 42 N
* NMEA Longitude = 028 36 E
* NMEA UTC (Time) = Aug 02 2014 05:00:00
# nquan = 8
# nvalues = 236                         
# units = specified
# name 0 = prDM: Pressure [dbar]
# name 1 = t090C: Temperature [deg C]
# name 2 = c0S/m: Conductivity [S/m]
# name 3 = v1: Fluorescence Chl [ug/l]
# name 4 = sal00: Salinity, Practical [PSU]
# name 5 = potemp090C: Potential Temperature [ITS-90, deg C]
# name 6 = sigma-é00: Density [sigma-theta, Kg/m^3]
# name 7 = flag: flag
# span 0 =      1.000,    236.000       
# span 1 =    14.4928,    26.0292       
# span 2 =   4.675989,   6.023737       
# span 3 =     0.0587,     0.2017       
# span 4 =    38.9342,    39.4749       
# span 5 =    14.4567,    26.0290       
# span 6 =    26.4048,    29.1309       
# span 7 = 0.0000e+00, 0.0000e+00       
# interval = decibars: 1                
# start_time = Aug 02 2014 05:00:00
# bad_flag = -9.990e-29
*END*
[from data line 180]
    181.000    14.8891   4.723074     0.0652    38.9999    14.8610    29.0912 0.0000e+00
    182.000    14.8865   4.722831     0.0642    38.9998    14.8582    29.0917 0.0000e+00
    183.000    14.8785   4.721863     0.0639    38.9984    14.8500    29.0925 0.0000e+00
    184.000    14.8688   4.720736     0.0632    38.9972    14.8402    29.0938 0.0000e+00
    185.000    14.8633   4.720092     0.0624    38.9964    14.8345    29.0944 0.0000e+00
    186.000    14.8564   4.719299     0.0615    38.9955    14.8275    29.0953 0.0000e+00
    187.000    14.8462   4.718075     0.0617    38.9939    14.8171    29.0964 0.0000e+00
    188.000    14.8357   4.716810     0.0613    38.9921    14.8066    29.0974 0.0000e+00
    189.000    14.8272   4.715842     0.0603    38.9912    14.7979    29.0987 0.0000e+00
    190.000    14.8215   4.715219     0.0606    38.9907    14.7920    29.0996 0.0000e+00
    191.000    14.8157   4.714517     0.0597    38.9896    14.7861    29.1001 0.0000e+00
    192.000    14.8080   4.713589     0.0599    38.9882    14.7782    29.1008 0.0000e+00
    193.000    14.7954   4.712034     0.0594    38.9859    14.7655    29.1018 0.0000e+00
    194.000    14.7840   4.710659     0.0594    38.9841    14.7539    29.1031 0.0000e+00
    195.000    14.7715   4.709095     0.0592    38.9817    14.7413    29.1040 0.0000e+00
    196.000    14.7614   4.707911     0.0594    38.9804    14.7310    29.1053 0.0000e+00
    197.000    14.7507   4.706622     0.0597    38.9786    14.7202    29.1064 0.0000e+00
    198.000    14.7485   4.706427     0.0596    38.9785    14.7179    29.1069 0.0000e+00
    199.000    14.7482   4.706482     0.0604    38.9789    14.7174    29.1072 0.0000e+00
    200.000    14.7470   4.706367     0.0604    38.9786    14.7161    29.1073 0.0000e+00
    201.000    14.7440   4.706026     0.0598    38.9780    14.7129    29.1076 0.0000e+00
    202.000    14.7421   4.705853     0.0600    38.9779    14.7108    29.1079 0.0000e+00
    203.000    14.7394   4.705570     0.0595    38.9775    14.7080    29.1083 0.0000e+00
    204.000    14.7266   4.703965     0.0596    38.9750    14.6950    29.1092 0.0000e+00
    205.000    14.7078   4.701599     0.0593    38.9714    14.6761    29.1107 0.0000e+00
    206.000    14.6987   4.700548     0.0589    38.9702    14.6669    29.1118 0.0000e+00
    207.000    14.6940   4.700067     0.0591    38.9700    14.6621    29.1127 0.0000e+00
    208.000    14.6896   4.699584     0.0595    38.9694    14.6575    29.1133 0.0000e+00
    209.000    14.6876   4.699373     0.0592    38.9691    14.6553    29.1136 0.0000e+00
    210.000    14.6876   4.699485     0.0592    38.9697    14.6551    29.1141 0.0000e+00
    211.000    14.6815   4.698770     0.0593    38.9687    14.6489    29.1147 0.0000e+00
    212.000    14.6641   4.696568     0.0593    38.9651    14.6314    29.1159 0.0000e+00
    213.000    14.6498   4.694758     0.0594    38.9622    14.6170    29.1168 0.0000e+00
    214.000    14.6425   4.693881     0.0598    38.9609    14.6096    29.1174 0.0000e+00
    215.000    14.6346   4.692919     0.0596    38.9594    14.6015    29.1181 0.0000e+00
    216.000    14.6267   4.691986     0.0597    38.9581    14.5935    29.1189 0.0000e+00
    217.000    14.6225   4.691491     0.0600    38.9573    14.5891    29.1193 0.0000e+00
    218.000    14.6184   4.691026     0.0608    38.9567    14.5848    29.1197 0.0000e+00
    219.000    14.6167   4.690904     0.0599    38.9567    14.5830    29.1202 0.0000e+00
    220.000    14.6175   4.691156     0.0593    38.9579    14.5836    29.1210 0.0000e+00
    221.000    14.6197   4.691608     0.0590    38.9595    14.5857    29.1217 0.0000e+00
    222.000    14.6178   4.691388     0.0589    38.9588    14.5836    29.1217 0.0000e+00
    223.000    14.6058   4.689904     0.0593    38.9566    14.5715    29.1226 0.0000e+00
    224.000    14.5742   4.685739     0.0592    38.9490    14.5398    29.1238 0.0000e+00
    225.000    14.5538   4.683156     0.0596    38.9449    14.5193    29.1252 0.0000e+00
    226.000    14.5448   4.682088     0.0595    38.9435    14.5101    29.1262 0.0000e+00
    227.000    14.5380   4.681269     0.0592    38.9423    14.5031    29.1268 0.0000e+00
    228.000    14.5273   4.679892     0.0597    38.9397    14.4923    29.1272 0.0000e+00
    229.000    14.5214   4.679230     0.0592    38.9390    14.4863    29.1280 0.0000e+00
    230.000    14.5208   4.679205     0.0587    38.9389    14.4856    29.1281 0.0000e+00
    231.000    14.5184   4.678997     0.0591    38.9390    14.4830    29.1287 0.0000e+00
    232.000    14.5152   4.678682     0.0592    38.9388    14.4796    29.1293 0.0000e+00
    233.000    14.5099   4.678002     0.0590    38.9373    14.4741    29.1294 0.0000e+00
    234.000    14.5037   4.677254     0.0591    38.9360    14.4678    29.1299 0.0000e+00
    235.000    14.4988   4.676694     0.0593    38.9353    14.4628    29.1303 0.0000e+00
    236.000    14.4928   4.675989     0.0592    38.9342    14.4567    29.1309 0.0000e+00
