Data/Raw HPLC Argo/lovbio066d/CTD/CTD_TARAMED.cnv
* Sea-Bird SBE19plus_v2 Data File:
** Cruise: TARAMED
** Ship: TARA
** Station: 26
* NMEA Latitude = 34 42 N
* NMEA Longitude = 028 36 E
* NMEA UTC (Time) = Aug 02 2014 05:00:00
# nquan = 8
# nvalues = 236                         
# units = specified
# name 0 = prDM: Pressure [dbar]
# name 1 = t090C: Temperature [deg C]
# name 2 = c0S/m: Conductivity [S/m]
# name 3 = v1: Fluorescence Chl [ug/l]
# name 4 = sal00: Salinity, Practical [PSU]
# name 5 = potemp090C: Potential Temperature [ITS-90, deg C]
# name 6 = sigma-é00: Density [sigma-theta, Kg/m^3]
# name 7 = flag: flag
# span 0 =      1.000,    236.000       
# span 1 =    14.4928,    26.0292       
# span 2 =   4.675989,   6.023737       
# span 3 =     0.0587,     0.2017       
# span 4 =    38.9342,    39.4749       
# span 5 =    14.4567,    26.0290       
# span 6 =    26.4048,    29.1309       
# span 7 = 0.0000e+00, 0.0000e+00       
# interval = decibars: 1                
# start_time = Aug 02 2014 05:00:00
# bad_flag = -9.990e-29
*END*
      1.000    26.0292   6.023737     0.0626    39.4749    26.0290    26.4048 0.0000e+00
      2.000    26.0177   6.022324     0.0627    39.4740    26.0172    26.4078 0.0000e+00
      3.000    26.0139   6.021949     0.0630    39.4741    26.0132    26.4092 0.0000e+00
      4.000    26.0129   6.021854     0.0632    39.4739    26.0120    26.4094 0.0000e+00
      5.000    26.0111   6.021638     0.0634    39.4735    26.0100    26.4098 0.0000e+00
      6.000    26.0043   6.020864     0.0640    39.4732    26.0030    26.4118 0.0000e+00
      7.000    26.0009   6.020516     0.0637    39.4733    25.9993    26.4130 0.0000e+00
      8.000    25.9923   6.019371     0.0641    39.4719    25.9905    26.4147 0.0000e+00
      9.000    25.9901   6.019212     0.0644    39.4723    25.9881    26.4158 0.0000e+00
     10.000    25.9842   6.018505     0.0644    39.4717    25.9820    26.4173 0.0000e+00
     11.000    25.9773   6.017707     0.0646    39.4715    25.9748    26.4194 0.0000e+00
     12.000    25.9654   6.016220     0.0648    39.4703    25.9627    26.4224 0.0000e+00
     13.000    25.9600   6.015592     0.0656    39.4700    25.9571    26.4239 0.0000e+00
     14.000    25.9457   6.013850     0.0654    39.4691    25.9426    26.4278 0.0000e+00
     15.000    25.9221   6.010848     0.0660    39.4669    25.9187    26.4337 0.0000e+00
     16.000    25.8965   6.007748     0.0660    39.4656    25.8929    26.4409 0.0000e+00
     17.000    25.8385   6.000473     0.0663    39.4614    25.8347    26.4561 0.0000e+00
     18.000    25.7045   5.983705     0.0669    39.4522    25.7004    26.4916 0.0000e+00
     19.000    25.4827   5.956120     0.0690    39.4382    25.4785    26.5507 0.0000e+00
     20.000    25.0916   5.907158     0.0702    39.4105    25.0872    26.6517 0.0000e+00
     21.000    24.4344   5.824288     0.0717    39.3572    24.4299    26.8136 0.0000e+00
     22.000    23.3795   5.695689     0.0719    39.2993    23.3749    27.0872 0.0000e+00
     23.000    21.6315   5.473198     0.0724    39.1104    21.6269    27.4506 0.0000e+00
     24.000    20.4798   5.336150     0.0706    39.0486    20.4752    27.7241 0.0000e+00
     25.000    20.1547   5.302565     0.0702    39.0718    20.1499    27.8307 0.0000e+00
     26.000    19.9788   5.284175     0.0706    39.0820    19.9739    27.8862 0.0000e+00
     27.000    19.8285   5.268909     0.0712    39.0943    19.8235    27.9361 0.0000e+00
     28.000    19.6162   5.244900     0.0713    39.0913    19.6110    27.9906 0.0000e+00
     29.000    19.3934   5.221332     0.0728    39.1015    19.3881    28.0576 0.0000e+00
     30.000    19.1480   5.194210     0.0727    39.1028    19.1426    28.1234 0.0000e+00
     31.000    19.0101   5.179409     0.0731    39.1069    19.0045    28.1628 0.0000e+00
     32.000    18.8717   5.163950     0.0738    39.1059    18.8659    28.1982 0.0000e+00
     33.000    18.8013   5.157242     0.0758    39.1149    18.7954    28.2234 0.0000e+00
     34.000    18.6848   5.144592     0.0748    39.1169    18.6787    28.2552 0.0000e+00
     35.000    18.4857   5.122446     0.0758    39.1159    18.4795    28.3059 0.0000e+00
     36.000    18.2979   5.101586     0.0752    39.1150    18.2915    28.3534 0.0000e+00
     37.000    18.1301   5.082289     0.0750    39.1082    18.1235    28.3910 0.0000e+00
     38.000    18.0336   5.072305     0.0758    39.1137    18.0269    28.4198 0.0000e+00
     39.000    17.8706   5.054120     0.0768    39.1117    17.8638    28.4595 0.0000e+00
     40.000    17.6599   5.029987     0.0783    39.1034    17.6530    28.5061 0.0000e+00
     41.000    17.4571   5.007270     0.0796    39.0996    17.4500    28.5538 0.0000e+00
     42.000    17.3567   4.996717     0.0783    39.1035    17.3495    28.5817 0.0000e+00
     43.000    17.3143   4.992548     0.0791    39.1074    17.3070    28.5953 0.0000e+00
     44.000    17.2526   4.986183     0.0802    39.1107    17.2451    28.6131 0.0000e+00
     45.000    17.1696   4.977236     0.0804    39.1119    17.1619    28.6345 0.0000e+00
     46.000    17.1064   4.971158     0.0782    39.1190    17.0986    28.6556 0.0000e+00
     47.000    17.0343   4.963505     0.0792    39.1210    17.0264    28.6748 0.0000e+00
     48.000    16.9600   4.955176     0.0813    39.1191    16.9518    28.6916 0.0000e+00
     49.000    16.8874   4.946721     0.0831    39.1143    16.8791    28.7056 0.0000e+00
     50.000    16.8294   4.940378     0.0834    39.1139    16.8210    28.7194 0.0000e+00
     51.000    16.7849   4.935683     0.0843    39.1152    16.7763    28.7313 0.0000e+00
     52.000    16.7529   4.932610     0.0863    39.1187    16.7442    28.7418 0.0000e+00
     53.000    16.7083   4.927699     0.0865    39.1180    16.6994    28.7521 0.0000e+00
     54.000    16.6618   4.922678     0.0898    39.1182    16.6528    28.7635 0.0000e+00
     55.000    16.6339   4.919813     0.0923    39.1194    16.6248    28.7713 0.0000e+00
     56.000    16.6153   4.918035     0.0925    39.1214    16.6059    28.7773 0.0000e+00
     57.000    16.5958   4.915986     0.0931    39.1217    16.5863    28.7823 0.0000e+00
     58.000    16.5724   4.913521     0.0939    39.1222    16.5627    28.7883 0.0000e+00
     59.000    16.5405   4.910046     0.0946    39.1218    16.5307    28.7957 0.0000e+00
     60.000    16.4987   4.905208     0.0987    39.1191    16.4887    28.8038 0.0000e+00
     61.000    16.4619   4.901144     0.1041    39.1183    16.4518    28.8120 0.0000e+00
     62.000    16.4303   4.897678     0.1069    39.1178    16.4200    28.8192 0.0000e+00
     63.000    16.3961   4.893684     0.1295    39.1151    16.3857    28.8253 0.0000e+00
     64.000    16.3792   4.891952     0.1468    39.1157    16.3686    28.8300 0.0000e+00
     65.000    16.3727   4.891359     0.1525    39.1162    16.3620    28.8319 0.0000e+00
     66.000    16.3601   4.889958     0.1567    39.1156    16.3492    28.8345 0.0000e+00
     67.000    16.3523   4.889255     0.1645    39.1165    16.3412    28.8372 0.0000e+00
     68.000    16.3399   4.888016     0.1631    39.1172    16.3286    28.8407 0.0000e+00
     69.000    16.3251   4.886517     0.1648    39.1178    16.3137    28.8447 0.0000e+00
     70.000    16.3002   4.883787     0.1550    39.1172    16.2887    28.8502 0.0000e+00
     71.000    16.2653   4.879740     0.1528    39.1147    16.2537    28.8566 0.0000e+00
     72.000    16.2412   4.876973     0.1525    39.1131    16.2293    28.8612 0.0000e+00
     73.000    16.2043   4.872719     0.1531    39.1106    16.1924    28.8680 0.0000e+00
     74.000    16.1748   4.869463     0.1558    39.1098    16.1627    28.8745 0.0000e+00
     75.000    16.1429   4.865806     0.1539    39.1078    16.1306    28.8806 0.0000e+00
     76.000    16.1147   4.862606     0.1544    39.1063    16.1023    28.8861 0.0000e+00
     77.000    16.0888   4.859653     0.1595    39.1047    16.0762    28.8911 0.0000e+00
     78.000    16.0681   4.857309     0.1611    39.1034    16.0554    28.8950 0.0000e+00
     79.000    16.0531   4.855660     0.1745    39.1029    16.0402    28.8982 0.0000e+00
     80.000    16.0404   4.854276     0.1787    39.1025    16.0273    28.9009 0.0000e+00
     81.000    16.0295   4.853022     0.1847    39.1015    16.0163    28.9027 0.0000e+00
     82.000    16.0182   4.851828     0.1873    39.1013    16.0049    28.9053 0.0000e+00
     83.000    15.9970   4.849357     0.1860    39.0995    15.9835    28.9089 0.0000e+00
     84.000    15.9612   4.845165     0.1993    39.0964    15.9475    28.9150 0.0000e+00
     85.000    15.9268   4.841067     0.1758    39.0927    15.9130    28.9204 0.0000e+00
     86.000    15.9158   4.839942     0.1820    39.0929    15.9019    28.9231 0.0000e+00
     87.000    15.9074   4.839159     0.1732    39.0937    15.8933    28.9257 0.0000e+00
     88.000    15.8974   4.838129     0.1748    39.0939    15.8831    28.9282 0.0000e+00
     89.000    15.8841   4.836719     0.1771    39.0937    15.8697    28.9312 0.0000e+00
     90.000    15.8634   4.834499     0.1931    39.0936    15.8489    28.9361 0.0000e+00
     91.000    15.8583   4.834415     0.1900    39.0975    15.8436    28.9403 0.0000e+00
     92.000    15.8347   4.831461     0.1968    39.0936    15.8198    28.9429 0.0000e+00
     93.000    15.8160   4.829389     0.2017    39.0928    15.8009    28.9467 0.0000e+00
     94.000    15.8133   4.830047     0.1969    39.1010    15.7981    28.9536 0.0000e+00
     95.000    15.8037   4.829085     0.1878    39.1013    15.7884    28.9562 0.0000e+00
     96.000    15.8013   4.828903     0.1897    39.1016    15.7858    28.9570 0.0000e+00
     97.000    15.7962   4.828288     0.1881    39.1006    15.7805    28.9575 0.0000e+00
     98.000    15.7823   4.826584     0.1873    39.0984    15.7664    28.9591 0.0000e+00
     99.000    15.7640   4.824342     0.1761    39.0957    15.7481    28.9613 0.0000e+00
    100.000    15.7450   4.822065     0.1726    39.0933    15.7289    28.9639 0.0000e+00
    101.000    15.7357   4.821186     0.1688    39.0941    15.7194    28.9668 0.0000e+00
    102.000    15.7291   4.820526     0.1718    39.0942    15.7127    28.9685 0.0000e+00
    103.000    15.7240   4.820028     0.1726    39.0943    15.7074    28.9697 0.0000e+00
    104.000    15.7189   4.819515     0.1694    39.0942    15.7022    28.9708 0.0000e+00
    105.000    15.7131   4.818858     0.1670    39.0936    15.6962    28.9718 0.0000e+00
    106.000    15.7054   4.817965     0.1614    39.0926    15.6884    28.9728 0.0000e+00
    107.000    15.6874   4.815810     0.1544    39.0904    15.6702    28.9754 0.0000e+00
    108.000    15.6611   4.812588     0.1484    39.0866    15.6438    28.9786 0.0000e+00
    109.000    15.6392   4.810045     0.1413    39.0847    15.6217    28.9823 0.0000e+00
    110.000    15.5892   4.803959     0.1327    39.0783    15.5716    28.9890 0.0000e+00
    111.000    15.5700   4.801762     0.1286    39.0767    15.5523    28.9923 0.0000e+00
    112.000    15.5544   4.799882     0.1212    39.0747    15.5365    28.9944 0.0000e+00
    113.000    15.5263   4.796288     0.1160    39.0692    15.5082    28.9967 0.0000e+00
    114.000    15.4818   4.790408     0.1048    39.0592    15.4636    28.9992 0.0000e+00
    115.000    15.4690   4.789082     0.1036    39.0592    15.4507    29.0023 0.0000e+00
    116.000    15.4620   4.788365     0.1005    39.0593    15.4435    29.0040 0.0000e+00
    117.000    15.4314   4.784292     0.0950    39.0518    15.4128    29.0053 0.0000e+00
    118.000    15.4193   4.782853     0.0921    39.0502    15.4006    29.0069 0.0000e+00
    119.000    15.4125   4.782096     0.0915    39.0496    15.3936    29.0080 0.0000e+00
    120.000    15.3991   4.780599     0.0894    39.0488    15.3801    29.0105 0.0000e+00
    121.000    15.3631   4.776155     0.0827    39.0434    15.3439    29.0147 0.0000e+00
    122.000    15.3556   4.775384     0.0823    39.0433    15.3362    29.0164 0.0000e+00
    123.000    15.3522   4.775070     0.0801    39.0433    15.3327    29.0172 0.0000e+00
    124.000    15.3436   4.774096     0.0801    39.0426    15.3239    29.0187 0.0000e+00
    125.000    15.3312   4.772683     0.0788    39.0415    15.3114    29.0207 0.0000e+00
    126.000    15.3228   4.771826     0.0840    39.0415    15.3029    29.0226 0.0000e+00
    127.000    15.3133   4.770807     0.0887    39.0412    15.2932    29.0247 0.0000e+00
    128.000    15.3045   4.769893     0.0882    39.0411    15.2842    29.0267 0.0000e+00
    129.000    15.3004   4.769472     0.0849    39.0409    15.2800    29.0274 0.0000e+00
    130.000    15.2935   4.768742     0.0855    39.0406    15.2729    29.0288 0.0000e+00
    131.000    15.2786   4.766985     0.0846    39.0389    15.2578    29.0310 0.0000e+00
    132.000    15.2735   4.766522     0.0841    39.0392    15.2527    29.0324 0.0000e+00
    133.000    15.2703   4.766239     0.0843    39.0393    15.2493    29.0333 0.0000e+00
    134.000    15.2646   4.765585     0.0843    39.0385    15.2435    29.0340 0.0000e+00
    135.000    15.2599   4.765139     0.0851    39.0387    15.2386    29.0352 0.0000e+00
    136.000    15.2538   4.764442     0.0844    39.0379    15.2324    29.0361 0.0000e+00
    137.000    15.2388   4.762545     0.0834    39.0349    15.2172    29.0372 0.0000e+00
    138.000    15.2306   4.761635     0.0839    39.0343    15.2089    29.0386 0.0000e+00
    139.000    15.2282   4.761464     0.0863    39.0347    15.2062    29.0396 0.0000e+00
    140.000    15.2250   4.761196     0.0838    39.0350    15.2029    29.0406 0.0000e+00
    141.000    15.2144   4.759897     0.0830    39.0331    15.1922    29.0416 0.0000e+00
    142.000    15.2048   4.758703     0.0809    39.0312    15.1825    29.0423 0.0000e+00
    143.000    15.1941   4.757455     0.0806    39.0299    15.1716    29.0438 0.0000e+00
    144.000    15.1850   4.756462     0.0803    39.0294    15.1623    29.0456 0.0000e+00
    145.000    15.1748   4.755250     0.0790    39.0280    15.1520    29.0468 0.0000e+00
    146.000    15.1680   4.754521     0.0800    39.0276    15.1450    29.0481 0.0000e+00
    147.000    15.1684   4.754875     0.0803    39.0300    15.1453    29.0499 0.0000e+00
    148.000    15.1705   4.755382     0.0828    39.0322    15.1473    29.0511 0.0000e+00
    149.000    15.1672   4.755092     0.0837    39.0324    15.1438    29.0521 0.0000e+00
    150.000    15.1613   4.754549     0.0845    39.0328    15.1377    29.0538 0.0000e+00
    151.000    15.1532   4.753660     0.0845    39.0322    15.1295    29.0552 0.0000e+00
    152.000    15.1345   4.751343     0.0826    39.0291    15.1106    29.0571 0.0000e+00
    153.000    15.1262   4.750442     0.0940    39.0286    15.1022    29.0586 0.0000e+00
    154.000    15.1238   4.750381     0.0838    39.0300    15.0996    29.0603 0.0000e+00
    155.000    15.1212   4.750182     0.0842    39.0304    15.0968    29.0612 0.0000e+00
    156.000    15.1183   4.749878     0.0840    39.0299    15.0938    29.0616 0.0000e+00
    157.000    15.1135   4.749323     0.0837    39.0293    15.0888    29.0622 0.0000e+00
    158.000    15.1022   4.747991     0.0829    39.0277    15.0774    29.0636 0.0000e+00
    159.000    15.0922   4.746766     0.0823    39.0259    15.0673    29.0645 0.0000e+00
    160.000    15.0903   4.746626     0.0820    39.0261    15.0652    29.0652 0.0000e+00
    161.000    15.0844   4.746045     0.0845    39.0262    15.0592    29.0666 0.0000e+00
    162.000    15.0700   4.744378     0.0829    39.0247    15.0446    29.0687 0.0000e+00
    163.000    15.0510   4.742042     0.0824    39.0216    15.0255    29.0707 0.0000e+00
    164.000    15.0452   4.741439     0.0819    39.0215    15.0195    29.0719 0.0000e+00
    165.000    15.0373   4.740547     0.0819    39.0207    15.0115    29.0732 0.0000e+00
    166.000    15.0260   4.739212     0.0813    39.0192    15.0000    29.0746 0.0000e+00
    167.000    15.0220   4.738787     0.0818    39.0188    14.9958    29.0752 0.0000e+00
    168.000    15.0182   4.738330     0.0806    39.0179    14.9919    29.0755 0.0000e+00
    169.000    15.0138   4.737871     0.0817    39.0176    14.9874    29.0762 0.0000e+00
    170.000    15.0107   4.737569     0.0813    39.0174    14.9841    29.0769 0.0000e+00
    171.000    15.0077   4.737249     0.0807    39.0171    14.9809    29.0773 0.0000e+00
    172.000    15.0027   4.736675     0.0752    39.0163    14.9758    29.0779 0.0000e+00
    173.000    14.9903   4.735165     0.0708    39.0143    14.9632    29.0792 0.0000e+00
    174.000    14.9767   4.733510     0.0697    39.0122    14.9495    29.0806 0.0000e+00
    175.000    14.9689   4.732615     0.0690    39.0112    14.9415    29.0817 0.0000e+00
    176.000    14.9626   4.731893     0.0709    39.0104    14.9351    29.0825 0.0000e+00
    177.000    14.9546   4.730956     0.0689    39.0093    14.9270    29.0835 0.0000e+00
    178.000    14.9323   4.728165     0.0677    39.0053    14.9046    29.0855 0.0000e+00
    179.000    14.9089   4.725310     0.0664    39.0017    14.8811    29.0880 0.0000e+00
