Data/raw_excel/lovbio031c/CTD/a0267.cnv
* Sea-Bird SBE 9 Data File:
* FileName = C:\Seasoft\a201306\a0267.hex
* Software Version Seasave V 7.21a
* Temperature SN = 1428
* Conductivity SN = 1162
* Number of Bytes Per Scan = 35
* Number of Voltage Words = 4
* Number of Scans Averaged by the Deck Unit = 4
* NMEA Latitude = 62 45.07 N
* NMEA Longitude = 033 57.60 W
* NMEA UTC (Time) = Jun 17 2013 16:27:28
* NMEA baud rate = 4800
** Stn: 267
** Lat: 62 45.04 N
** Lon: 33 57.56 V
** Depth: 2787
** Name:
** Title: Karfi 15
# nquan = 8
# nvalues = 1013                        
# units = specified
# name 0 = prDM: Pressure, Digiquartz [db]
# name 1 = t090C: Temperature [ITS-90, deg C]
# name 2 = sal00: Salinity, Practical [PSU]
# name 3 = potemp090C: Potential Temperature [ITS-90, deg C]
# name 4 = sigma-é00: Density [sigma-theta, Kg/m^3]
# name 5 = flSP: Fluorescence, Seapoint
# name 6 = scan: Scan Count
# name 7 = flag: flag
# span 0 =      4.000,   1016.000       
# span 1 =     3.7903,     7.9612       
# span 2 =    34.8572,    34.9526       
# span 3 =     3.7146,     7.9600       
# span 4 =    27.1678,    27.7380       
# span 5 = 1.1652e-02, 6.1179e+00       
# span 6 =         49,       7359       
# span 7 = 0.0000e+00, 0.0000e+00       
# interval = decibars: 1                
# start_time = Jun 17 2013 16:27:42 [System UTC, first data scan.]
# bad_flag = -9.990e-29
*END*
[from data line 899]
    903.000     3.8652    34.9004     3.7979    27.7279 1.2210e-02       6378 0.0000e+00
    904.000     3.8641    34.9002     3.7967    27.7279 1.2210e-02       6387 0.0000e+00
    905.000     3.8616    34.8999     3.7942    27.7278 1.2210e-02       6394 0.0000e+00
    906.000     3.8612    34.8999     3.7936    27.7279 1.2210e-02       6400 0.0000e+00
    907.000     3.8591    34.8998     3.7915    27.7281 1.2210e-02       6408 0.0000e+00
    908.000     3.8588    34.8990     3.7911    27.7275 1.2210e-02       6419 0.0000e+00
    909.000     3.8552    34.8997     3.7874    27.7284 1.2210e-02       6437 0.0000e+00
    910.000     3.8540    34.8996     3.7862    27.7285 1.2210e-02       6444 0.0000e+00
    911.000     3.8547    34.8999     3.7869    27.7286 1.2210e-02       6448 0.0000e+00
    912.000     3.8543    34.8997     3.7863    27.7285 1.2210e-02       6452 0.0000e+00
    913.000     3.8542    34.8997     3.7862    27.7286 1.2210e-02       6456 0.0000e+00
    914.000     3.8537    34.8998     3.7856    27.7287 1.2210e-02       6460 0.0000e+00
    915.000     3.8531    34.8996     3.7849    27.7286 1.2210e-02       6466 0.0000e+00
    916.000     3.8524    34.8996     3.7841    27.7287 1.2210e-02       6480 0.0000e+00
    917.000     3.8502    34.8997     3.7818    27.7289 1.2210e-02       6488 0.0000e+00
    918.000     3.8498    34.8998     3.7814    27.7291 1.2210e-02       6495 0.0000e+00
    919.000     3.8490    34.8997     3.7805    27.7291 1.2210e-02       6503 0.0000e+00
    920.000     3.8479    34.8998     3.7794    27.7293 1.2210e-02       6511 0.0000e+00
    921.000     3.8487    34.8999     3.7800    27.7293 1.2210e-02       6518 0.0000e+00
    922.000     3.8488    34.8999     3.7801    27.7293 1.2210e-02       6526 0.0000e+00
    923.000     3.8481    34.9001     3.7793    27.7296 1.2210e-02       6534 0.0000e+00
    924.000     3.8471    34.9000     3.7782    27.7296 1.2210e-02       6539 0.0000e+00
    925.000     3.8468    34.8998     3.7779    27.7295 1.2210e-02       6547 0.0000e+00
    926.000     3.8460    34.8997     3.7769    27.7295 1.2210e-02       6565 0.0000e+00
    927.000     3.8450    34.8999     3.7758    27.7297 1.2210e-02       6570 0.0000e+00
    928.000     3.8442    34.8998     3.7750    27.7297 1.2210e-02       6574 0.0000e+00
    929.000     3.8440    34.8996     3.7747    27.7297 1.2210e-02       6578 0.0000e+00
    930.000     3.8435    34.8995     3.7741    27.7297 1.2210e-02       6583 0.0000e+00
    931.000     3.8425    34.8994     3.7731    27.7296 1.2210e-02       6587 0.0000e+00
    932.000     3.8418    34.8994     3.7723    27.7297 1.2210e-02       6594 0.0000e+00
    933.000     3.8411    34.8994     3.7715    27.7298 1.2210e-02       6600 0.0000e+00
    934.000     3.8406    34.8991     3.7709    27.7296 1.2210e-02       6620 0.0000e+00
    935.000     3.8383    34.8994     3.7686    27.7301 1.2210e-02       6634 0.0000e+00
    936.000     3.8371    34.8990     3.7673    27.7299 1.2210e-02       6639 0.0000e+00
    937.000     3.8364    34.8993     3.7665    27.7302 1.2210e-02       6643 0.0000e+00
    938.000     3.8356    34.8992     3.7656    27.7302 1.2210e-02       6647 0.0000e+00
    939.000     3.8339    34.8991     3.7639    27.7303 1.2210e-02       6651 0.0000e+00
    940.000     3.8334    34.8991     3.7632    27.7304 1.2210e-02       6656 0.0000e+00
    941.000     3.8330    34.8990     3.7628    27.7304 1.2210e-02       6663 0.0000e+00
    942.000     3.8314    34.8992     3.7611    27.7307 1.2210e-02       6671 0.0000e+00
    943.000     3.8298    34.8987     3.7594    27.7305 1.2210e-02       6678 0.0000e+00
    944.000     3.8284    34.8988     3.7580    27.7307 1.2210e-02       6690 0.0000e+00
    945.000     3.8272    34.8987     3.7567    27.7308 1.2210e-02       6698 0.0000e+00
    946.000     3.8268    34.8988     3.7562    27.7309 1.2210e-02       6703 0.0000e+00
    947.000     3.8253    34.8987     3.7546    27.7310 1.2210e-02       6707 0.0000e+00
    948.000     3.8249    34.8990     3.7542    27.7313 1.2210e-02       6711 0.0000e+00
    949.000     3.8246    34.8988     3.7538    27.7311 1.2210e-02       6726 0.0000e+00
    950.000     3.8232    34.8992     3.7523    27.7316 1.2210e-02       6744 0.0000e+00
    951.000     3.8232    34.8989     3.7523    27.7313 1.2210e-02       6748 0.0000e+00
    952.000     3.8231    34.8989     3.7521    27.7313 1.2210e-02       6752 0.0000e+00
    953.000     3.8222    34.8988     3.7512    27.7314 1.2210e-02       6756 0.0000e+00
    954.000     3.8209    34.8987     3.7498    27.7315 1.2210e-02       6760 0.0000e+00
    955.000     3.8188    34.8986     3.7476    27.7316 1.2210e-02       6764 0.0000e+00
    956.000     3.8191    34.8985     3.7478    27.7315 1.2210e-02       6773 0.0000e+00
    957.000     3.8172    34.8984     3.7458    27.7316 1.2210e-02       6783 0.0000e+00
    958.000     3.8164    34.8985     3.7449    27.7318 1.2210e-02       6791 0.0000e+00
    959.000     3.8159    34.8984     3.7444    27.7318 1.2210e-02       6797 0.0000e+00
    960.000     3.8152    34.8983     3.7436    27.7318 1.2210e-02       6802 0.0000e+00
    961.000     3.8157    34.8981     3.7440    27.7316 1.2210e-02       6819 0.0000e+00
    962.000     3.8138    34.8985     3.7421    27.7320 1.2210e-02       6828 0.0000e+00
    963.000     3.8138    34.8986     3.7420    27.7321 1.2210e-02       6833 0.0000e+00
    964.000     3.8136    34.8986     3.7416    27.7322 1.2210e-02       6838 0.0000e+00
    965.000     3.8127    34.8985     3.7407    27.7322 1.2210e-02       6844 0.0000e+00
    966.000     3.8123    34.8986     3.7402    27.7324 1.2210e-02       6853 0.0000e+00
    967.000     3.8121    34.8987     3.7400    27.7324 1.2210e-02       6860 0.0000e+00
    968.000     3.8119    34.8988     3.7397    27.7326 1.2210e-02       6865 0.0000e+00
    969.000     3.8114    34.8988     3.7391    27.7327 1.2210e-02       6870 0.0000e+00
    970.000     3.8103    34.8987     3.7379    27.7327 1.4223e-02       6875 0.0000e+00
    971.000     3.8112    34.8986     3.7388    27.7325 1.1652e-02       6895 0.0000e+00
    972.000     3.8096    34.8986     3.7371    27.7327 1.2210e-02       6904 0.0000e+00
    973.000     3.8091    34.8989     3.7365    27.7330 1.2210e-02       6909 0.0000e+00
    974.000     3.8101    34.8991     3.7374    27.7330 1.2210e-02       6913 0.0000e+00
    975.000     3.8100    34.8990     3.7372    27.7330 1.2210e-02       6917 0.0000e+00
    976.000     3.8098    34.8988     3.7369    27.7329 1.2210e-02       6925 0.0000e+00
    977.000     3.8088    34.8990     3.7358    27.7331 1.2210e-02       6934 0.0000e+00
    978.000     3.8084    34.8991     3.7354    27.7332 1.2210e-02       6939 0.0000e+00
    979.000     3.8088    34.8994     3.7356    27.7335 1.2210e-02       6944 0.0000e+00
    980.000     3.8099    34.8994     3.7367    27.7333 1.2210e-02       6956 0.0000e+00
    981.000     3.8130    34.9002     3.7397    27.7337 1.2210e-02       6973 0.0000e+00
    982.000     3.8148    34.9008     3.7414    27.7340 1.2210e-02       6979 0.0000e+00
    983.000     3.8137    34.9005     3.7402    27.7339 1.2210e-02       6983 0.0000e+00
    984.000     3.8108    34.9000     3.7373    27.7337 1.2210e-02       6987 0.0000e+00
    985.000     3.8040    34.8996     3.7305    27.7342 1.2210e-02       6991 0.0000e+00
    986.000     3.8014    34.8997     3.7278    27.7345 1.2210e-02       6995 0.0000e+00
    987.000     3.8008    34.8997     3.7271    27.7345 1.2210e-02       6999 0.0000e+00
    988.000     3.8017    34.8997     3.7279    27.7345 1.2210e-02       7013 0.0000e+00
    989.000     3.7999    34.8996     3.7260    27.7346 1.2210e-02       7031 0.0000e+00
    990.000     3.7993    34.8997     3.7253    27.7347 1.2210e-02       7037 0.0000e+00
    991.000     3.7989    34.8999     3.7249    27.7349 1.2210e-02       7041 0.0000e+00
    992.000     3.7989    34.8996     3.7248    27.7347 1.2210e-02       7046 0.0000e+00
    993.000     3.7978    34.8997     3.7236    27.7349 1.2210e-02       7053 0.0000e+00
    994.000     3.7964    34.8997     3.7221    27.7351 1.2210e-02       7059 0.0000e+00
    995.000     3.7955    34.8995     3.7211    27.7350 1.2210e-02       7064 0.0000e+00
    996.000     3.7949    34.8999     3.7205    27.7354 1.2210e-02       7069 0.0000e+00
    997.000     3.7948    34.8995     3.7203    27.7351 1.2210e-02       7074 0.0000e+00
    998.000     3.7948    34.8998     3.7202    27.7353 1.2210e-02       7080 0.0000e+00
    999.000     3.7943    34.8999     3.7197    27.7355 1.2210e-02       7103 0.0000e+00
   1000.000     3.7939    34.9001     3.7191    27.7357 1.2210e-02       7118 0.0000e+00
   1001.000     3.7944    34.9005     3.7195    27.7359 1.2210e-02       7122 0.0000e+00
   1002.000     3.7939    34.9003     3.7190    27.7359 1.2210e-02       7127 0.0000e+00
   1003.000     3.7937    34.9009     3.7187    27.7364 1.2210e-02       7131 0.0000e+00
   1004.000     3.7940    34.9008     3.7189    27.7363 1.2210e-02       7135 0.0000e+00
   1005.000     3.7948    34.9013     3.7196    27.7366 1.2210e-02       7139 0.0000e+00
   1006.000     3.7952    34.9014     3.7200    27.7366 1.2210e-02       7143 0.0000e+00
   1007.000     3.7949    34.9010     3.7195    27.7364 1.2210e-02       7158 0.0000e+00
   1008.000     3.7936    34.9012     3.7182    27.7367 1.2210e-02       7171 0.0000e+00
   1009.000     3.7941    34.9017     3.7186    27.7370 1.2210e-02       7177 0.0000e+00
   1010.000     3.7933    34.9016     3.7177    27.7370 1.2210e-02       7182 0.0000e+00
   1011.000     3.7911    34.9012     3.7155    27.7370 1.2210e-02       7188 0.0000e+00
   1012.000     3.7903    34.9012     3.7146    27.7370 1.2210e-02       7195 0.0000e+00
   1013.000     3.7928    34.9018     3.7170    27.7373 1.2210e-02       7222 0.0000e+00
   1014.000     3.7948    34.9024     3.7189    27.7375 1.2210e-02       7257 0.0000e+00
   1015.000     3.7937    34.9023     3.7178    27.7376 1.2210e-02       7337 0.0000e+00
   1016.000     3.7938    34.9029     3.7177    27.7380 1.2210e-02       7359 0.0000e+00
