Data/raw_excel/lovbio031c/CTD/a0267.cnv
* Sea-Bird SBE 9 Data File:
* FileName = C:\Seasoft\a201306\a0267.hex
* Software Version Seasave V 7.21a
* Temperature SN = 1428
* Conductivity SN = 1162
* Number of Bytes Per Scan = 35
* Number of Voltage Words = 4
* Number of Scans Averaged by the Deck Unit = 4
* NMEA Latitude = 62 45.07 N
* NMEA Longitude = 033 57.60 W
* NMEA UTC (Time) = Jun 17 2013 16:27:28
* NMEA baud rate = 4800
** Stn: 267
** Lat: 62 45.04 N
** Lon: 33 57.56 V
** Depth: 2787
** Name:
** Title: Karfi 15
# nquan = 8
# nvalues = 1013                        
# units = specified
# name 0 = prDM: Pressure, Digiquartz [db]
# name 1 = t090C: Temperature [ITS-90, deg C]
# name 2 = sal00: Salinity, Practical [PSU]
# name 3 = potemp090C: Potential Temperature [ITS-90, deg C]
# name 4 = sigma-é00: Density [sigma-theta, Kg/m^3]
# name 5 = flSP: Fluorescence, Seapoint
# name 6 = scan: Scan Count
# name 7 = flag: flag
# span 0 =      4.000,   1016.000       
# span 1 =     3.7903,     7.9612       
# span 2 =    34.8572,    34.9526       
# span 3 =     3.7146,     7.9600       
# span 4 =    27.1678,    27.7380       
# span 5 = 1.1652e-02, 6.1179e+00       
# span 6 =         49,       7359       
# span 7 = 0.0000e+00, 0.0000e+00       
# interval = decibars: 1                
# start_time = Jun 17 2013 16:27:42 [System UTC, first data scan.]
# bad_flag = -9.990e-29
*END*
[from data line 720]
    724.000     3.9515    34.9023     3.8981    27.7192 1.2210e-02       5078 0.0000e+00
    725.000     3.9509    34.9023     3.8973    27.7192 1.2210e-02       5082 0.0000e+00
    726.000     3.9499    34.9023     3.8962    27.7193 1.2210e-02       5094 0.0000e+00
    727.000     3.9491    34.9021     3.8954    27.7192 1.2210e-02       5116 0.0000e+00
    728.000     3.9490    34.9022     3.8952    27.7193 1.2210e-02       5120 0.0000e+00
    729.000     3.9485    34.9024     3.8947    27.7195 1.2210e-02       5124 0.0000e+00
    730.000     3.9478    34.9022     3.8939    27.7195 1.2210e-02       5128 0.0000e+00
    731.000     3.9469    34.9021     3.8929    27.7195 1.2210e-02       5132 0.0000e+00
    732.000     3.9450    34.9020     3.8909    27.7196 1.2210e-02       5136 0.0000e+00
    733.000     3.9445    34.9019     3.8903    27.7196 1.2210e-02       5139 0.0000e+00
    734.000     3.9440    34.9019     3.8898    27.7196 1.2210e-02       5143 0.0000e+00
    735.000     3.9432    34.9019     3.8889    27.7197 1.2210e-02       5158 0.0000e+00
    736.000     3.9431    34.9021     3.8887    27.7199 1.2210e-02       5168 0.0000e+00
    737.000     3.9428    34.9020     3.8883    27.7199 1.2210e-02       5172 0.0000e+00
    738.000     3.9422    34.9020     3.8877    27.7200 1.2210e-02       5176 0.0000e+00
    739.000     3.9413    34.9019     3.8866    27.7200 1.2210e-02       5180 0.0000e+00
    740.000     3.9404    34.9017     3.8857    27.7199 1.2210e-02       5192 0.0000e+00
    741.000     3.9390    34.9014     3.8843    27.7199 1.2210e-02       5204 0.0000e+00
    742.000     3.9383    34.9017     3.8835    27.7202 1.2210e-02       5209 0.0000e+00
    743.000     3.9383    34.9017     3.8834    27.7201 1.2210e-02       5213 0.0000e+00
    744.000     3.9378    34.9020     3.8828    27.7204 1.2210e-02       5217 0.0000e+00
    745.000     3.9382    34.9018     3.8832    27.7202 1.2210e-02       5221 0.0000e+00
    746.000     3.9385    34.9016     3.8834    27.7201 1.2210e-02       5235 0.0000e+00
    747.000     3.9389    34.9016     3.8836    27.7201 1.2210e-02       5245 0.0000e+00
    748.000     3.9431    34.9031     3.8877    27.7208 1.2210e-02       5249 0.0000e+00
    749.000     3.9482    34.9034     3.8928    27.7205 1.2210e-02       5253 0.0000e+00
    750.000     3.9466    34.9031     3.8910    27.7205 1.2210e-02       5257 0.0000e+00
    751.000     3.9470    34.9033     3.8914    27.7207 1.2210e-02       5261 0.0000e+00
    752.000     3.9469    34.9034     3.8912    27.7207 1.2210e-02       5267 0.0000e+00
    753.000     3.9481    34.9032     3.8924    27.7204 1.2210e-02       5280 0.0000e+00
    754.000     3.9481    34.9032     3.8923    27.7205 1.2210e-02       5286 0.0000e+00
    755.000     3.9475    34.9034     3.8916    27.7207 1.2210e-02       5291 0.0000e+00
    756.000     3.9474    34.9035     3.8914    27.7207 1.2210e-02       5298 0.0000e+00
    757.000     3.9469    34.9032     3.8908    27.7205 1.2210e-02       5307 0.0000e+00
    758.000     3.9462    34.9030     3.8900    27.7205 1.2210e-02       5315 0.0000e+00
    759.000     3.9451    34.9031     3.8889    27.7207 1.2210e-02       5320 0.0000e+00
    760.000     3.9441    34.9031     3.8878    27.7208 1.2210e-02       5324 0.0000e+00
    761.000     3.9418    34.9028     3.8854    27.7208 1.2210e-02       5328 0.0000e+00
    762.000     3.9401    34.9027     3.8837    27.7209 1.2210e-02       5340 0.0000e+00
    763.000     3.9392    34.9024     3.8826    27.7208 1.2210e-02       5358 0.0000e+00
    764.000     3.9394    34.9029     3.8828    27.7211 1.2210e-02       5361 0.0000e+00
    765.000     3.9384    34.9028     3.8817    27.7212 1.2210e-02       5365 0.0000e+00
    766.000     3.9366    34.9024     3.8799    27.7211 1.2210e-02       5369 0.0000e+00
    767.000     3.9358    34.9025     3.8790    27.7212 1.2210e-02       5373 0.0000e+00
    768.000     3.9352    34.9023     3.8783    27.7211 1.2210e-02       5377 0.0000e+00
    769.000     3.9330    34.9018     3.8760    27.7210 2.2666e-02       5391 0.0000e+00
    770.000     3.9313    34.9018     3.8743    27.7211 1.2008e-02       5399 0.0000e+00
    771.000     3.9302    34.9017     3.8731    27.7212 1.2210e-02       5404 0.0000e+00
    772.000     3.9294    34.9015     3.8722    27.7212 1.2210e-02       5413 0.0000e+00
    773.000     3.9287    34.9014     3.8715    27.7211 1.2210e-02       5423 0.0000e+00
    774.000     3.9287    34.9016     3.8714    27.7213 1.2210e-02       5428 0.0000e+00
    775.000     3.9285    34.9018     3.8711    27.7215 1.2210e-02       5432 0.0000e+00
    776.000     3.9284    34.9015     3.8709    27.7213 1.2210e-02       5436 0.0000e+00
    777.000     3.9268    34.9014     3.8692    27.7214 1.2210e-02       5442 0.0000e+00
    778.000     3.9270    34.9013     3.8694    27.7213 1.2210e-02       5454 0.0000e+00
    779.000     3.9276    34.9013     3.8699    27.7212 1.2210e-02       5461 0.0000e+00
    780.000     3.9272    34.9015     3.8694    27.7214 1.2210e-02       5465 0.0000e+00
    781.000     3.9266    34.9015     3.8687    27.7215 1.2210e-02       5472 0.0000e+00
    782.000     3.9265    34.9014     3.8686    27.7214 1.2210e-02       5485 0.0000e+00
    783.000     3.9269    34.9013     3.8689    27.7213 1.2210e-02       5493 0.0000e+00
    784.000     3.9270    34.9015     3.8689    27.7215 1.2210e-02       5498 0.0000e+00
    785.000     3.9272    34.9019     3.8690    27.7218 1.2210e-02       5504 0.0000e+00
    786.000     3.9281    34.9019     3.8698    27.7217 1.2210e-02       5509 0.0000e+00
    787.000     3.9293    34.9021     3.8710    27.7217 1.2210e-02       5515 0.0000e+00
    788.000     3.9303    34.9024     3.8719    27.7220 1.2210e-02       5520 0.0000e+00
    789.000     3.9311    34.9029     3.8726    27.7223 1.2210e-02       5524 0.0000e+00
    790.000     3.9315    34.9031     3.8728    27.7223 1.2210e-02       5548 0.0000e+00
    791.000     3.9327    34.9031     3.8739    27.7223 1.2210e-02       5561 0.0000e+00
    792.000     3.9325    34.9033     3.8737    27.7224 1.2210e-02       5564 0.0000e+00
    793.000     3.9327    34.9034     3.8739    27.7224 1.2210e-02       5568 0.0000e+00
    794.000     3.9325    34.9031     3.8735    27.7222 1.2210e-02       5572 0.0000e+00
    795.000     3.9322    34.9032     3.8732    27.7224 1.2210e-02       5576 0.0000e+00
    796.000     3.9323    34.9032     3.8732    27.7224 1.2210e-02       5590 0.0000e+00
    797.000     3.9325    34.9034     3.8733    27.7226 1.2210e-02       5601 0.0000e+00
    798.000     3.9324    34.9037     3.8731    27.7228 1.2210e-02       5605 0.0000e+00
    799.000     3.9322    34.9035     3.8728    27.7227 1.2210e-02       5610 0.0000e+00
    800.000     3.9276    34.9025     3.8682    27.7224 1.2210e-02       5614 0.0000e+00
    801.000     3.9209    34.9019     3.8615    27.7226 1.2210e-02       5618 0.0000e+00
    802.000     3.9127    34.9011     3.8532    27.7227 1.2210e-02       5622 0.0000e+00
    803.000     3.9221    34.9020     3.8624    27.7226 1.2210e-02       5638 0.0000e+00
    804.000     3.9147    34.9009     3.8551    27.7224 1.2210e-02       5649 0.0000e+00
    805.000     3.9151    34.9009     3.8554    27.7224 1.2210e-02       5655 0.0000e+00
    806.000     3.9154    34.9013     3.8556    27.7227 1.2210e-02       5661 0.0000e+00
    807.000     3.9154    34.9015     3.8555    27.7229 1.2210e-02       5666 0.0000e+00
    808.000     3.9149    34.9015     3.8549    27.7229 1.2210e-02       5672 0.0000e+00
    809.000     3.9149    34.9012     3.8549    27.7227 1.2210e-02       5680 0.0000e+00
    810.000     3.9150    34.9010     3.8548    27.7225 1.2210e-02       5688 0.0000e+00
    811.000     3.9151    34.9011     3.8549    27.7226 1.2210e-02       5694 0.0000e+00
    812.000     3.9139    34.9013     3.8536    27.7229 1.2210e-02       5699 0.0000e+00
    813.000     3.9137    34.9015     3.8533    27.7231 1.2210e-02       5703 0.0000e+00
    814.000     3.9136    34.9013     3.8532    27.7229 1.2210e-02       5707 0.0000e+00
    815.000     3.9130    34.9011     3.8525    27.7229 1.2210e-02       5717 0.0000e+00
    816.000     3.9118    34.9010     3.8512    27.7229 1.2210e-02       5734 0.0000e+00
    817.000     3.9102    34.9007     3.8495    27.7229 1.2210e-02       5750 0.0000e+00
    818.000     3.9089    34.9005     3.8481    27.7228 1.2210e-02       5755 0.0000e+00
    819.000     3.9057    34.9005     3.8449    27.7231 1.2210e-02       5759 0.0000e+00
    820.000     3.9048    34.9003     3.8438    27.7232 1.2210e-02       5763 0.0000e+00
    821.000     3.9049    34.9004     3.8440    27.7232 1.2210e-02       5767 0.0000e+00
    822.000     3.9035    34.9002     3.8425    27.7232 1.2210e-02       5775 0.0000e+00
    823.000     3.9022    34.9000     3.8411    27.7232 1.2210e-02       5788 0.0000e+00
    824.000     3.9014    34.9002     3.8402    27.7234 1.2210e-02       5792 0.0000e+00
    825.000     3.9012    34.9003     3.8400    27.7235 1.2210e-02       5797 0.0000e+00
    826.000     3.9014    34.9001     3.8400    27.7233 1.2210e-02       5804 0.0000e+00
    827.000     3.9034    34.9002     3.8419    27.7233 1.2210e-02       5818 0.0000e+00
    828.000     3.9035    34.9002     3.8420    27.7233 1.2210e-02       5823 0.0000e+00
    829.000     3.9031    34.9007     3.8416    27.7236 1.2210e-02       5828 0.0000e+00
    830.000     3.9032    34.9008     3.8416    27.7237 1.2210e-02       5831 0.0000e+00
    831.000     3.9033    34.9006     3.8415    27.7236 1.2210e-02       5835 0.0000e+00
    832.000     3.9022    34.9004     3.8404    27.7236 1.2210e-02       5853 0.0000e+00
    833.000     3.9008    34.9004     3.8389    27.7237 1.2210e-02       5869 0.0000e+00
    834.000     3.9001    34.9006     3.8381    27.7240 1.2210e-02       5873 0.0000e+00
    835.000     3.8988    34.9004     3.8367    27.7239 1.2210e-02       5877 0.0000e+00
    836.000     3.8986    34.9004     3.8365    27.7239 1.2210e-02       5881 0.0000e+00
    837.000     3.8984    34.9002     3.8363    27.7238 1.2210e-02       5887 0.0000e+00
    838.000     3.8977    34.9002     3.8354    27.7239 1.2210e-02       5904 0.0000e+00
    839.000     3.8977    34.9001     3.8354    27.7238 1.2210e-02       5910 0.0000e+00
    840.000     3.8982    34.9007     3.8358    27.7242 1.2210e-02       5914 0.0000e+00
    841.000     3.8992    34.9011     3.8367    27.7245 1.2210e-02       5918 0.0000e+00
    842.000     3.9009    34.9013     3.8384    27.7245 1.2210e-02       5922 0.0000e+00
    843.000     3.9012    34.9013     3.8385    27.7244 1.2210e-02       5926 0.0000e+00
    844.000     3.9002    34.9010     3.8374    27.7244 1.2210e-02       5930 0.0000e+00
    845.000     3.8997    34.9011     3.8368    27.7245 1.2210e-02       5957 0.0000e+00
    846.000     3.8989    34.9013     3.8360    27.7247 1.2210e-02       5968 0.0000e+00
    847.000     3.8980    34.9014     3.8351    27.7249 1.2210e-02       5973 0.0000e+00
    848.000     3.8975    34.9014     3.8344    27.7250 1.2210e-02       5977 0.0000e+00
    849.000     3.8969    34.9013     3.8337    27.7250 1.2210e-02       5982 0.0000e+00
    850.000     3.8968    34.9016     3.8335    27.7252 1.2210e-02       5986 0.0000e+00
    851.000     3.8962    34.9013     3.8328    27.7250 1.2210e-02       5990 0.0000e+00
    852.000     3.8962    34.9011     3.8328    27.7249 1.2210e-02       5998 0.0000e+00
    853.000     3.8955    34.9010     3.8320    27.7249 1.2210e-02       6007 0.0000e+00
    854.000     3.8953    34.9012     3.8317    27.7250 1.2210e-02       6014 0.0000e+00
    855.000     3.8946    34.9012     3.8309    27.7251 1.2210e-02       6024 0.0000e+00
    856.000     3.8941    34.9011     3.8304    27.7252 1.2210e-02       6034 0.0000e+00
    857.000     3.8938    34.9010     3.8301    27.7251 1.2210e-02       6041 0.0000e+00
    858.000     3.8934    34.9010     3.8296    27.7251 1.2210e-02       6049 0.0000e+00
    859.000     3.8933    34.9011     3.8294    27.7252 1.2210e-02       6055 0.0000e+00
    860.000     3.8931    34.9013     3.8290    27.7254 1.2210e-02       6061 0.0000e+00
    861.000     3.8919    34.9013     3.8278    27.7255 1.2210e-02       6065 0.0000e+00
    862.000     3.8916    34.9012     3.8274    27.7255 1.2210e-02       6070 0.0000e+00
    863.000     3.8913    34.9011     3.8271    27.7255 1.2210e-02       6075 0.0000e+00
    864.000     3.8914    34.9010     3.8271    27.7254 1.2210e-02       6088 0.0000e+00
    865.000     3.8910    34.9009     3.8266    27.7254 1.2210e-02       6103 0.0000e+00
    866.000     3.8899    34.9011     3.8254    27.7257 1.2210e-02       6108 0.0000e+00
    867.000     3.8889    34.9012     3.8244    27.7258 1.2210e-02       6112 0.0000e+00
    868.000     3.8888    34.9012     3.8241    27.7258 1.2210e-02       6116 0.0000e+00
    869.000     3.8887    34.9012     3.8241    27.7258 1.2210e-02       6120 0.0000e+00
    870.000     3.8892    34.9010     3.8244    27.7257 1.2210e-02       6136 0.0000e+00
    871.000     3.8884    34.9012     3.8235    27.7259 1.2210e-02       6146 0.0000e+00
    872.000     3.8883    34.9011     3.8233    27.7258 1.2210e-02       6152 0.0000e+00
    873.000     3.8881    34.9010     3.8230    27.7258 1.2210e-02       6160 0.0000e+00
    874.000     3.8874    34.9012     3.8223    27.7260 1.2210e-02       6169 0.0000e+00
    875.000     3.8867    34.9013     3.8216    27.7262 1.2210e-02       6174 0.0000e+00
    876.000     3.8852    34.9012     3.8199    27.7263 1.2210e-02       6178 0.0000e+00
    877.000     3.8845    34.9011     3.8192    27.7263 1.2210e-02       6183 0.0000e+00
    878.000     3.8839    34.9010     3.8185    27.7263 1.2210e-02       6187 0.0000e+00
    879.000     3.8820    34.9009     3.8166    27.7264 1.2210e-02       6195 0.0000e+00
    880.000     3.8810    34.9010     3.8155    27.7265 1.2210e-02       6204 0.0000e+00
    881.000     3.8804    34.9009     3.8148    27.7265 1.2210e-02       6216 0.0000e+00
    882.000     3.8803    34.9009     3.8146    27.7266 1.2210e-02       6231 0.0000e+00
    883.000     3.8805    34.9010     3.8147    27.7267 1.2210e-02       6238 0.0000e+00
    884.000     3.8805    34.9011     3.8146    27.7267 1.2210e-02       6243 0.0000e+00
    885.000     3.8810    34.9014     3.8151    27.7269 1.2210e-02       6248 0.0000e+00
    886.000     3.8810    34.9014     3.8149    27.7269 1.2210e-02       6253 0.0000e+00
    887.000     3.8806    34.9014     3.8145    27.7270 1.2210e-02       6258 0.0000e+00
    888.000     3.8806    34.9014     3.8143    27.7270 1.2210e-02       6264 0.0000e+00
    889.000     3.8799    34.9013     3.8136    27.7270 1.2210e-02       6271 0.0000e+00
    890.000     3.8792    34.9011     3.8129    27.7270 1.2210e-02       6281 0.0000e+00
    891.000     3.8774    34.9012     3.8109    27.7271 1.2210e-02       6293 0.0000e+00
    892.000     3.8770    34.9010     3.8105    27.7271 1.2210e-02       6300 0.0000e+00
    893.000     3.8760    34.9012     3.8094    27.7273 1.2210e-02       6305 0.0000e+00
    894.000     3.8751    34.9009     3.8084    27.7272 1.2210e-02       6310 0.0000e+00
    895.000     3.8742    34.9005     3.8075    27.7270 1.2210e-02       6319 0.0000e+00
    896.000     3.8709    34.9007     3.8041    27.7275 1.2210e-02       6330 0.0000e+00
    897.000     3.8699    34.9007     3.8030    27.7276 1.2210e-02       6338 0.0000e+00
    898.000     3.8698    34.9003     3.8029    27.7274 1.2210e-02       6347 0.0000e+00
    899.000     3.8694    34.9006     3.8024    27.7276 1.2210e-02       6355 0.0000e+00
    900.000     3.8691    34.9008     3.8020    27.7278 1.2210e-02       6361 0.0000e+00
    901.000     3.8674    34.9006     3.8002    27.7278 1.2210e-02       6365 0.0000e+00
