Data/raw_excel/lovbio031c/CTD/a0267.cnv
* Sea-Bird SBE 9 Data File:
* FileName = C:\Seasoft\a201306\a0267.hex
* Software Version Seasave V 7.21a
* Temperature SN = 1428
* Conductivity SN = 1162
* Number of Bytes Per Scan = 35
* Number of Voltage Words = 4
* Number of Scans Averaged by the Deck Unit = 4
* NMEA Latitude = 62 45.07 N
* NMEA Longitude = 033 57.60 W
* NMEA UTC (Time) = Jun 17 2013 16:27:28
* NMEA baud rate = 4800
** Stn: 267
** Lat: 62 45.04 N
** Lon: 33 57.56 V
** Depth: 2787
** Name:
** Title: Karfi 15
# nquan = 8
# nvalues = 1013                        
# units = specified
# name 0 = prDM: Pressure, Digiquartz [db]
# name 1 = t090C: Temperature [ITS-90, deg C]
# name 2 = sal00: Salinity, Practical [PSU]
# name 3 = potemp090C: Potential Temperature [ITS-90, deg C]
# name 4 = sigma-é00: Density [sigma-theta, Kg/m^3]
# name 5 = flSP: Fluorescence, Seapoint
# name 6 = scan: Scan Count
# name 7 = flag: flag
# span 0 =      4.000,   1016.000       
# span 1 =     3.7903,     7.9612       
# span 2 =    34.8572,    34.9526       
# span 3 =     3.7146,     7.9600       
# span 4 =    27.1678,    27.7380       
# span 5 = 1.1652e-02, 6.1179e+00       
# span 6 =         49,       7359       
# span 7 = 0.0000e+00, 0.0000e+00       
# interval = decibars: 1                
# start_time = Jun 17 2013 16:27:42 [System UTC, first data scan.]
# bad_flag = -9.990e-29
*END*
[from data line 360]
    364.000     4.3953    34.9308     4.3681    27.6918 1.2210e-02       2600 0.0000e+00
    365.000     4.3896    34.9297     4.3624    27.6915 1.2210e-02       2613 0.0000e+00
    366.000     4.3858    34.9295     4.3585    27.6918 1.2210e-02       2621 0.0000e+00
    367.000     4.3848    34.9298     4.3575    27.6922 1.2210e-02       2626 0.0000e+00
    368.000     4.3848    34.9298     4.3574    27.6921 1.2210e-02       2631 0.0000e+00
    369.000     4.3840    34.9299     4.3564    27.6923 1.2210e-02       2643 0.0000e+00
    370.000     4.3892    34.9308     4.3616    27.6925 1.2210e-02       2653 0.0000e+00
    371.000     4.3894    34.9311     4.3617    27.6927 1.2210e-02       2657 0.0000e+00
    372.000     4.3870    34.9310     4.3592    27.6929 1.2210e-02       2661 0.0000e+00
    373.000     4.3862    34.9307     4.3583    27.6928 1.2210e-02       2665 0.0000e+00
    374.000     4.3839    34.9307     4.3559    27.6931 1.2210e-02       2669 0.0000e+00
    375.000     4.3824    34.9305     4.3544    27.6930 1.2210e-02       2685 0.0000e+00
    376.000     4.3835    34.9308     4.3555    27.6931 1.4783e-02       2699 0.0000e+00
    377.000     4.3836    34.9310     4.3554    27.6933 1.2185e-02       2703 0.0000e+00
    378.000     4.3828    34.9308     4.3546    27.6932 1.2210e-02       2707 0.0000e+00
    379.000     4.3812    34.9312     4.3529    27.6938 1.2210e-02       2711 0.0000e+00
    380.000     4.3821    34.9312     4.3537    27.6937 1.2210e-02       2716 0.0000e+00
    381.000     4.3839    34.9318     4.3554    27.6940 1.2210e-02       2720 0.0000e+00
    382.000     4.3861    34.9320     4.3575    27.6939 1.2210e-02       2724 0.0000e+00
    383.000     4.3861    34.9318     4.3574    27.6938 1.2210e-02       2729 0.0000e+00
    384.000     4.3806    34.9313     4.3520    27.6940 1.2210e-02       2751 0.0000e+00
    385.000     4.3781    34.9309     4.3494    27.6939 1.2210e-02       2760 0.0000e+00
    386.000     4.3756    34.9308     4.3468    27.6941 1.2210e-02       2764 0.0000e+00
    387.000     4.3704    34.9300     4.3415    27.6940 1.2210e-02       2768 0.0000e+00
    388.000     4.3666    34.9303     4.3377    27.6947 1.2210e-02       2773 0.0000e+00
    389.000     4.3656    34.9303     4.3366    27.6948 1.2210e-02       2786 0.0000e+00
    390.000     4.3752    34.9320     4.3461    27.6951 1.2210e-02       2794 0.0000e+00
    391.000     4.3807    34.9329     4.3515    27.6953 1.2210e-02       2798 0.0000e+00
    392.000     4.3783    34.9325     4.3490    27.6952 1.2210e-02       2802 0.0000e+00
    393.000     4.3655    34.9309     4.3361    27.6954 1.2210e-02       2806 0.0000e+00
    394.000     4.3540    34.9305     4.3247    27.6963 1.2210e-02       2813 0.0000e+00
    395.000     4.3484    34.9298     4.3189    27.6963 1.2210e-02       2821 0.0000e+00
    396.000     4.3445    34.9291     4.3149    27.6962 1.2210e-02       2829 0.0000e+00
    397.000     4.3405    34.9286     4.3109    27.6963 1.2210e-02       2839 0.0000e+00
    398.000     4.3398    34.9283     4.3101    27.6961 1.2210e-02       2846 0.0000e+00
    399.000     4.3391    34.9284     4.3094    27.6963 1.4731e-02       2851 0.0000e+00
    400.000     4.3361    34.9281     4.3064    27.6963 1.2347e-02       2855 0.0000e+00
    401.000     4.3276    34.9267     4.2978    27.6961 1.2210e-02       2859 0.0000e+00
    402.000     4.3188    34.9267     4.2889    27.6972 1.2210e-02       2864 0.0000e+00
    403.000     4.3146    34.9264     4.2847    27.6974 1.2210e-02       2882 0.0000e+00
    404.000     4.3158    34.9264     4.2857    27.6972 1.2210e-02       2894 0.0000e+00
    405.000     4.3154    34.9263     4.2853    27.6972 1.2210e-02       2900 0.0000e+00
    406.000     4.3130    34.9262     4.2828    27.6974 1.2210e-02       2905 0.0000e+00
    407.000     4.3113    34.9263     4.2811    27.6977 1.2210e-02       2909 0.0000e+00
    408.000     4.3104    34.9260     4.2801    27.6976 1.2210e-02       2913 0.0000e+00
    409.000     4.3085    34.9260     4.2781    27.6978 1.2210e-02       2918 0.0000e+00
    410.000     4.3087    34.9260     4.2783    27.6978 1.2210e-02       2925 0.0000e+00
    411.000     4.3087    34.9259     4.2782    27.6977 1.2210e-02       2936 0.0000e+00
    412.000     4.3095    34.9259     4.2789    27.6976 1.2210e-02       2944 0.0000e+00
    413.000     4.3099    34.9259     4.2793    27.6976 1.2210e-02       2950 0.0000e+00
    414.000     4.3101    34.9261     4.2793    27.6977 1.2210e-02       2958 0.0000e+00
    415.000     4.3103    34.9260     4.2794    27.6977 1.2210e-02       2969 0.0000e+00
    416.000     4.3097    34.9259     4.2787    27.6976 1.2210e-02       2977 0.0000e+00
    417.000     4.3087    34.9257     4.2776    27.6976 1.2210e-02       2984 0.0000e+00
    418.000     4.3074    34.9256     4.2763    27.6976 1.4048e-02       2991 0.0000e+00
    419.000     4.3043    34.9254     4.2731    27.6978 1.2158e-02       2998 0.0000e+00
    420.000     4.3017    34.9253     4.2704    27.6980 1.2210e-02       3003 0.0000e+00
    421.000     4.3004    34.9255     4.2691    27.6983 1.2210e-02       3009 0.0000e+00
    422.000     4.2990    34.9250     4.2676    27.6981 1.2210e-02       3024 0.0000e+00
    423.000     4.2908    34.9239     4.2594    27.6981 1.2210e-02       3032 0.0000e+00
    424.000     4.2849    34.9238     4.2535    27.6987 1.2210e-02       3037 0.0000e+00
    425.000     4.2844    34.9240     4.2528    27.6989 1.2210e-02       3041 0.0000e+00
    426.000     4.2825    34.9239     4.2508    27.6990 1.2210e-02       3046 0.0000e+00
    427.000     4.2818    34.9241     4.2501    27.6993 1.2210e-02       3053 0.0000e+00
    428.000     4.2806    34.9238     4.2488    27.6992 1.2210e-02       3062 0.0000e+00
    429.000     4.2803    34.9237     4.2484    27.6991 1.2210e-02       3079 0.0000e+00
    430.000     4.2777    34.9232     4.2458    27.6990 1.2210e-02       3089 0.0000e+00
    431.000     4.2751    34.9231     4.2431    27.6992 1.2210e-02       3093 0.0000e+00
    432.000     4.2717    34.9230     4.2397    27.6995 1.2210e-02       3097 0.0000e+00
    433.000     4.2714    34.9235     4.2393    27.6999 1.2210e-02       3101 0.0000e+00
    434.000     4.2725    34.9237     4.2403    27.7000 1.2210e-02       3105 0.0000e+00
    435.000     4.2707    34.9235     4.2384    27.7000 1.6761e-02       3112 0.0000e+00
    436.000     4.2692    34.9235     4.2368    27.7002 1.2192e-02       3124 0.0000e+00
    437.000     4.2683    34.9232     4.2359    27.7000 1.2210e-02       3136 0.0000e+00
    438.000     4.2665    34.9229     4.2340    27.7000 1.2210e-02       3142 0.0000e+00
    439.000     4.2641    34.9229     4.2315    27.7003 1.2210e-02       3146 0.0000e+00
    440.000     4.2628    34.9228     4.2302    27.7004 1.2210e-02       3151 0.0000e+00
    441.000     4.2639    34.9230     4.2312    27.7005 1.2908e-02       3164 0.0000e+00
    442.000     4.2651    34.9227     4.2323    27.7001 1.2159e-02       3185 0.0000e+00
    443.000     4.2630    34.9229     4.2302    27.7004 1.2210e-02       3189 0.0000e+00
    444.000     4.2592    34.9222     4.2262    27.7003 1.2210e-02       3193 0.0000e+00
    445.000     4.2536    34.9217     4.2206    27.7005 1.2210e-02       3197 0.0000e+00
    446.000     4.2512    34.9215     4.2182    27.7006 1.2210e-02       3201 0.0000e+00
    447.000     4.2493    34.9213     4.2162    27.7007 1.2210e-02       3204 0.0000e+00
    448.000     4.2483    34.9211     4.2151    27.7006 1.2210e-02       3208 0.0000e+00
    449.000     4.2467    34.9211     4.2134    27.7009 1.2210e-02       3226 0.0000e+00
    450.000     4.2446    34.9205     4.2112    27.7006 1.2210e-02       3236 0.0000e+00
    451.000     4.2423    34.9208     4.2089    27.7011 1.2210e-02       3240 0.0000e+00
    452.000     4.2400    34.9200     4.2066    27.7008 1.2210e-02       3243 0.0000e+00
    453.000     4.2349    34.9199     4.2014    27.7012 1.2210e-02       3247 0.0000e+00
    454.000     4.2344    34.9200     4.2008    27.7013 1.2210e-02       3251 0.0000e+00
    455.000     4.2353    34.9201     4.2016    27.7013 1.2210e-02       3255 0.0000e+00
    456.000     4.2348    34.9201     4.2010    27.7014 1.2210e-02       3281 0.0000e+00
    457.000     4.2335    34.9201     4.1996    27.7016 1.2210e-02       3289 0.0000e+00
    458.000     4.2302    34.9196     4.1963    27.7015 1.2210e-02       3294 0.0000e+00
    459.000     4.2262    34.9193     4.1923    27.7017 1.2210e-02       3300 0.0000e+00
    460.000     4.2249    34.9189     4.1908    27.7016 1.2210e-02       3306 0.0000e+00
    461.000     4.2232    34.9188     4.1891    27.7016 1.2210e-02       3310 0.0000e+00
    462.000     4.2228    34.9191     4.1886    27.7019 1.2210e-02       3314 0.0000e+00
    463.000     4.2225    34.9188     4.1882    27.7017 1.2210e-02       3318 0.0000e+00
    464.000     4.2219    34.9188     4.1876    27.7018 1.2210e-02       3322 0.0000e+00
    465.000     4.2217    34.9187     4.1873    27.7017 1.2210e-02       3326 0.0000e+00
    466.000     4.2211    34.9188     4.1866    27.7019 1.2210e-02       3329 0.0000e+00
    467.000     4.2208    34.9191     4.1863    27.7021 1.2210e-02       3349 0.0000e+00
    468.000     4.2211    34.9187     4.1864    27.7018 1.2210e-02       3362 0.0000e+00
    469.000     4.2200    34.9188     4.1853    27.7021 1.2210e-02       3370 0.0000e+00
    470.000     4.2199    34.9186     4.1851    27.7019 1.2210e-02       3377 0.0000e+00
    471.000     4.2193    34.9190     4.1845    27.7023 1.2210e-02       3382 0.0000e+00
    472.000     4.2176    34.9191     4.1826    27.7025 1.2210e-02       3387 0.0000e+00
    473.000     4.2144    34.9186     4.1793    27.7025 1.2210e-02       3391 0.0000e+00
    474.000     4.2111    34.9185     4.1759    27.7028 1.2210e-02       3395 0.0000e+00
    475.000     4.2107    34.9190     4.1756    27.7032 1.2210e-02       3401 0.0000e+00
    476.000     4.2093    34.9187     4.1741    27.7031 1.2210e-02       3410 0.0000e+00
    477.000     4.2091    34.9183     4.1737    27.7028 1.2210e-02       3419 0.0000e+00
    478.000     4.2082    34.9183     4.1727    27.7029 1.2210e-02       3424 0.0000e+00
    479.000     4.2070    34.9183     4.1716    27.7031 1.2210e-02       3429 0.0000e+00
    480.000     4.2071    34.9183     4.1716    27.7031 1.2210e-02       3433 0.0000e+00
    481.000     4.2053    34.9184     4.1697    27.7034 1.2210e-02       3440 0.0000e+00
    482.000     4.2040    34.9180     4.1683    27.7032 1.2210e-02       3453 0.0000e+00
    483.000     4.2023    34.9180     4.1666    27.7033 1.2210e-02       3462 0.0000e+00
    484.000     4.2013    34.9178     4.1654    27.7033 1.3831e-02       3472 0.0000e+00
    485.000     4.2011    34.9177     4.1652    27.7033 1.2195e-02       3479 0.0000e+00
    486.000     4.2007    34.9181     4.1647    27.7037 1.2210e-02       3483 0.0000e+00
    487.000     4.2025    34.9183     4.1664    27.7036 1.2210e-02       3487 0.0000e+00
    488.000     4.2030    34.9184     4.1669    27.7037 1.2210e-02       3491 0.0000e+00
    489.000     4.2036    34.9184     4.1674    27.7036 1.2210e-02       3495 0.0000e+00
    490.000     4.2040    34.9186     4.1676    27.7037 1.2210e-02       3504 0.0000e+00
    491.000     4.2055    34.9184     4.1691    27.7035 1.2210e-02       3514 0.0000e+00
    492.000     4.2076    34.9190     4.1712    27.7037 1.2210e-02       3519 0.0000e+00
    493.000     4.2062    34.9189     4.1697    27.7037 1.2210e-02       3524 0.0000e+00
    494.000     4.2040    34.9186     4.1673    27.7038 1.2210e-02       3527 0.0000e+00
    495.000     4.2040    34.9189     4.1673    27.7040 1.2210e-02       3531 0.0000e+00
    496.000     4.2040    34.9190     4.1672    27.7041 1.2210e-02       3545 0.0000e+00
    497.000     4.2036    34.9188     4.1668    27.7039 1.2210e-02       3566 0.0000e+00
    498.000     4.2047    34.9189     4.1678    27.7039 1.2210e-02       3571 0.0000e+00
    499.000     4.2054    34.9194     4.1684    27.7043 1.2210e-02       3576 0.0000e+00
    500.000     4.2063    34.9195     4.1691    27.7043 1.2210e-02       3580 0.0000e+00
    501.000     4.2110    34.9205     4.1739    27.7046 1.2210e-02       3583 0.0000e+00
    502.000     4.2169    34.9209     4.1796    27.7043 1.2210e-02       3587 0.0000e+00
    503.000     4.2172    34.9210     4.1798    27.7044 1.2210e-02       3591 0.0000e+00
    504.000     4.2186    34.9211     4.1812    27.7042 1.2210e-02       3595 0.0000e+00
    505.000     4.2183    34.9214     4.1808    27.7046 1.2210e-02       3609 0.0000e+00
    506.000     4.2142    34.9210     4.1766    27.7047 1.2210e-02       3624 0.0000e+00
    507.000     4.2100    34.9207     4.1723    27.7049 1.2210e-02       3628 0.0000e+00
    508.000     4.2092    34.9209     4.1715    27.7052 1.2210e-02       3632 0.0000e+00
    509.000     4.2101    34.9208     4.1723    27.7050 1.2210e-02       3636 0.0000e+00
    510.000     4.2080    34.9207     4.1701    27.7052 1.2210e-02       3640 0.0000e+00
    511.000     4.2144    34.9219     4.1764    27.7055 1.2210e-02       3644 0.0000e+00
    512.000     4.2126    34.9213     4.1745    27.7052 1.2210e-02       3649 0.0000e+00
    513.000     4.2081    34.9211     4.1699    27.7055 1.2210e-02       3657 0.0000e+00
    514.000     4.2053    34.9207     4.1671    27.7055 1.2210e-02       3671 0.0000e+00
    515.000     4.1988    34.9197     4.1606    27.7054 1.2210e-02       3683 0.0000e+00
    516.000     4.1937    34.9190     4.1555    27.7053 1.2210e-02       3691 0.0000e+00
    517.000     4.1903    34.9189     4.1520    27.7057 1.2210e-02       3696 0.0000e+00
    518.000     4.1862    34.9184     4.1478    27.7057 1.2210e-02       3701 0.0000e+00
    519.000     4.1815    34.9183     4.1430    27.7061 1.2210e-02       3705 0.0000e+00
    520.000     4.1814    34.9182     4.1428    27.7061 1.2210e-02       3709 0.0000e+00
    521.000     4.1814    34.9182     4.1428    27.7061 1.2210e-02       3712 0.0000e+00
    522.000     4.1824    34.9180     4.1437    27.7059 1.2210e-02       3716 0.0000e+00
    523.000     4.1821    34.9180     4.1433    27.7059 1.2210e-02       3720 0.0000e+00
    524.000     4.1871    34.9187     4.1482    27.7059 1.2210e-02       3730 0.0000e+00
    525.000     4.1929    34.9196     4.1539    27.7060 1.2210e-02       3740 0.0000e+00
    526.000     4.1962    34.9204     4.1571    27.7063 1.2210e-02       3749 0.0000e+00
    527.000     4.2032    34.9215     4.1640    27.7064 1.2210e-02       3761 0.0000e+00
    528.000     4.2044    34.9215     4.1651    27.7063 1.2210e-02       3768 0.0000e+00
    529.000     4.2038    34.9216     4.1644    27.7064 1.2210e-02       3772 0.0000e+00
    530.000     4.1940    34.9201     4.1547    27.7064 1.2210e-02       3776 0.0000e+00
    531.000     4.1895    34.9203     4.1501    27.7070 1.2210e-02       3780 0.0000e+00
    532.000     4.1887    34.9203     4.1492    27.7071 1.2210e-02       3786 0.0000e+00
    533.000     4.1858    34.9197     4.1462    27.7069 1.2210e-02       3795 0.0000e+00
    534.000     4.1764    34.9182     4.1368    27.7067 1.2210e-02       3802 0.0000e+00
    535.000     4.1695    34.9177     4.1299    27.7070 1.2210e-02       3807 0.0000e+00
    536.000     4.1669    34.9177     4.1272    27.7073 1.2210e-02       3811 0.0000e+00
    537.000     4.1681    34.9179     4.1283    27.7073 1.2210e-02       3817 0.0000e+00
    538.000     4.1697    34.9178     4.1298    27.7072 1.2210e-02       3835 0.0000e+00
    539.000     4.1692    34.9180     4.1292    27.7074 1.2210e-02       3844 0.0000e+00
    540.000     4.1677    34.9182     4.1276    27.7077 1.2210e-02       3848 0.0000e+00
    541.000     4.1681    34.9183     4.1280    27.7078 1.2210e-02       3851 0.0000e+00
    542.000     4.1691    34.9184     4.1289    27.7077 1.2210e-02       3855 0.0000e+00
