Data/raw_excel/lovbio031c/CTD/a0267.cnv
* Sea-Bird SBE 9 Data File:
* FileName = C:\Seasoft\a201306\a0267.hex
* Software Version Seasave V 7.21a
* Temperature SN = 1428
* Conductivity SN = 1162
* Number of Bytes Per Scan = 35
* Number of Voltage Words = 4
* Number of Scans Averaged by the Deck Unit = 4
* NMEA Latitude = 62 45.07 N
* NMEA Longitude = 033 57.60 W
* NMEA UTC (Time) = Jun 17 2013 16:27:28
* NMEA baud rate = 4800
** Stn: 267
** Lat: 62 45.04 N
** Lon: 33 57.56 V
** Depth: 2787
** Name:
** Title: Karfi 15
# nquan = 8
# nvalues = 1013                        
# units = specified
# name 0 = prDM: Pressure, Digiquartz [db]
# name 1 = t090C: Temperature [ITS-90, deg C]
# name 2 = sal00: Salinity, Practical [PSU]
# name 3 = potemp090C: Potential Temperature [ITS-90, deg C]
# name 4 = sigma-é00: Density [sigma-theta, Kg/m^3]
# name 5 = flSP: Fluorescence, Seapoint
# name 6 = scan: Scan Count
# name 7 = flag: flag
# span 0 =      4.000,   1016.000       
# span 1 =     3.7903,     7.9612       
# span 2 =    34.8572,    34.9526       
# span 3 =     3.7146,     7.9600       
# span 4 =    27.1678,    27.7380       
# span 5 = 1.1652e-02, 6.1179e+00       
# span 6 =         49,       7359       
# span 7 = 0.0000e+00, 0.0000e+00       
# interval = decibars: 1                
# start_time = Jun 17 2013 16:27:42 [System UTC, first data scan.]
# bad_flag = -9.990e-29
*END*
      4.000     7.9576    34.8576     7.9572    27.1684 2.1234e+00         49 0.0000e+00
      5.000     7.9551    34.8582     7.9546    27.1693 2.7710e+00        106 0.0000e+00
      6.000     7.9563    34.8578     7.9557    27.1689 2.4653e+00        120 0.0000e+00
      7.000     7.9581    34.8577     7.9574    27.1685 2.2688e+00        149 0.0000e+00
      8.000     7.9599    34.8572     7.9591    27.1679 2.2615e+00        150 0.0000e+00
      9.000     7.9592    34.8574     7.9584    27.1681 2.1981e+00        154 0.0000e+00
     10.000     7.9592    34.8576     7.9582    27.1683 2.1901e+00        160 0.0000e+00
     11.000     7.9605    34.8574     7.9594    27.1679 2.2252e+00        167 0.0000e+00
     12.000     7.9611    34.8573     7.9599    27.1678 2.2041e+00        172 0.0000e+00
     13.000     7.9612    34.8575     7.9600    27.1680 2.2725e+00        177 0.0000e+00
     14.000     7.9603    34.8574     7.9589    27.1680 2.7940e+00        184 0.0000e+00
     15.000     7.9610    34.8572     7.9595    27.1678 2.5432e+00        194 0.0000e+00
     16.000     7.9560    34.8574     7.9544    27.1687 2.6064e+00        202 0.0000e+00
     17.000     7.9371    34.8590     7.9354    27.1728 3.3703e+00        207 0.0000e+00
     18.000     7.9266    34.8604     7.9248    27.1754 3.0310e+00        212 0.0000e+00
     19.000     7.9214    34.8599     7.9195    27.1758 6.1179e+00        216 0.0000e+00
     20.000     7.9087    34.8611     7.9067    27.1787 3.2881e+00        226 0.0000e+00
     21.000     7.8421    34.8636     7.8400    27.1906 3.4895e+00        235 0.0000e+00
     22.000     7.7190    34.8780     7.7168    27.2201 4.1592e+00        241 0.0000e+00
     23.000     7.6475    34.8787     7.6452    27.2312 5.2532e+00        246 0.0000e+00
     24.000     7.5229    34.8864     7.5206    27.2553 5.2397e+00        251 0.0000e+00
     25.000     7.3687    34.8934     7.3663    27.2831 5.9633e+00        257 0.0000e+00
     26.000     7.1663    34.8841     7.1639    27.3045 5.4330e+00        263 0.0000e+00
     27.000     7.0047    34.8878     7.0023    27.3301 5.0150e+00        269 0.0000e+00
     28.000     6.9141    34.8947     6.9116    27.3481 4.7147e+00        275 0.0000e+00
     29.000     6.8672    34.8955     6.8645    27.3553 5.5194e+00        286 0.0000e+00
     30.000     6.8308    34.8967     6.8281    27.3612 5.4912e+00        294 0.0000e+00
     31.000     6.7954    34.8969     6.7926    27.3662 5.6119e+00        299 0.0000e+00
     32.000     6.7564    34.8987     6.7535    27.3730 5.6602e+00        303 0.0000e+00
     33.000     6.7297    34.8964     6.7267    27.3748 5.3554e+00        307 0.0000e+00
     34.000     6.6639    34.8995     6.6608    27.3862 4.3719e+00        312 0.0000e+00
     35.000     6.4641    34.9109     6.4610    27.4221 4.1674e+00        321 0.0000e+00
     36.000     6.3476    34.9166     6.3444    27.4420 2.9603e+00        330 0.0000e+00
     37.000     6.2354    34.9252     6.2322    27.4636 1.8747e+00        335 0.0000e+00
     38.000     6.1257    34.9320     6.1225    27.4832 1.4679e+00        340 0.0000e+00
     39.000     6.0540    34.9389     6.0507    27.4979 1.0562e+00        361 0.0000e+00
     40.000     6.0191    34.9364     6.0157    27.5005 9.5112e-01        369 0.0000e+00
     41.000     5.9613    34.9383     5.9578    27.5094 8.3540e-01        373 0.0000e+00
     42.000     5.9138    34.9417     5.9103    27.5181 6.9519e-01        377 0.0000e+00
     43.000     5.8945    34.9416     5.8909    27.5205 6.7275e-01        381 0.0000e+00
     44.000     5.8463    34.9420     5.8426    27.5269 7.6064e-01        390 0.0000e+00
     45.000     5.8283    34.9400     5.8245    27.5276 6.2503e-01        404 0.0000e+00
     46.000     5.8040    34.9400     5.8002    27.5307 5.4207e-01        410 0.0000e+00
     47.000     5.7680    34.9408     5.7641    27.5359 5.9233e-01        424 0.0000e+00
     48.000     5.7587    34.9394     5.7547    27.5360 5.0822e-01        440 0.0000e+00
     49.000     5.7446    34.9392     5.7405    27.5375 5.0265e-01        444 0.0000e+00
     50.000     5.7007    34.9401     5.6965    27.5438 4.6710e-01        448 0.0000e+00
     51.000     5.6715    34.9419     5.6673    27.5489 4.6703e-01        453 0.0000e+00
     52.000     5.6521    34.9424     5.6478    27.5517 4.1109e-01        457 0.0000e+00
     53.000     5.6429    34.9424     5.6386    27.5528 4.4116e-01        463 0.0000e+00
     54.000     5.6223    34.9416     5.6179    27.5548 4.5983e-01        474 0.0000e+00
     55.000     5.6077    34.9420     5.6032    27.5568 3.8502e-01        480 0.0000e+00
     56.000     5.5979    34.9425     5.5933    27.5585 3.9032e-01        486 0.0000e+00
     57.000     5.5920    34.9427     5.5874    27.5593 4.2407e-01        493 0.0000e+00
     58.000     5.5839    34.9426     5.5792    27.5602 3.6780e-01        500 0.0000e+00
     59.000     5.5797    34.9434     5.5749    27.5615 3.9095e-01        507 0.0000e+00
     60.000     5.5621    34.9431     5.5572    27.5634 3.3042e-01        512 0.0000e+00
     61.000     5.5443    34.9431     5.5394    27.5656 3.0662e-01        517 0.0000e+00
     62.000     5.5316    34.9430     5.5266    27.5671 3.4072e-01        530 0.0000e+00
     63.000     5.5275    34.9424     5.5224    27.5671 2.7860e-01        545 0.0000e+00
     64.000     5.5265    34.9424     5.5213    27.5673 2.6357e-01        551 0.0000e+00
     65.000     5.5262    34.9422     5.5210    27.5671 2.7298e-01        557 0.0000e+00
     66.000     5.5247    34.9423     5.5194    27.5674 2.9658e-01        562 0.0000e+00
     67.000     5.5202    34.9432     5.5147    27.5687 2.5307e-01        566 0.0000e+00
     68.000     5.5178    34.9437     5.5122    27.5694 2.5309e-01        570 0.0000e+00
     69.000     5.5163    34.9436     5.5107    27.5695 2.4367e-01        574 0.0000e+00
     70.000     5.5101    34.9438     5.5044    27.5705 2.6019e-01        578 0.0000e+00
     71.000     5.4925    34.9458     5.4867    27.5742 2.4963e-01        588 0.0000e+00
     72.000     5.4785    34.9472     5.4726    27.5770 2.3444e-01        606 0.0000e+00
     73.000     5.4653    34.9482     5.4594    27.5794 1.7730e-01        612 0.0000e+00
     74.000     5.4598    34.9478     5.4538    27.5798 1.8009e-01        616 0.0000e+00
     75.000     5.4447    34.9473     5.4387    27.5812 1.5427e-01        621 0.0000e+00
     76.000     5.4234    34.9461     5.4173    27.5829 1.7332e-01        625 0.0000e+00
     77.000     5.3970    34.9470     5.3908    27.5868 1.6149e-01        636 0.0000e+00
     78.000     5.3731    34.9451     5.3668    27.5883 1.2243e-01        646 0.0000e+00
     79.000     5.3666    34.9451     5.3603    27.5889 1.1957e-01        652 0.0000e+00
     80.000     5.3545    34.9450     5.3480    27.5904 1.2405e-01        657 0.0000e+00
     81.000     5.3447    34.9451     5.3382    27.5917 1.3641e-01        666 0.0000e+00
     82.000     5.3390    34.9447     5.3324    27.5921 1.2098e-01        678 0.0000e+00
     83.000     5.3313    34.9452     5.3247    27.5933 1.2480e-01        684 0.0000e+00
     84.000     5.3256    34.9453     5.3189    27.5942 1.1212e-01        688 0.0000e+00
     85.000     5.3237    34.9453     5.3169    27.5944 1.1871e-01        692 0.0000e+00
     86.000     5.3187    34.9445     5.3118    27.5944 1.0972e-01        697 0.0000e+00
     87.000     5.3123    34.9446     5.3054    27.5952 1.2059e-01        702 0.0000e+00
     88.000     5.3108    34.9442     5.3038    27.5951 1.4741e-01        709 0.0000e+00
     89.000     5.3074    34.9442     5.3003    27.5955 1.3447e-01        717 0.0000e+00
     90.000     5.3070    34.9444     5.2998    27.5957 1.4746e-01        729 0.0000e+00
     91.000     5.3080    34.9443     5.3008    27.5956 1.1676e-01        740 0.0000e+00
     92.000     5.3093    34.9450     5.3020    27.5959 1.0794e-01        746 0.0000e+00
     93.000     5.3102    34.9471     5.3028    27.5976 1.0384e-01        751 0.0000e+00
     94.000     5.3103    34.9492     5.3028    27.5992 8.7365e-02        756 0.0000e+00
     95.000     5.3101    34.9495     5.3025    27.5995 1.1364e-01        760 0.0000e+00
     96.000     5.3096    34.9499     5.3019    27.5998 1.0536e-01        766 0.0000e+00
     97.000     5.3085    34.9506     5.3007    27.6006 1.0464e-01        774 0.0000e+00
     98.000     5.3056    34.9510     5.2978    27.6013 9.7271e-02        781 0.0000e+00
     99.000     5.2987    34.9510     5.2908    27.6021 1.0188e-01        787 0.0000e+00
    100.000     5.2943    34.9506     5.2863    27.6022 1.0489e-01        794 0.0000e+00
    101.000     5.2832    34.9504     5.2752    27.6034 1.2223e-01        804 0.0000e+00
    102.000     5.2840    34.9508     5.2759    27.6036 8.5216e-02        811 0.0000e+00
    103.000     5.2763    34.9505     5.2682    27.6043 8.5470e-02        815 0.0000e+00
    104.000     5.2767    34.9506     5.2684    27.6044 7.9162e-02        820 0.0000e+00
    105.000     5.2745    34.9509     5.2662    27.6049 7.7012e-02        824 0.0000e+00
    106.000     5.2756    34.9517     5.2672    27.6054 1.1542e-01        840 0.0000e+00
    107.000     5.2794    34.9526     5.2709    27.6057 8.2265e-02        849 0.0000e+00
    108.000     5.2750    34.9522     5.2664    27.6059 8.9471e-02        854 0.0000e+00
    109.000     5.2666    34.9520     5.2580    27.6068 8.7997e-02        860 0.0000e+00
    110.000     5.2617    34.9515     5.2530    27.6070 8.9543e-02        866 0.0000e+00
    111.000     5.2450    34.9508     5.2362    27.6085 7.4666e-02        873 0.0000e+00
    112.000     5.2399    34.9515     5.2310    27.6096 6.5584e-02        879 0.0000e+00
    113.000     5.2354    34.9509     5.2264    27.6097 6.0950e-02        885 0.0000e+00
    114.000     5.2259    34.9501     5.2169    27.6101 5.8634e-02        889 0.0000e+00
    115.000     5.2122    34.9487     5.2031    27.6107 6.8950e-02        893 0.0000e+00
    116.000     5.2013    34.9484     5.1921    27.6118 6.3762e-02        897 0.0000e+00
    117.000     5.1934    34.9480     5.1842    27.6124 5.7037e-02        908 0.0000e+00
    118.000     5.1900    34.9476     5.1807    27.6125 5.7578e-02        922 0.0000e+00
    119.000     5.1821    34.9472     5.1727    27.6131 4.3225e-02        927 0.0000e+00
    120.000     5.1798    34.9469     5.1704    27.6132 5.6010e-02        934 0.0000e+00
    121.000     5.1763    34.9471     5.1668    27.6137 5.0277e-02        941 0.0000e+00
    122.000     5.1712    34.9468     5.1615    27.6141 4.8888e-02        948 0.0000e+00
    123.000     5.1645    34.9466     5.1548    27.6148 5.2936e-02        960 0.0000e+00
    124.000     5.1553    34.9459     5.1455    27.6153 3.9300e-02        968 0.0000e+00
    125.000     5.1479    34.9453     5.1380    27.6157 3.6550e-02        973 0.0000e+00
    126.000     5.1328    34.9447     5.1228    27.6171 4.4691e-02        988 0.0000e+00
    127.000     5.1237    34.9439     5.1137    27.6175 4.4768e-02       1006 0.0000e+00
    128.000     5.1221    34.9436     5.1120    27.6175 3.9833e-02       1010 0.0000e+00
    129.000     5.1197    34.9433     5.1096    27.6175 3.6556e-02       1015 0.0000e+00
    130.000     5.1179    34.9434     5.1076    27.6178 3.9803e-02       1019 0.0000e+00
    131.000     5.1164    34.9437     5.1061    27.6182 3.8673e-02       1023 0.0000e+00
    132.000     5.1107    34.9436     5.1003    27.6189 3.6495e-02       1030 0.0000e+00
    133.000     5.1065    34.9437     5.0961    27.6194 4.9459e-02       1036 0.0000e+00
    134.000     5.1019    34.9433     5.0913    27.6196 3.8828e-02       1041 0.0000e+00
    135.000     5.0939    34.9430     5.0833    27.6204 3.2959e-02       1049 0.0000e+00
    136.000     5.0901    34.9430     5.0794    27.6208 3.5362e-02       1058 0.0000e+00
    137.000     5.0876    34.9432     5.0769    27.6213 4.9965e-02       1065 0.0000e+00
    138.000     5.0790    34.9430     5.0682    27.6221 3.6802e-02       1070 0.0000e+00
    139.000     5.0734    34.9429     5.0625    27.6228 3.8241e-02       1077 0.0000e+00
    140.000     5.0680    34.9426     5.0571    27.6231 3.7980e-02       1085 0.0000e+00
    141.000     5.0646    34.9425     5.0535    27.6234 3.6650e-02       1092 0.0000e+00
    142.000     5.0636    34.9422     5.0525    27.6233 3.6630e-02       1098 0.0000e+00
    143.000     5.0609    34.9428     5.0497    27.6241 4.0035e-02       1102 0.0000e+00
    144.000     5.0571    34.9422     5.0459    27.6241 3.6358e-02       1106 0.0000e+00
    145.000     5.0472    34.9421     5.0359    27.6252 3.9807e-02       1110 0.0000e+00
    146.000     5.0431    34.9421     5.0317    27.6257 3.9683e-02       1113 0.0000e+00
    147.000     5.0356    34.9426     5.0241    27.6270 4.3640e-02       1132 0.0000e+00
    148.000     5.0358    34.9423     5.0242    27.6267 3.8721e-02       1146 0.0000e+00
    149.000     5.0333    34.9422     5.0217    27.6269 4.6328e-02       1150 0.0000e+00
    150.000     5.0281    34.9419     5.0164    27.6273 3.6653e-02       1154 0.0000e+00
    151.000     5.0252    34.9418     5.0135    27.6276 3.9984e-02       1158 0.0000e+00
    152.000     5.0243    34.9415     5.0124    27.6275 3.6471e-02       1162 0.0000e+00
    153.000     5.0218    34.9415     5.0099    27.6278 4.2902e-02       1166 0.0000e+00
    154.000     5.0203    34.9417     5.0083    27.6281 3.6503e-02       1170 0.0000e+00
    155.000     5.0168    34.9411     5.0047    27.6281 3.9812e-02       1174 0.0000e+00
    156.000     5.0081    34.9412     4.9959    27.6291 4.7300e-02       1185 0.0000e+00
    157.000     5.0051    34.9407     4.9928    27.6292 3.9858e-02       1199 0.0000e+00
    158.000     5.0027    34.9406     4.9904    27.6293 4.1492e-02       1205 0.0000e+00
    159.000     5.0013    34.9406     4.9889    27.6296 3.6797e-02       1209 0.0000e+00
    160.000     5.0006    34.9407     4.9882    27.6297 3.9588e-02       1213 0.0000e+00
    161.000     4.9991    34.9406     4.9865    27.6298 3.9683e-02       1217 0.0000e+00
    162.000     4.9975    34.9408     4.9848    27.6301 3.9683e-02       1221 0.0000e+00
    163.000     4.9978    34.9415     4.9851    27.6307 3.6685e-02       1225 0.0000e+00
    164.000     4.9966    34.9415     4.9838    27.6308 2.9837e-02       1241 0.0000e+00
    165.000     4.9967    34.9414     4.9839    27.6308 3.6782e-02       1258 0.0000e+00
    166.000     4.9962    34.9412     4.9832    27.6307 2.7060e-02       1262 0.0000e+00
    167.000     4.9963    34.9414     4.9832    27.6308 3.3747e-02       1266 0.0000e+00
    168.000     5.0018    34.9426     4.9887    27.6311 3.0521e-02       1270 0.0000e+00
    169.000     5.0113    34.9442     4.9980    27.6313 2.4473e-02       1273 0.0000e+00
    170.000     5.0054    34.9431     4.9921    27.6311 3.1256e-02       1278 0.0000e+00
    171.000     5.0018    34.9438     4.9885    27.6321 2.4352e-02       1284 0.0000e+00
    172.000     5.0113    34.9454     4.9978    27.6323 2.4420e-02       1290 0.0000e+00
    173.000     5.0044    34.9452     4.9909    27.6329 2.6833e-02       1302 0.0000e+00
    174.000     4.9983    34.9446     4.9848    27.6331 2.4263e-02       1313 0.0000e+00
    175.000     4.9883    34.9435     4.9747    27.6334 2.4420e-02       1318 0.0000e+00
    176.000     4.9784    34.9428     4.9647    27.6341 2.7722e-02       1322 0.0000e+00
    177.000     4.9775    34.9429     4.9637    27.6343 2.4181e-02       1326 0.0000e+00
    178.000     4.9803    34.9435     4.9665    27.6344 2.4420e-02       1330 0.0000e+00
    179.000     4.9769    34.9429     4.9629    27.6343 2.4420e-02       1334 0.0000e+00
    180.000     4.9718    34.9430     4.9578    27.6351 2.5621e-02       1348 0.0000e+00
    181.000     4.9641    34.9420     4.9500    27.6351 2.9399e-02       1362 0.0000e+00
    182.000     4.9625    34.9419     4.9483    27.6352 3.6621e-02       1366 0.0000e+00
