Data/Raw HPLC Argo/lovbio072c/CTD/somba2014_som_leg2_001.cnv
* Sea-Bird SBE 9 Data File:
* FileName = C:\CTD\Work\raw\somba2014_ge_leg2_001.hdr
* Software Version Seasave V 7.21d
* Temperature SN = 1378
* Conductivity SN = 2929
* Number of Bytes Per Scan = 41
* Number of Voltage Words = 4
* Number of Scans Averaged by the Deck Unit = 1
* NMEA Latitude = 37 59.92 N
* NMEA Longitude = 006 30.16 E
* NMEA UTC (Time) = Aug 22 2014  05:33:38
* NMEA baud rate = 4800
** Cruise: SOMBA2014
** Station: 2_001
** Operator:
# nquan = 10
# nvalues = 2876                        
# units = specified
# name 0 = prDM: Pressure, Digiquartz [db]
# name 1 = t090C: Temperature [ITS-90, deg C]
# name 2 = flC: Fluorescence, Chelsea Aqua 3 Chl Con [ug/l]
# name 3 = CStarTr0: Beam Transmission, WET Labs C-Star [%]
# name 4 = potemp090C: Potential Temperature [ITS-90, deg C]
# name 5 = sal00: Salinity, Practical [PSU]
# name 6 = sigma-é00: Density [sigma-theta, Kg/m^3]
# name 7 = sbeox0Mm/Kg: Oxygen, SBE 43 [umol/Kg]
# name 8 = sbeox0ML/L: Oxygen, SBE 43 [ml/l]
# name 9 = flag:
# span 0 =      1.000,   2876.000       
# span 1 =    13.0956,    25.9344       
# span 2 =    -0.0133,     0.1825       
# span 3 =    86.5768,    88.6802       
# span 4 =    12.8976,    25.9339       
# span 5 =    37.0948,    38.5766       
# span 6 =    24.7772,    29.1169       
# span 7 =    158.106,    256.013       
# span 8 =    3.64400,    5.89507       
# span 9 = 0.0000e+00, 0.0000e+00       
# interval = decibars: 1                
# start_time = Aug 22 2014 05:33:38 [NMEA time, first data scan]
# bad_flag = -9.990e-29
*END*
[from data line 1442]
   1443.000    13.1176    -0.0112    88.6627    12.9026    38.4727    29.1065    178.867    4.12222 0.0000e+00
   1444.000    13.1177    -0.0104    88.6627    12.9026    38.4728    29.1065    178.801    4.12070 0.0000e+00
   1445.000    13.1179    -0.0104    88.6627    12.9026    38.4729    29.1066    178.861    4.12209 0.0000e+00
   1446.000    13.1180    -0.0100    88.6627    12.9025    38.4728    29.1065    178.964    4.12448 0.0000e+00
   1447.000    13.1181    -0.0102    88.6627    12.9024    38.4730    29.1067    178.999    4.12529 0.0000e+00
   1448.000    13.1182    -0.0096    88.6627    12.9024    38.4730    29.1067    179.065    4.12679 0.0000e+00
   1449.000    13.1184    -0.0105    88.6656    12.9024    38.4729    29.1067    178.968    4.12456 0.0000e+00
   1450.000    13.1186    -0.0112    88.6617    12.9025    38.4729    29.1066    178.984    4.12492 0.0000e+00
   1451.000    13.1187    -0.0103    88.6604    12.9025    38.4729    29.1067    178.998    4.12525 0.0000e+00
   1452.000    13.1189    -0.0103    88.6646    12.9024    38.4729    29.1067    178.952    4.12418 0.0000e+00
   1453.000    13.1189    -0.0099    88.6685    12.9023    38.4730    29.1068    178.854    4.12194 0.0000e+00
   1454.000    13.1191    -0.0105    88.6627    12.9024    38.4731    29.1068    178.982    4.12488 0.0000e+00
   1455.000    13.1194    -0.0089    88.6627    12.9025    38.4730    29.1067    179.085    4.12725 0.0000e+00
   1456.000    13.1196    -0.0086    88.6627    12.9025    38.4729    29.1066    179.128    4.12824 0.0000e+00
   1457.000    13.1195    -0.0102    88.6627    12.9023    38.4730    29.1068    179.081    4.12717 0.0000e+00
   1458.000    13.1198    -0.0113    88.6627    12.9024    38.4729    29.1067    178.991    4.12509 0.0000e+00
   1459.000    13.1199    -0.0112    88.6639    12.9024    38.4729    29.1067    179.066    4.12682 0.0000e+00
   1460.000    13.1200    -0.0095    88.6761    12.9024    38.4730    29.1067    179.159    4.12895 0.0000e+00
   1461.000    13.1202    -0.0103    88.6660    12.9024    38.4730    29.1067    179.097    4.12753 0.0000e+00
   1462.000    13.1205    -0.0107    88.6654    12.9025    38.4729    29.1066    179.001    4.12532 0.0000e+00
   1463.000    13.1204    -0.0118    88.6662    12.9023    38.4731    29.1069    179.000    4.12531 0.0000e+00
   1464.000    13.1207    -0.0118    88.6630    12.9024    38.4729    29.1067    178.987    4.12500 0.0000e+00
   1465.000    13.1207    -0.0101    88.6627    12.9023    38.4731    29.1068 -9.990e-29 -9.990e-29 0.0000e+00
   1466.000    13.1211    -0.0088    88.6627    12.9025    38.4730    29.1067 -9.990e-29 -9.990e-29 0.0000e+00
   1467.000    13.1214    -0.0092    88.6627    12.9026    38.4732    29.1068 -9.990e-29 -9.990e-29 0.0000e+00
   1468.000    13.1215    -0.0095    88.6627    12.9026    38.4730    29.1067 -9.990e-29 -9.990e-29 0.0000e+00
   1469.000    13.1215    -0.0089    88.6627    12.9024    38.4731    29.1068    178.995    4.12518 0.0000e+00
   1470.000    13.1217    -0.0103    88.6627    12.9025    38.4730    29.1067    179.015    4.12565 0.0000e+00
   1471.000    13.1216    -0.0096    88.6627    12.9021    38.4733    29.1070    179.206    4.13006 0.0000e+00
   1472.000    13.1219    -0.0105    88.6627    12.9023    38.4732    29.1069    179.120    4.12807 0.0000e+00
   1473.000    13.1222    -0.0116    88.6627    12.9025    38.4730    29.1067    179.183    4.12951 0.0000e+00
   1474.000    13.1222    -0.0106    88.6627    12.9024    38.4732    29.1069    179.388    4.13424 0.0000e+00
   1475.000    13.1224    -0.0097    88.6627    12.9024    38.4730    29.1068    179.339    4.13312 0.0000e+00
   1476.000    13.1225    -0.0103    88.6627    12.9023    38.4730    29.1068    179.128    4.12825 0.0000e+00
   1477.000    13.1226    -0.0107    88.6688    12.9023    38.4730    29.1068    179.174    4.12932 0.0000e+00
   1478.000    13.1227    -0.0111    88.6712    12.9022    38.4731    29.1069    179.275    4.13165 0.0000e+00
   1479.000    13.1230    -0.0105    88.6704    12.9024    38.4731    29.1068 -9.990e-29 -9.990e-29 0.0000e+00
   1480.000    13.1232    -0.0107    88.6627    12.9023    38.4733    29.1070 -9.990e-29 -9.990e-29 0.0000e+00
   1481.000    13.1233    -0.0117    88.6627    12.9023    38.4733    29.1070 -9.990e-29 -9.990e-29 0.0000e+00
   1482.000    13.1234    -0.0123    88.6627    12.9022    38.4733    29.1070 -9.990e-29 -9.990e-29 0.0000e+00
   1483.000    13.1234    -0.0123    88.6628    12.9021    38.4732    29.1070    179.353    4.13344 0.0000e+00
   1484.000    13.1236    -0.0113    88.6802    12.9021    38.4731    29.1069    179.358    4.13355 0.0000e+00
   1485.000    13.1237    -0.0122    88.6653    12.9021    38.4732    29.1069    179.290    4.13199 0.0000e+00
   1486.000    13.1241    -0.0110    88.6623    12.9023    38.4732    29.1069    179.156    4.12890 0.0000e+00
   1487.000    13.1242    -0.0113    88.6627    12.9023    38.4732    29.1069    179.178    4.12941 0.0000e+00
   1488.000    13.1243    -0.0112    88.6627    12.9022    38.4732    29.1069 -9.990e-29 -9.990e-29 0.0000e+00
   1489.000    13.1242    -0.0092    88.6627    12.9020    38.4733    29.1070 -9.990e-29 -9.990e-29 0.0000e+00
   1490.000    13.1245    -0.0104    88.6627    12.9021    38.4732    29.1070 -9.990e-29 -9.990e-29 0.0000e+00
   1491.000    13.1246    -0.0101    88.6627    12.9020    38.4732    29.1070 -9.990e-29 -9.990e-29 0.0000e+00
   1492.000    13.1247    -0.0107    88.6627    12.9020    38.4733    29.1070    179.351    4.13340 0.0000e+00
   1493.000    13.1250    -0.0099    88.6627    12.9021    38.4733    29.1070    179.196    4.12982 0.0000e+00
   1494.000    13.1253    -0.0101    88.6627    12.9023    38.4733    29.1070    179.232    4.13065 0.0000e+00
   1495.000    13.1253    -0.0102    88.6628    12.9022    38.4734    29.1070    179.341    4.13316 0.0000e+00
   1496.000    13.1254    -0.0106    88.6636    12.9020    38.4734    29.1071    179.341    4.13318 0.0000e+00
   1497.000    13.1254    -0.0110    88.6618    12.9019    38.4733    29.1070    179.287    4.13192 0.0000e+00
   1498.000    13.1257    -0.0086    88.6599    12.9020    38.4732    29.1070    179.277    4.13169 0.0000e+00
   1499.000    13.1258    -0.0080    88.6739    12.9020    38.4733    29.1070    179.405    4.13463 0.0000e+00
   1500.000    13.1260    -0.0087    88.6627    12.9020    38.4734    29.1071    179.426    4.13512 0.0000e+00
   1501.000    13.1263    -0.0094    88.6627    12.9021    38.4733    29.1070    179.502    4.13688 0.0000e+00
   1502.000    13.1264    -0.0102    88.6627    12.9021    38.4734    29.1071 -9.990e-29 -9.990e-29 0.0000e+00
   1503.000    13.1265    -0.0108    88.6627    12.9020    38.4733    29.1070 -9.990e-29 -9.990e-29 0.0000e+00
   1504.000    13.1266    -0.0112    88.6627    12.9019    38.4732    29.1070 -9.990e-29 -9.990e-29 0.0000e+00
   1505.000    13.1267    -0.0105    88.6627    12.9019    38.4733    29.1071 -9.990e-29 -9.990e-29 0.0000e+00
   1506.000    13.1269    -0.0099    88.6627    12.9020    38.4734    29.1071    179.533    4.13760 0.0000e+00
   1507.000    13.1270    -0.0100    88.6627    12.9019    38.4736    29.1073    179.635    4.13995 0.0000e+00
   1508.000    13.1272    -0.0103    88.6627    12.9019    38.4735    29.1072    179.629    4.13980 0.0000e+00
   1509.000    13.1273    -0.0121    88.6627    12.9019    38.4735    29.1073    179.516    4.13720 0.0000e+00
   1510.000    13.1274    -0.0122    88.6680    12.9018    38.4735    29.1072    179.532    4.13756 0.0000e+00
   1511.000    13.1275    -0.0106    88.6676    12.9018    38.4734    29.1072    179.466    4.13605 0.0000e+00
   1512.000    13.1277    -0.0092    88.6723    12.9018    38.4736    29.1073    179.454    4.13577 0.0000e+00
   1513.000    13.1279    -0.0113    88.6663    12.9018    38.4735    29.1072    179.520    4.13730 0.0000e+00
   1514.000    13.1280    -0.0113    88.6635    12.9018    38.4734    29.1072    179.495    4.13671 0.0000e+00
   1515.000    13.1281    -0.0112    88.6630    12.9017    38.4734    29.1072    179.562    4.13827 0.0000e+00
   1516.000    13.1281    -0.0100    88.6721    12.9016    38.4734    29.1072    179.498    4.13680 0.0000e+00
   1517.000    13.1282    -0.0113    88.6757    12.9015    38.4734    29.1072    179.439    4.13543 0.0000e+00
   1518.000    13.1285    -0.0113    88.6679    12.9017    38.4734    29.1072    179.570    4.13844 0.0000e+00
   1519.000    13.1286    -0.0103    88.6631    12.9016    38.4736    29.1073    179.583    4.13876 0.0000e+00
   1520.000    13.1288    -0.0105    88.6636    12.9016    38.4735    29.1073    179.560    4.13822 0.0000e+00
   1521.000    13.1289    -0.0102    88.6689    12.9016    38.4736    29.1074    179.622    4.13965 0.0000e+00
   1522.000    13.1291    -0.0093    88.6737    12.9017    38.4733    29.1071    179.625    4.13970 0.0000e+00
   1523.000    13.1292    -0.0107    88.6699    12.9016    38.4735    29.1073    179.583    4.13875 0.0000e+00
   1524.000    13.1294    -0.0122    88.6628    12.9016    38.4735    29.1073    179.626    4.13975 0.0000e+00
   1525.000    13.1296    -0.0123    88.6627    12.9016    38.4735    29.1073    179.551    4.13801 0.0000e+00
   1526.000    13.1300    -0.0112    88.6627    12.9019    38.4734    29.1071    179.436    4.13535 0.0000e+00
   1527.000    13.1300    -0.0101    88.6627    12.9018    38.4736    29.1073    179.531    4.13755 0.0000e+00
   1528.000    13.1302    -0.0099    88.6631    12.9018    38.4736    29.1073    179.538    4.13771 0.0000e+00
   1529.000    13.1304    -0.0090    88.6647    12.9018    38.4736    29.1073    179.549    4.13796 0.0000e+00
   1530.000    13.1304    -0.0095    88.6630    12.9017    38.4735    29.1073    179.490    4.13661 0.0000e+00
   1531.000    13.1306    -0.0083    88.6375    12.9017    38.4735    29.1073    179.459    4.13588 0.0000e+00
   1532.000    13.1308    -0.0085    88.6721    12.9017    38.4735    29.1073    179.559    4.13821 0.0000e+00
   1533.000    13.1310    -0.0087    88.6626    12.9019    38.4736    29.1073    179.597    4.13908 0.0000e+00
   1534.000    13.1312    -0.0099    88.6627    12.9019    38.4736    29.1073    179.675    4.14087 0.0000e+00
   1535.000    13.1313    -0.0087    88.6627    12.9018    38.4736    29.1073 -9.990e-29 -9.990e-29 0.0000e+00
   1536.000    13.1314    -0.0091    88.6627    12.9018    38.4736    29.1073 -9.990e-29 -9.990e-29 0.0000e+00
   1537.000    13.1314    -0.0102    88.6627    12.9016    38.4737    29.1074 -9.990e-29 -9.990e-29 0.0000e+00
   1538.000    13.1315    -0.0101    88.6627    12.9015    38.4737    29.1075    179.703    4.14152 0.0000e+00
   1539.000    13.1319    -0.0099    88.6627    12.9017    38.4736    29.1074    179.722    4.14196 0.0000e+00
   1540.000    13.1322    -0.0100    88.6627    12.9019    38.4736    29.1073    179.758    4.14279 0.0000e+00
   1541.000    13.1324    -0.0096    88.6627    12.9019    38.4737    29.1074    179.782    4.14334 0.0000e+00
   1542.000    13.1324    -0.0090    88.6627    12.9017    38.4736    29.1074    179.793    4.14358 0.0000e+00
   1543.000    13.1323    -0.0095    88.6627    12.9015    38.4737    29.1074    179.764    4.14292 0.0000e+00
   1544.000    13.1324    -0.0115    88.6627    12.9015    38.4736    29.1074    179.641    4.14010 0.0000e+00
   1545.000    13.1325    -0.0112    88.6627    12.9015    38.4737    29.1075    179.759    4.14281 0.0000e+00
   1546.000    13.1328    -0.0103    88.6627    12.9015    38.4738    29.1075    179.768    4.14302 0.0000e+00
   1547.000    13.1329    -0.0103    88.6627    12.9015    38.4738    29.1075    179.679    4.14098 0.0000e+00
   1548.000    13.1333    -0.0102    88.6627    12.9017    38.4738    29.1075    179.621    4.13963 0.0000e+00
   1549.000    13.1333    -0.0110    88.6627    12.9016    38.4737    29.1074    179.701    4.14148 0.0000e+00
   1550.000    13.1334    -0.0108    88.6627    12.9015    38.4736    29.1074    179.784    4.14338 0.0000e+00
   1551.000    13.1334    -0.0099    88.6627    12.9014    38.4736    29.1074    179.687    4.14115 0.0000e+00
   1552.000    13.1337    -0.0109    88.6627    12.9015    38.4736    29.1074    179.682    4.14105 0.0000e+00
   1553.000    13.1339    -0.0114    88.6627    12.9015    38.4737    29.1075    179.765    4.14295 0.0000e+00
   1554.000    13.1340    -0.0115    88.6627    12.9015    38.4738    29.1075 -9.990e-29 -9.990e-29 0.0000e+00
   1555.000    13.1340    -0.0106    88.6627    12.9013    38.4738    29.1076 -9.990e-29 -9.990e-29 0.0000e+00
   1556.000    13.1341    -0.0099    88.6627    12.9013    38.4739    29.1077 -9.990e-29 -9.990e-29 0.0000e+00
   1557.000    13.1344    -0.0104    88.6627    12.9014    38.4739    29.1077 -9.990e-29 -9.990e-29 0.0000e+00
   1558.000    13.1346    -0.0099    88.6627    12.9015    38.4739    29.1076    179.890    4.14584 0.0000e+00
   1559.000    13.1347    -0.0090    88.6627    12.9014    38.4739    29.1076    179.884    4.14570 0.0000e+00
   1560.000    13.1348    -0.0093    88.6627    12.9014    38.4740    29.1077    179.952    4.14726 0.0000e+00
   1561.000    13.1352    -0.0087    88.6627    12.9015    38.4739    29.1076    179.915    4.14640 0.0000e+00
   1562.000    13.1353    -0.0091    88.6627    12.9015    38.4740    29.1077    179.890    4.14584 0.0000e+00
   1563.000    13.1357    -0.0086    88.6627    12.9017    38.4740    29.1077    179.766    4.14297 0.0000e+00
   1564.000    13.1360    -0.0076    88.6627    12.9018    38.4740    29.1077    179.919    4.14649 0.0000e+00
   1565.000    13.1362    -0.0080    88.6627    12.9019    38.4740    29.1076    180.012    4.14865 0.0000e+00
   1566.000    13.1362    -0.0083    88.6627    12.9017    38.4740    29.1077    180.117    4.15107 0.0000e+00
   1567.000    13.1363    -0.0096    88.6627    12.9017    38.4741    29.1077    179.980    4.14790 0.0000e+00
   1568.000    13.1364    -0.0100    88.6627    12.9017    38.4742    29.1078    179.953    4.14729 0.0000e+00
   1569.000    13.1367    -0.0095    88.6627    12.9018    38.4741    29.1077    179.929    4.14674 0.0000e+00
   1570.000    13.1369    -0.0098    88.6623    12.9018    38.4742    29.1078    179.958    4.14741 0.0000e+00
   1571.000    13.1370    -0.0089    88.6502    12.9018    38.4742    29.1078    179.927    4.14668 0.0000e+00
   1572.000    13.1371    -0.0090    88.6602    12.9017    38.4741    29.1077 -9.990e-29 -9.990e-29 0.0000e+00
   1573.000    13.1373    -0.0108    88.6586    12.9017    38.4741    29.1077 -9.990e-29 -9.990e-29 0.0000e+00
   1574.000    13.1374    -0.0118    88.6563    12.9017    38.4741    29.1077 -9.990e-29 -9.990e-29 0.0000e+00
   1575.000    13.1376    -0.0116    88.6628    12.9018    38.4742    29.1078 -9.990e-29 -9.990e-29 0.0000e+00
   1576.000    13.1378    -0.0116    88.6627    12.9018    38.4741    29.1077    179.846    4.14483 0.0000e+00
   1577.000    13.1379    -0.0111    88.6627    12.9018    38.4743    29.1079    179.831    4.14447 0.0000e+00
   1578.000    13.1382    -0.0107    88.6627    12.9018    38.4742    29.1078    179.791    4.14355 0.0000e+00
   1579.000    13.1383    -0.0109    88.6578    12.9018    38.4742    29.1078    179.773    4.14313 0.0000e+00
   1580.000    13.1384    -0.0097    88.6611    12.9017    38.4743    29.1079    180.024    4.14892 0.0000e+00
   1581.000    13.1386    -0.0098    88.6561    12.9018    38.4743    29.1078    180.088    4.15041 0.0000e+00
   1582.000    13.1388    -0.0101    88.6626    12.9018    38.4743    29.1079    180.047    4.14945 0.0000e+00
   1583.000    13.1389    -0.0100    88.6528    12.9018    38.4743    29.1079    180.074    4.15008 0.0000e+00
   1584.000    13.1391    -0.0103    88.6629    12.9018    38.4742    29.1078    180.084    4.15030 0.0000e+00
   1585.000    13.1394    -0.0100    88.6627    12.9019    38.4744    29.1079    180.098    4.15063 0.0000e+00
