Data/Raw HPLC Argo/lovbio072c/CTD/somba2014_som_leg2_001.cnv
* Sea-Bird SBE 9 Data File:
* FileName = C:\CTD\Work\raw\somba2014_ge_leg2_001.hdr
* Software Version Seasave V 7.21d
* Temperature SN = 1378
* Conductivity SN = 2929
* Number of Bytes Per Scan = 41
* Number of Voltage Words = 4
* Number of Scans Averaged by the Deck Unit = 1
* NMEA Latitude = 37 59.92 N
* NMEA Longitude = 006 30.16 E
* NMEA UTC (Time) = Aug 22 2014  05:33:38
* NMEA baud rate = 4800
** Cruise: SOMBA2014
** Station: 2_001
** Operator:
# nquan = 10
# nvalues = 2876                        
# units = specified
# name 0 = prDM: Pressure, Digiquartz [db]
# name 1 = t090C: Temperature [ITS-90, deg C]
# name 2 = flC: Fluorescence, Chelsea Aqua 3 Chl Con [ug/l]
# name 3 = CStarTr0: Beam Transmission, WET Labs C-Star [%]
# name 4 = potemp090C: Potential Temperature [ITS-90, deg C]
# name 5 = sal00: Salinity, Practical [PSU]
# name 6 = sigma-é00: Density [sigma-theta, Kg/m^3]
# name 7 = sbeox0Mm/Kg: Oxygen, SBE 43 [umol/Kg]
# name 8 = sbeox0ML/L: Oxygen, SBE 43 [ml/l]
# name 9 = flag:
# span 0 =      1.000,   2876.000       
# span 1 =    13.0956,    25.9344       
# span 2 =    -0.0133,     0.1825       
# span 3 =    86.5768,    88.6802       
# span 4 =    12.8976,    25.9339       
# span 5 =    37.0948,    38.5766       
# span 6 =    24.7772,    29.1169       
# span 7 =    158.106,    256.013       
# span 8 =    3.64400,    5.89507       
# span 9 = 0.0000e+00, 0.0000e+00       
# interval = decibars: 1                
# start_time = Aug 22 2014 05:33:38 [NMEA time, first data scan]
# bad_flag = -9.990e-29
*END*
[from data line 1298]
   1299.000    13.1044    -0.0116    88.6627    12.9118    38.4740    29.1056    176.555    4.06894 0.0000e+00
   1300.000    13.1043    -0.0115    88.6627    12.9116    38.4740    29.1056 -9.990e-29 -9.990e-29 0.0000e+00
   1301.000    13.1046    -0.0106    88.6627    12.9117    38.4739    29.1055 -9.990e-29 -9.990e-29 0.0000e+00
   1302.000    13.1047    -0.0120    88.6627    12.9116    38.4739    29.1055 -9.990e-29 -9.990e-29 0.0000e+00
   1303.000    13.1047    -0.0111    88.6627    12.9116    38.4739    29.1056    176.708    4.07246 0.0000e+00
   1304.000    13.1049    -0.0105    88.6627    12.9116    38.4739    29.1056    176.813    4.07488 0.0000e+00
   1305.000    13.1051    -0.0093    88.6627    12.9116    38.4741    29.1057    176.985    4.07883 0.0000e+00
   1306.000    13.1052    -0.0089    88.6627    12.9115    38.4739    29.1055    177.020    4.07965 0.0000e+00
   1307.000    13.1051    -0.0094    88.6627    12.9113    38.4740    29.1057    176.990    4.07896 0.0000e+00
   1308.000    13.1052    -0.0107    88.6627    12.9112    38.4738    29.1055    176.865    4.07608 0.0000e+00
   1309.000    13.1054    -0.0102    88.6627    12.9113    38.4738    29.1055    176.945    4.07793 0.0000e+00
   1310.000    13.1052    -0.0109    88.6627    12.9109    38.4737    29.1055    177.043    4.08018 0.0000e+00
   1311.000    13.1052    -0.0113    88.6627    12.9108    38.4737    29.1055    177.110    4.08173 0.0000e+00
   1312.000    13.1051    -0.0113    88.6627    12.9105    38.4737    29.1056    177.133    4.08224 0.0000e+00
   1313.000    13.1050    -0.0113    88.6627    12.9103    38.4737    29.1056    177.077    4.08097 0.0000e+00
   1314.000    13.1048    -0.0103    88.6627    12.9100    38.4734    29.1055    177.077    4.08095 0.0000e+00
   1315.000    13.1045    -0.0099    88.6627    12.9095    38.4735    29.1057    177.080    4.08104 0.0000e+00
   1316.000    13.1046    -0.0098    88.6627    12.9094    38.4734    29.1056    177.183    4.08340 0.0000e+00
   1317.000    13.1047    -0.0105    88.6627    12.9094    38.4734    29.1056    177.194    4.08365 0.0000e+00
   1318.000    13.1047    -0.0084    88.6627    12.9092    38.4733    29.1056 -9.990e-29 -9.990e-29 0.0000e+00
   1319.000    13.1047    -0.0092    88.6627    12.9091    38.4733    29.1056 -9.990e-29 -9.990e-29 0.0000e+00
   1320.000    13.1045    -0.0107    88.6627    12.9087    38.4733    29.1057 -9.990e-29 -9.990e-29 0.0000e+00
   1321.000    13.1045    -0.0110    88.6471    12.9085    38.4733    29.1057 -9.990e-29 -9.990e-29 0.0000e+00
   1322.000    13.1047    -0.0114    88.6639    12.9086    38.4733    29.1057    177.307    4.08626 0.0000e+00
   1323.000    13.1049    -0.0114    88.6639    12.9087    38.4732    29.1056    177.179    4.08332 0.0000e+00
   1324.000    13.1049    -0.0106    88.6614    12.9085    38.4732    29.1056    177.118    4.08191 0.0000e+00
   1325.000    13.1051    -0.0106    88.6627    12.9086    38.4732    29.1056    177.193    4.08364 0.0000e+00
   1326.000    13.1052    -0.0111    88.6627    12.9084    38.4733    29.1057    177.153    4.08273 0.0000e+00
   1327.000    13.1052    -0.0096    88.6627    12.9083    38.4733    29.1057    177.202    4.08385 0.0000e+00
   1328.000    13.1053    -0.0108    88.6627    12.9083    38.4732    29.1057 -9.990e-29 -9.990e-29 0.0000e+00
   1329.000    13.1054    -0.0107    88.6627    12.9083    38.4730    29.1055 -9.990e-29 -9.990e-29 0.0000e+00
   1330.000    13.1056    -0.0100    88.6627    12.9082    38.4731    29.1056 -9.990e-29 -9.990e-29 0.0000e+00
   1331.000    13.1057    -0.0101    88.6627    12.9082    38.4730    29.1055 -9.990e-29 -9.990e-29 0.0000e+00
   1332.000    13.1057    -0.0106    88.6627    12.9080    38.4728    29.1054    177.128    4.08213 0.0000e+00
   1333.000    13.1064    -0.0106    88.6627    12.9086    38.4731    29.1056    177.178    4.08329 0.0000e+00
   1334.000    13.1055    -0.0098    88.6627    12.9075    38.4730    29.1056    177.310    4.08633 0.0000e+00
   1335.000    13.1057    -0.0086    88.6627    12.9076    38.4731    29.1057    177.321    4.08658 0.0000e+00
   1336.000    13.1058    -0.0081    88.6570    12.9075    38.4729    29.1056    177.445    4.08945 0.0000e+00
   1337.000    13.1056    -0.0090    88.6611    12.9072    38.4728    29.1056    177.458    4.08973 0.0000e+00
   1338.000    13.1053    -0.0102    88.6560    12.9067    38.4728    29.1057    177.373    4.08777 0.0000e+00
   1339.000    13.1053    -0.0105    88.6659    12.9065    38.4727    29.1056    177.318    4.08652 0.0000e+00
   1340.000    13.1053    -0.0100    88.6627    12.9064    38.4728    29.1058    177.398    4.08837 0.0000e+00
   1341.000    13.1054    -0.0101    88.6627    12.9063    38.4727    29.1057    177.448    4.08952 0.0000e+00
   1342.000    13.1057    -0.0106    88.6627    12.9065    38.4726    29.1056    177.459    4.08977 0.0000e+00
   1343.000    13.1057    -0.0109    88.6627    12.9064    38.4727    29.1057    177.494    4.09056 0.0000e+00
   1344.000    13.1057    -0.0105    88.6627    12.9062    38.4728    29.1058    177.526    4.09130 0.0000e+00
   1345.000    13.1057    -0.0102    88.6627    12.9061    38.4726    29.1057    177.561    4.09212 0.0000e+00
   1346.000    13.1057    -0.0098    88.6627    12.9059    38.4727    29.1058    177.601    4.09303 0.0000e+00
   1347.000    13.1059    -0.0094    88.6627    12.9059    38.4726    29.1057    177.668    4.09459 0.0000e+00
   1348.000    13.1058    -0.0092    88.6627    12.9057    38.4727    29.1058    177.760    4.09671 0.0000e+00
   1349.000    13.1058    -0.0115    88.6627    12.9056    38.4725    29.1057    177.805    4.09774 0.0000e+00
   1350.000    13.1058    -0.0119    88.6627    12.9054    38.4726    29.1058    177.769    4.09691 0.0000e+00
   1351.000    13.1058    -0.0103    88.6627    12.9052    38.4725    29.1058    177.733    4.09607 0.0000e+00
   1352.000    13.1060    -0.0092    88.6627    12.9052    38.4725    29.1058    177.799    4.09760 0.0000e+00
   1353.000    13.1064    -0.0103    88.6627    12.9055    38.4727    29.1058    177.849    4.09877 0.0000e+00
   1354.000    13.1067    -0.0113    88.6627    12.9056    38.4728    29.1059    177.911    4.10019 0.0000e+00
   1355.000    13.1068    -0.0106    88.6627    12.9056    38.4727    29.1058    177.804    4.09771 0.0000e+00
   1356.000    13.1069    -0.0111    88.6627    12.9055    38.4727    29.1058    177.731    4.09603 0.0000e+00
   1357.000    13.1070    -0.0107    88.6627    12.9054    38.4726    29.1058    177.724    4.09587 0.0000e+00
   1358.000    13.1070    -0.0095    88.6627    12.9053    38.4725    29.1057    177.801    4.09765 0.0000e+00
   1359.000    13.1070    -0.0104    88.6627    12.9052    38.4725    29.1058    177.761    4.09673 0.0000e+00
   1360.000    13.1072    -0.0102    88.6627    12.9052    38.4724    29.1057    177.744    4.09633 0.0000e+00
   1361.000    13.1074    -0.0105    88.6627    12.9053    38.4725    29.1058    177.883    4.09955 0.0000e+00
   1362.000    13.1074    -0.0099    88.6627    12.9051    38.4725    29.1058    177.923    4.10047 0.0000e+00
   1363.000    13.1074    -0.0091    88.6649    12.9049    38.4725    29.1058    177.797    4.09755 0.0000e+00
   1364.000    13.1074    -0.0100    88.6684    12.9048    38.4726    29.1059    177.601    4.09305 0.0000e+00
   1365.000    13.1078    -0.0114    88.6737    12.9050    38.4726    29.1059 -9.990e-29 -9.990e-29 0.0000e+00
   1366.000    13.1080    -0.0104    88.6644    12.9050    38.4728    29.1060 -9.990e-29 -9.990e-29 0.0000e+00
   1367.000    13.1082    -0.0100    88.6653    12.9051    38.4726    29.1059 -9.990e-29 -9.990e-29 0.0000e+00
   1368.000    13.1083    -0.0109    88.6628    12.9050    38.4727    29.1059 -9.990e-29 -9.990e-29 0.0000e+00
   1369.000    13.1085    -0.0105    88.6627    12.9051    38.4726    29.1059    177.946    4.10100 0.0000e+00
   1370.000    13.1088    -0.0109    88.6627    12.9052    38.4728    29.1060    177.966    4.10144 0.0000e+00
   1371.000    13.1089    -0.0112    88.6627    12.9052    38.4727    29.1059    177.999    4.10221 0.0000e+00
   1372.000    13.1091    -0.0113    88.6627    12.9052    38.4726    29.1059    178.024    4.10278 0.0000e+00
   1373.000    13.1091    -0.0119    88.6627    12.9051    38.4726    29.1058    178.031    4.10295 0.0000e+00
   1374.000    13.1092    -0.0105    88.6627    12.9050    38.4727    29.1059    177.960    4.10131 0.0000e+00
   1375.000    13.1093    -0.0098    88.6627    12.9049    38.4726    29.1059    177.952    4.10114 0.0000e+00
   1376.000    13.1094    -0.0102    88.6627    12.9049    38.4726    29.1059    178.158    4.10587 0.0000e+00
   1377.000    13.1095    -0.0108    88.6566    12.9048    38.4725    29.1059    178.206    4.10699 0.0000e+00
   1378.000    13.1094    -0.0106    88.6649    12.9046    38.4725    29.1059    178.168    4.10611 0.0000e+00
   1379.000    13.1092    -0.0104    88.6771    12.9043    38.4725    29.1059 -9.990e-29 -9.990e-29 0.0000e+00
   1380.000    13.1092    -0.0095    88.6665    12.9041    38.4725    29.1060 -9.990e-29 -9.990e-29 0.0000e+00
   1381.000    13.1092    -0.0099    88.6665    12.9039    38.4725    29.1061 -9.990e-29 -9.990e-29 0.0000e+00
   1382.000    13.1091    -0.0096    88.6652    12.9036    38.4725    29.1061    178.254    4.10809 0.0000e+00
   1383.000    13.1091    -0.0096    88.6618    12.9035    38.4725    29.1061    178.276    4.10861 0.0000e+00
   1384.000    13.1091    -0.0104    88.6695    12.9033    38.4725    29.1062    178.313    4.10946 0.0000e+00
   1385.000    13.1093    -0.0105    88.6712    12.9034    38.4725    29.1061    178.322    4.10965 0.0000e+00
   1386.000    13.1095    -0.0112    88.6650    12.9034    38.4726    29.1062    178.344    4.11016 0.0000e+00
   1387.000    13.1097    -0.0111    88.6628    12.9035    38.4723    29.1060    178.371    4.11078 0.0000e+00
   1388.000    13.1098    -0.0103    88.6708    12.9034    38.4725    29.1061    178.418    4.11187 0.0000e+00
   1389.000    13.1100    -0.0101    88.6757    12.9034    38.4724    29.1061    178.325    4.10974 0.0000e+00
   1390.000    13.1100    -0.0092    88.6728    12.9033    38.4726    29.1062    178.149    4.10567 0.0000e+00
   1391.000    13.1103    -0.0104    88.6720    12.9034    38.4725    29.1061    178.242    4.10781 0.0000e+00
   1392.000    13.1103    -0.0095    88.6651    12.9033    38.4726    29.1062    178.280    4.10869 0.0000e+00
   1393.000    13.1105    -0.0081    88.6671    12.9034    38.4725    29.1062    178.339    4.11004 0.0000e+00
   1394.000    13.1107    -0.0088    88.6659    12.9033    38.4725    29.1061    178.408    4.11165 0.0000e+00
   1395.000    13.1107    -0.0097    88.6721    12.9032    38.4725    29.1062    178.278    4.10865 0.0000e+00
   1396.000    13.1110    -0.0108    88.6710    12.9033    38.4725    29.1061    178.189    4.10659 0.0000e+00
   1397.000    13.1110    -0.0106    88.6774    12.9032    38.4725    29.1061 -9.990e-29 -9.990e-29 0.0000e+00
   1398.000    13.1112    -0.0104    88.6720    12.9033    38.4725    29.1061 -9.990e-29 -9.990e-29 0.0000e+00
   1399.000    13.1113    -0.0113    88.6593    12.9032    38.4725    29.1062 -9.990e-29 -9.990e-29 0.0000e+00
   1400.000    13.1114    -0.0112    88.6596    12.9032    38.4725    29.1062    178.406    4.11160 0.0000e+00
   1401.000    13.1115    -0.0101    88.6705    12.9031    38.4726    29.1063    178.417    4.11186 0.0000e+00
   1402.000    13.1117    -0.0106    88.6779    12.9031    38.4726    29.1063    178.439    4.11236 0.0000e+00
   1403.000    13.1118    -0.0115    88.6628    12.9031    38.4726    29.1063    178.478    4.11325 0.0000e+00
   1404.000    13.1120    -0.0089    88.6658    12.9031    38.4726    29.1063    178.488    4.11349 0.0000e+00
   1405.000    13.1121    -0.0075    88.6708    12.9031    38.4726    29.1063    178.474    4.11317 0.0000e+00
   1406.000    13.1123    -0.0087    88.6709    12.9031    38.4726    29.1062    178.454    4.11270 0.0000e+00
   1407.000    13.1124    -0.0105    88.6661    12.9031    38.4727    29.1063    178.443    4.11245 0.0000e+00
   1408.000    13.1126    -0.0102    88.6657    12.9030    38.4725    29.1062    178.464    4.11295 0.0000e+00
   1409.000    13.1128    -0.0105    88.6627    12.9031    38.4726    29.1063    178.619    4.11651 0.0000e+00
   1410.000    13.1130    -0.0115    88.6627    12.9031    38.4726    29.1062    178.684    4.11801 0.0000e+00
   1411.000    13.1131    -0.0118    88.6627    12.9031    38.4726    29.1063    178.598    4.11603 0.0000e+00
   1412.000    13.1131    -0.0114    88.6627    12.9030    38.4725    29.1063    178.621    4.11655 0.0000e+00
   1413.000    13.1133    -0.0112    88.6627    12.9030    38.4727    29.1063    178.531    4.11449 0.0000e+00
   1414.000    13.1134    -0.0104    88.6627    12.9030    38.4728    29.1064    178.444    4.11247 0.0000e+00
   1415.000    13.1136    -0.0112    88.6627    12.9030    38.4728    29.1065    178.560    4.11515 0.0000e+00
   1416.000    13.1138    -0.0109    88.6627    12.9030    38.4728    29.1064    178.574    4.11547 0.0000e+00
   1417.000    13.1139    -0.0108    88.6627    12.9030    38.4727    29.1064    178.573    4.11545 0.0000e+00
   1418.000    13.1141    -0.0114    88.6627    12.9030    38.4726    29.1063    178.639    4.11698 0.0000e+00
   1419.000    13.1142    -0.0103    88.6627    12.9029    38.4726    29.1063    178.789    4.12042 0.0000e+00
   1420.000    13.1144    -0.0094    88.6627    12.9030    38.4726    29.1063 -9.990e-29 -9.990e-29 0.0000e+00
   1421.000    13.1147    -0.0097    88.6627    12.9031    38.4728    29.1064 -9.990e-29 -9.990e-29 0.0000e+00
   1422.000    13.1148    -0.0104    88.6627    12.9031    38.4728    29.1064 -9.990e-29 -9.990e-29 0.0000e+00
   1423.000    13.1149    -0.0105    88.6627    12.9030    38.4727    29.1064 -9.990e-29 -9.990e-29 0.0000e+00
   1424.000    13.1153    -0.0108    88.6633    12.9032    38.4725    29.1062 -9.990e-29 -9.990e-29 0.0000e+00
   1425.000    13.1151    -0.0112    88.6667    12.9030    38.4726    29.1063 -9.990e-29 -9.990e-29 0.0000e+00
   1426.000    13.1153    -0.0103    88.6501    12.9029    38.4727    29.1064 -9.990e-29 -9.990e-29 0.0000e+00
   1427.000    13.1154    -0.0097    88.6628    12.9030    38.4727    29.1064 -9.990e-29 -9.990e-29 0.0000e+00
   1428.000    13.1156    -0.0092    88.6627    12.9029    38.4728    29.1065 -9.990e-29 -9.990e-29 0.0000e+00
   1429.000    13.1157    -0.0113    88.6627    12.9029    38.4728    29.1064 -9.990e-29 -9.990e-29 0.0000e+00
   1430.000    13.1158    -0.0118    88.6627    12.9028    38.4726    29.1063 -9.990e-29 -9.990e-29 0.0000e+00
   1431.000    13.1159    -0.0123    88.6627    12.9027    38.4728    29.1065 -9.990e-29 -9.990e-29 0.0000e+00
   1432.000    13.1160    -0.0116    88.6627    12.9027    38.4727    29.1064    178.866    4.12221 0.0000e+00
   1433.000    13.1162    -0.0106    88.6627    12.9028    38.4728    29.1065    178.882    4.12259 0.0000e+00
   1434.000    13.1163    -0.0099    88.6627    12.9027    38.4729    29.1066    178.915    4.12334 0.0000e+00
   1435.000    13.1163    -0.0110    88.6627    12.9026    38.4728    29.1065    178.951    4.12417 0.0000e+00
   1436.000    13.1164    -0.0110    88.6659    12.9025    38.4728    29.1066    178.953    4.12421 0.0000e+00
   1437.000    13.1166    -0.0117    88.6759    12.9026    38.4728    29.1066    178.971    4.12463 0.0000e+00
   1438.000    13.1167    -0.0110    88.6709    12.9025    38.4728    29.1066    178.866    4.12221 0.0000e+00
   1439.000    13.1169    -0.0111    88.6669    12.9026    38.4729    29.1066    178.889    4.12274 0.0000e+00
   1440.000    13.1172    -0.0113    88.6627    12.9027    38.4728    29.1065    178.929    4.12365 0.0000e+00
   1441.000    13.1173    -0.0109    88.6627    12.9027    38.4729    29.1066    178.850    4.12185 0.0000e+00
