Data/Raw HPLC Argo/lovbio072c/CTD/somba2014_som_leg2_001.cnv
* Sea-Bird SBE 9 Data File:
* FileName = C:\CTD\Work\raw\somba2014_ge_leg2_001.hdr
* Software Version Seasave V 7.21d
* Temperature SN = 1378
* Conductivity SN = 2929
* Number of Bytes Per Scan = 41
* Number of Voltage Words = 4
* Number of Scans Averaged by the Deck Unit = 1
* NMEA Latitude = 37 59.92 N
* NMEA Longitude = 006 30.16 E
* NMEA UTC (Time) = Aug 22 2014  05:33:38
* NMEA baud rate = 4800
** Cruise: SOMBA2014
** Station: 2_001
** Operator:
# nquan = 10
# nvalues = 2876                        
# units = specified
# name 0 = prDM: Pressure, Digiquartz [db]
# name 1 = t090C: Temperature [ITS-90, deg C]
# name 2 = flC: Fluorescence, Chelsea Aqua 3 Chl Con [ug/l]
# name 3 = CStarTr0: Beam Transmission, WET Labs C-Star [%]
# name 4 = potemp090C: Potential Temperature [ITS-90, deg C]
# name 5 = sal00: Salinity, Practical [PSU]
# name 6 = sigma-é00: Density [sigma-theta, Kg/m^3]
# name 7 = sbeox0Mm/Kg: Oxygen, SBE 43 [umol/Kg]
# name 8 = sbeox0ML/L: Oxygen, SBE 43 [ml/l]
# name 9 = flag:
# span 0 =      1.000,   2876.000       
# span 1 =    13.0956,    25.9344       
# span 2 =    -0.0133,     0.1825       
# span 3 =    86.5768,    88.6802       
# span 4 =    12.8976,    25.9339       
# span 5 =    37.0948,    38.5766       
# span 6 =    24.7772,    29.1169       
# span 7 =    158.106,    256.013       
# span 8 =    3.64400,    5.89507       
# span 9 = 0.0000e+00, 0.0000e+00       
# interval = decibars: 1                
# start_time = Aug 22 2014 05:33:38 [NMEA time, first data scan]
# bad_flag = -9.990e-29
*END*
[from data line 1154]
   1155.000    13.1051    -0.0116    88.6392    12.9347    38.4797    29.1052    175.828    4.05218 0.0000e+00
   1156.000    13.1052    -0.0116    88.6431    12.9347    38.4795    29.1051    175.854    4.05278 0.0000e+00
   1157.000    13.1052    -0.0119    88.6543    12.9345    38.4795    29.1052    175.890    4.05360 0.0000e+00
   1158.000    13.1051    -0.0113    88.6478    12.9342    38.4796    29.1052    175.725    4.04980 0.0000e+00
   1159.000    13.1051    -0.0110    88.6601    12.9340    38.4795    29.1052    175.632    4.04766 0.0000e+00
   1160.000    13.1053    -0.0114    88.6454    12.9341    38.4796    29.1053    175.652    4.04812 0.0000e+00
   1161.000    13.1054    -0.0127    88.6556    12.9341    38.4794    29.1051    175.754    4.05047 0.0000e+00
   1162.000    13.1055    -0.0118    88.6396    12.9340    38.4794    29.1051    175.929    4.05450 0.0000e+00
   1163.000    13.1035    -0.0107    88.6572    12.9318    38.4787    29.1051    175.971    4.05546 0.0000e+00
   1164.000    13.1027    -0.0105    88.6602    12.9309    38.4786    29.1052    175.969    4.05542 0.0000e+00
   1165.000    13.1028    -0.0101    88.6474    12.9308    38.4786    29.1052    176.050    4.05729 0.0000e+00
   1166.000    13.1028    -0.0090    88.6572    12.9307    38.4785    29.1051    176.013    4.05644 0.0000e+00
   1167.000    13.1023    -0.0093    88.6627    12.9301    38.4785    29.1053    175.976    4.05557 0.0000e+00
   1168.000    13.1026    -0.0097    88.6487    12.9302    38.4785    29.1053    175.852    4.05271 0.0000e+00
   1169.000    13.1028    -0.0099    88.6520    12.9302    38.4785    29.1053    175.825    4.05210 0.0000e+00
   1170.000    13.1022    -0.0096    88.6629    12.9295    38.4783    29.1052    175.930    4.05453 0.0000e+00
   1171.000    13.1020    -0.0113    88.6627    12.9291    38.4781    29.1052    175.953    4.05505 0.0000e+00
   1172.000    13.1019    -0.0118    88.6627    12.9289    38.4781    29.1052    175.914    4.05416 0.0000e+00
   1173.000    13.1018    -0.0113    88.6627    12.9287    38.4781    29.1052    175.940    4.05474 0.0000e+00
   1174.000    13.1018    -0.0111    88.6627    12.9285    38.4781    29.1053    176.078    4.05793 0.0000e+00
   1175.000    13.1019    -0.0106    88.6627    12.9284    38.4781    29.1053    176.113    4.05873 0.0000e+00
   1176.000    13.1021    -0.0095    88.6627    12.9285    38.4781    29.1053    176.053    4.05736 0.0000e+00
   1177.000    13.1022    -0.0092    88.6627    12.9284    38.4780    29.1053    176.019    4.05657 0.0000e+00
   1178.000    13.1022    -0.0096    88.6627    12.9283    38.4780    29.1053    175.996    4.05605 0.0000e+00
   1179.000    13.1022    -0.0101    88.6627    12.9282    38.4780    29.1053    175.994    4.05600 0.0000e+00
   1180.000    13.1021    -0.0109    88.6627    12.9279    38.4781    29.1054    176.096    4.05836 0.0000e+00
   1181.000    13.1024    -0.0110    88.6627    12.9281    38.4780    29.1053    176.123    4.05896 0.0000e+00
   1182.000    13.1027    -0.0097    88.6627    12.9281    38.4780    29.1053    176.110    4.05867 0.0000e+00
   1183.000    13.1027    -0.0096    88.6627    12.9280    38.4780    29.1053    176.094    4.05831 0.0000e+00
   1184.000    13.1028    -0.0101    88.6627    12.9280    38.4779    29.1053    175.976    4.05558 0.0000e+00
   1185.000    13.1032    -0.0111    88.6627    12.9281    38.4779    29.1052    175.929    4.05449 0.0000e+00
   1186.000    13.1033    -0.0107    88.6627    12.9281    38.4780    29.1053    176.015    4.05648 0.0000e+00
   1187.000    13.1034    -0.0099    88.6627    12.9281    38.4779    29.1052    176.094    4.05831 0.0000e+00
   1188.000    13.1033    -0.0092    88.6627    12.9278    38.4779    29.1052    176.054    4.05739 0.0000e+00
   1189.000    13.1034    -0.0102    88.6627    12.9277    38.4778    29.1052    175.934    4.05462 0.0000e+00
   1190.000    13.1035    -0.0086    88.6627    12.9277    38.4778    29.1053    175.912    4.05412 0.0000e+00
   1191.000    13.1037    -0.0092    88.6627    12.9278    38.4777    29.1052    175.984    4.05576 0.0000e+00
   1192.000    13.1038    -0.0098    88.6627    12.9278    38.4779    29.1053    176.144    4.05946 0.0000e+00
   1193.000    13.1037    -0.0097    88.6627    12.9275    38.4779    29.1054    176.099    4.05842 0.0000e+00
   1194.000    13.1039    -0.0100    88.6627    12.9275    38.4778    29.1052    175.959    4.05520 0.0000e+00
   1195.000    13.1040    -0.0093    88.6627    12.9275    38.4779    29.1054    175.977    4.05562 0.0000e+00
   1196.000    13.1044    -0.0085    88.6612    12.9277    38.4779    29.1053    176.061    4.05754 0.0000e+00
   1197.000    13.1046    -0.0081    88.6556    12.9277    38.4779    29.1053    176.129    4.05912 0.0000e+00
   1198.000    13.1046    -0.0090    88.6572    12.9275    38.4779    29.1053    176.028    4.05679 0.0000e+00
   1199.000    13.1046    -0.0090    88.6615    12.9274    38.4778    29.1053    176.002    4.05618 0.0000e+00
   1200.000    13.1050    -0.0088    88.6591    12.9276    38.4777    29.1051    176.031    4.05685 0.0000e+00
   1201.000    13.1051    -0.0083    88.6534    12.9276    38.4779    29.1053    176.137    4.05928 0.0000e+00
   1202.000    13.1051    -0.0083    88.6625    12.9275    38.4779    29.1053    176.144    4.05945 0.0000e+00
   1203.000    13.1052    -0.0086    88.6627    12.9274    38.4779    29.1054    176.097    4.05837 0.0000e+00
   1204.000    13.1051    -0.0102    88.6627    12.9272    38.4777    29.1053    176.081    4.05800 0.0000e+00
   1205.000    13.1050    -0.0113    88.6627    12.9269    38.4776    29.1052    176.128    4.05909 0.0000e+00
   1206.000    13.1050    -0.0105    88.6627    12.9267    38.4777    29.1053    176.173    4.06012 0.0000e+00
   1207.000    13.1051    -0.0096    88.6514    12.9267    38.4775    29.1052    176.135    4.05926 0.0000e+00
   1208.000    13.1049    -0.0098    88.6482    12.9264    38.4776    29.1053    176.135    4.05925 0.0000e+00
   1209.000    13.1045    -0.0093    88.6629    12.9258    38.4774    29.1053    176.074    4.05784 0.0000e+00
   1210.000    13.1044    -0.0093    88.6627    12.9255    38.4774    29.1054    176.244    4.06176 0.0000e+00
   1211.000    13.1046    -0.0092    88.6552    12.9256    38.4774    29.1053    176.384    4.06499 0.0000e+00
   1212.000    13.1037    -0.0092    88.6539    12.9245    38.4770    29.1053    176.384    4.06498 0.0000e+00
   1213.000    13.1026    -0.0096    88.6464    12.9233    38.4768    29.1054    176.403    4.06542 0.0000e+00
   1214.000    13.1014    -0.0102    88.6530    12.9220    38.4764    29.1053    176.330    4.06374 0.0000e+00
   1215.000    13.1011    -0.0110    88.6605    12.9215    38.4763    29.1053    176.202    4.06079 0.0000e+00
   1216.000    13.1013    -0.0112    88.6617    12.9215    38.4764    29.1054    176.277    4.06251 0.0000e+00
   1217.000    13.1014    -0.0117    88.6627    12.9215    38.4764    29.1054    176.407    4.06553 0.0000e+00
   1218.000    13.1014    -0.0099    88.6627    12.9213    38.4762    29.1053    176.363    4.06449 0.0000e+00
   1219.000    13.1014    -0.0096    88.6627    12.9212    38.4764    29.1055    176.420    4.06581 0.0000e+00
   1220.000    13.1014    -0.0113    88.6627    12.9211    38.4763    29.1054    176.504    4.06776 0.0000e+00
   1221.000    13.1015    -0.0109    88.6627    12.9210    38.4762    29.1054    176.475    4.06707 0.0000e+00
   1222.000    13.1015    -0.0101    88.6627    12.9209    38.4762    29.1054    176.493    4.06749 0.0000e+00
   1223.000    13.1013    -0.0105    88.6441    12.9205    38.4761    29.1054    176.558    4.06899 0.0000e+00
   1224.000    13.1007    -0.0107    88.6490    12.9197    38.4759    29.1054    176.589    4.06970 0.0000e+00
   1225.000    13.0992    -0.0106    88.6607    12.9181    38.4753    29.1053    176.651    4.07114 0.0000e+00
   1226.000    13.0978    -0.0103    88.6600    12.9166    38.4752    29.1055    176.637    4.07082 0.0000e+00
   1227.000    13.0976    -0.0103    88.6628    12.9162    38.4750    29.1054    176.667    4.07150 0.0000e+00
   1228.000    13.0976    -0.0097    88.6627    12.9160    38.4749    29.1054    176.758    4.07359 0.0000e+00
   1229.000    13.0973    -0.0106    88.6627    12.9156    38.4750    29.1056    176.685    4.07193 0.0000e+00
   1230.000    13.0973    -0.0103    88.6627    12.9155    38.4749    29.1055    176.688    4.07197 0.0000e+00
   1231.000    13.0973    -0.0097    88.6627    12.9153    38.4747    29.1054    176.791    4.07436 0.0000e+00
   1232.000    13.0970    -0.0097    88.6627    12.9148    38.4744    29.1053    176.952    4.07808 0.0000e+00
   1233.000    13.0964    -0.0099    88.6627    12.9140    38.4746    29.1055    177.053    4.08041 0.0000e+00
   1234.000    13.0962    -0.0095    88.6627    12.9137    38.4744    29.1055    177.070    4.08080 0.0000e+00
   1235.000    13.0961    -0.0107    88.6627    12.9135    38.4744    29.1055    177.050    4.08033 0.0000e+00
   1236.000    13.0958    -0.0110    88.6627    12.9131    38.4743    29.1055    176.957    4.07819 0.0000e+00
   1237.000    13.0956    -0.0107    88.6627    12.9127    38.4742    29.1055    176.860    4.07594 0.0000e+00
   1238.000    13.0958    -0.0101    88.6627    12.9127    38.4741    29.1055    176.800    4.07457 0.0000e+00
   1239.000    13.0961    -0.0092    88.6627    12.9128    38.4742    29.1055    176.882    4.07645 0.0000e+00
   1240.000    13.0963    -0.0086    88.6627    12.9129    38.4742    29.1055    176.932    4.07761 0.0000e+00
   1241.000    13.0963    -0.0100    88.6627    12.9128    38.4741    29.1054    176.970    4.07848 0.0000e+00
   1242.000    13.0964    -0.0113    88.6627    12.9127    38.4742    29.1056    176.946    4.07793 0.0000e+00
   1243.000    13.0963    -0.0108    88.6627    12.9125    38.4741    29.1055    176.922    4.07738 0.0000e+00
   1244.000    13.0965    -0.0109    88.6627    12.9125    38.4741    29.1055    176.833    4.07533 0.0000e+00
   1245.000    13.0968    -0.0104    88.6627    12.9126    38.4741    29.1055    176.780    4.07411 0.0000e+00
   1246.000    13.0969    -0.0102    88.6627    12.9126    38.4744    29.1057    176.782    4.07414 0.0000e+00
   1247.000    13.0970    -0.0104    88.6627    12.9125    38.4742    29.1056    176.729    4.07293 0.0000e+00
   1248.000    13.0970    -0.0099    88.6627    12.9124    38.4743    29.1057    176.837    4.07542 0.0000e+00
   1249.000    13.0971    -0.0093    88.6627    12.9123    38.4742    29.1056    176.885    4.07653 0.0000e+00
   1250.000    13.0972    -0.0104    88.6627    12.9123    38.4743    29.1057    176.875    4.07629 0.0000e+00
   1251.000    13.0976    -0.0103    88.6627    12.9125    38.4741    29.1055    176.856    4.07587 0.0000e+00
   1252.000    13.0977    -0.0102    88.6627    12.9124    38.4741    29.1055    176.793    4.07440 0.0000e+00
   1253.000    13.0977    -0.0102    88.6627    12.9123    38.4743    29.1057    176.930    4.07757 0.0000e+00
   1254.000    13.0980    -0.0113    88.6627    12.9124    38.4742    29.1056    176.983    4.07878 0.0000e+00
   1255.000    13.0981    -0.0104    88.6627    12.9123    38.4742    29.1056    176.823    4.07510 0.0000e+00
   1256.000    13.0981    -0.0108    88.6627    12.9123    38.4743    29.1057    176.886    4.07656 0.0000e+00
   1257.000    13.0983    -0.0104    88.6627    12.9123    38.4741    29.1056    176.932    4.07762 0.0000e+00
   1258.000    13.0986    -0.0095    88.6627    12.9124    38.4741    29.1055    176.811    4.07481 0.0000e+00
   1259.000    13.0986    -0.0096    88.6627    12.9122    38.4742    29.1056    176.703    4.07233 0.0000e+00
   1260.000    13.0988    -0.0103    88.6627    12.9123    38.4743    29.1057    176.850    4.07573 0.0000e+00
   1261.000    13.0990    -0.0106    88.6627    12.9123    38.4742    29.1056    176.829    4.07524 0.0000e+00
   1262.000    13.0992    -0.0110    88.6627    12.9124    38.4740    29.1055    176.812    4.07485 0.0000e+00
   1263.000    13.0991    -0.0105    88.6627    12.9122    38.4742    29.1056    176.825    4.07515 0.0000e+00
   1264.000    13.0991    -0.0110    88.6627    12.9120    38.4741    29.1056    176.781    4.07414 0.0000e+00
   1265.000    13.0993    -0.0107    88.6627    12.9121    38.4741    29.1056    176.836    4.07539 0.0000e+00
   1266.000    13.0996    -0.0108    88.6627    12.9122    38.4742    29.1056    176.770    4.07388 0.0000e+00
   1267.000    13.0998    -0.0101    88.6627    12.9122    38.4742    29.1056    176.781    4.07415 0.0000e+00
   1268.000    13.1001    -0.0095    88.6627    12.9123    38.4740    29.1055    176.849    4.07571 0.0000e+00
   1269.000    13.1000    -0.0100    88.6627    12.9121    38.4742    29.1056    176.911    4.07712 0.0000e+00
   1270.000    13.1000    -0.0104    88.6627    12.9120    38.4740    29.1055    176.855    4.07584 0.0000e+00
   1271.000    13.1002    -0.0109    88.6627    12.9120    38.4741    29.1056    176.867    4.07612 0.0000e+00
   1272.000    13.1004    -0.0105    88.6627    12.9120    38.4741    29.1056    176.918    4.07730 0.0000e+00
   1273.000    13.1006    -0.0101    88.6627    12.9121    38.4740    29.1055    176.929    4.07754 0.0000e+00
   1274.000    13.1007    -0.0107    88.6627    12.9121    38.4741    29.1056    176.928    4.07753 0.0000e+00
   1275.000    13.1006    -0.0113    88.6627    12.9118    38.4740    29.1056    176.874    4.07626 0.0000e+00
   1276.000    13.1007    -0.0105    88.6627    12.9118    38.4742    29.1057    176.901    4.07690 0.0000e+00
   1277.000    13.1010    -0.0101    88.6627    12.9119    38.4741    29.1056    176.983    4.07878 0.0000e+00
   1278.000    13.1012    -0.0099    88.6627    12.9119    38.4740    29.1055    177.028    4.07983 0.0000e+00
   1279.000    13.1013    -0.0097    88.6627    12.9118    38.4740    29.1055    176.935    4.07770 0.0000e+00
   1280.000    13.1016    -0.0106    88.6627    12.9120    38.4739    29.1054    176.808    4.07475 0.0000e+00
   1281.000    13.1017    -0.0101    88.6627    12.9120    38.4740    29.1055    176.856    4.07587 0.0000e+00
   1282.000    13.1018    -0.0099    88.6627    12.9119    38.4740    29.1055    176.811    4.07483 0.0000e+00
   1283.000    13.1019    -0.0105    88.6627    12.9118    38.4739    29.1055    176.891    4.07667 0.0000e+00
   1284.000    13.1020    -0.0107    88.6627    12.9118    38.4740    29.1056    176.892    4.07669 0.0000e+00
   1285.000    13.1021    -0.0099    88.6627    12.9118    38.4740    29.1056    176.897    4.07681 0.0000e+00
   1286.000    13.1025    -0.0106    88.6627    12.9119    38.4740    29.1055    176.958    4.07823 0.0000e+00
   1287.000    13.1023    -0.0118    88.6627    12.9116    38.4741    29.1057    176.981    4.07874 0.0000e+00
   1288.000    13.1026    -0.0114    88.6627    12.9118    38.4740    29.1056    176.971    4.07852 0.0000e+00
   1289.000    13.1030    -0.0111    88.6627    12.9120    38.4741    29.1056    176.933    4.07763 0.0000e+00
   1290.000    13.1031    -0.0095    88.6627    12.9120    38.4739    29.1055    176.841    4.07552 0.0000e+00
   1291.000    13.1031    -0.0093    88.6627    12.9118    38.4739    29.1055    176.828    4.07521 0.0000e+00
   1292.000    13.1032    -0.0106    88.6627    12.9117    38.4739    29.1055    176.952    4.07807 0.0000e+00
   1293.000    13.1034    -0.0100    88.6627    12.9118    38.4740    29.1056    176.889    4.07663 0.0000e+00
   1294.000    13.1036    -0.0097    88.6627    12.9118    38.4740    29.1056    176.866    4.07611 0.0000e+00
   1295.000    13.1038    -0.0097    88.6627    12.9118    38.4738    29.1054    177.075    4.08093 0.0000e+00
   1296.000    13.1037    -0.0100    88.6627    12.9116    38.4739    29.1056    176.976    4.07862 0.0000e+00
   1297.000    13.1040    -0.0098    88.6627    12.9117    38.4741    29.1056    176.791    4.07437 0.0000e+00
