Data/Raw HPLC Argo/lovbio072c/CTD/somba2014_som_leg2_001.cnv
* Sea-Bird SBE 9 Data File:
* FileName = C:\CTD\Work\raw\somba2014_ge_leg2_001.hdr
* Software Version Seasave V 7.21d
* Temperature SN = 1378
* Conductivity SN = 2929
* Number of Bytes Per Scan = 41
* Number of Voltage Words = 4
* Number of Scans Averaged by the Deck Unit = 1
* NMEA Latitude = 37 59.92 N
* NMEA Longitude = 006 30.16 E
* NMEA UTC (Time) = Aug 22 2014  05:33:38
* NMEA baud rate = 4800
** Cruise: SOMBA2014
** Station: 2_001
** Operator:
# nquan = 10
# nvalues = 2876                        
# units = specified
# name 0 = prDM: Pressure, Digiquartz [db]
# name 1 = t090C: Temperature [ITS-90, deg C]
# name 2 = flC: Fluorescence, Chelsea Aqua 3 Chl Con [ug/l]
# name 3 = CStarTr0: Beam Transmission, WET Labs C-Star [%]
# name 4 = potemp090C: Potential Temperature [ITS-90, deg C]
# name 5 = sal00: Salinity, Practical [PSU]
# name 6 = sigma-é00: Density [sigma-theta, Kg/m^3]
# name 7 = sbeox0Mm/Kg: Oxygen, SBE 43 [umol/Kg]
# name 8 = sbeox0ML/L: Oxygen, SBE 43 [ml/l]
# name 9 = flag:
# span 0 =      1.000,   2876.000       
# span 1 =    13.0956,    25.9344       
# span 2 =    -0.0133,     0.1825       
# span 3 =    86.5768,    88.6802       
# span 4 =    12.8976,    25.9339       
# span 5 =    37.0948,    38.5766       
# span 6 =    24.7772,    29.1169       
# span 7 =    158.106,    256.013       
# span 8 =    3.64400,    5.89507       
# span 9 = 0.0000e+00, 0.0000e+00       
# interval = decibars: 1                
# start_time = Aug 22 2014 05:33:38 [NMEA time, first data scan]
# bad_flag = -9.990e-29
*END*
[from data line 1586]
   1587.000    13.1396    -0.0086    88.6627    12.9018    38.4742    29.1078 -9.990e-29 -9.990e-29 0.0000e+00
   1588.000    13.1397    -0.0069    88.6627    12.9018    38.4744    29.1080 -9.990e-29 -9.990e-29 0.0000e+00
   1589.000    13.1399    -0.0074    88.6627    12.9018    38.4743    29.1078 -9.990e-29 -9.990e-29 0.0000e+00
   1590.000    13.1400    -0.0099    88.6627    12.9018    38.4744    29.1079    180.079    4.15020 0.0000e+00
   1591.000    13.1402    -0.0114    88.6627    12.9018    38.4744    29.1079    180.128    4.15134 0.0000e+00
   1592.000    13.1404    -0.0105    88.6627    12.9018    38.4743    29.1079    180.162    4.15211 0.0000e+00
   1593.000    13.1404    -0.0102    88.6627    12.9017    38.4743    29.1079    180.114    4.15100 0.0000e+00
   1594.000    13.1406    -0.0109    88.6627    12.9017    38.4744    29.1080    180.152    4.15189 0.0000e+00
   1595.000    13.1410    -0.0110    88.6627    12.9020    38.4744    29.1079    180.195    4.15287 0.0000e+00
   1596.000    13.1410    -0.0106    88.6627    12.9018    38.4745    29.1080    180.219    4.15341 0.0000e+00
   1597.000    13.1410    -0.0088    88.6627    12.9017    38.4744    29.1079    180.255    4.15424 0.0000e+00
   1598.000    13.1411    -0.0074    88.6627    12.9016    38.4744    29.1080    180.213    4.15328 0.0000e+00
   1599.000    13.1414    -0.0093    88.6544    12.9017    38.4745    29.1080    179.979    4.14790 0.0000e+00
   1600.000    13.1416    -0.0115    88.6531    12.9018    38.4745    29.1080    180.166    4.15219 0.0000e+00
   1601.000    13.1418    -0.0104    88.6623    12.9018    38.4746    29.1081    180.217    4.15339 0.0000e+00
   1602.000    13.1420    -0.0098    88.6533    12.9018    38.4745    29.1080    180.241    4.15392 0.0000e+00
   1603.000    13.1421    -0.0100    88.6626    12.9018    38.4747    29.1082    180.251    4.15417 0.0000e+00
   1604.000    13.1422    -0.0097    88.6627    12.9018    38.4744    29.1080    180.212    4.15326 0.0000e+00
   1605.000    13.1423    -0.0105    88.6627    12.9017    38.4746    29.1081    180.014    4.14869 0.0000e+00
   1606.000    13.1427    -0.0090    88.6627    12.9020    38.4745    29.1080    180.122    4.15119 0.0000e+00
   1607.000    13.1429    -0.0073    88.6627    12.9019    38.4746    29.1081    180.201    4.15301 0.0000e+00
   1608.000    13.1432    -0.0089    88.6572    12.9021    38.4746    29.1081    180.217    4.15337 0.0000e+00
   1609.000    13.1433    -0.0095    88.6575    12.9020    38.4746    29.1080    180.177    4.15247 0.0000e+00
   1610.000    13.1433    -0.0095    88.6593    12.9019    38.4746    29.1080    180.171    4.15232 0.0000e+00
   1611.000    13.1435    -0.0100    88.6545    12.9019    38.4746    29.1080    180.145    4.15173 0.0000e+00
   1612.000    13.1438    -0.0109    88.6615    12.9021    38.4745    29.1080    180.129    4.15134 0.0000e+00
   1613.000    13.1440    -0.0101    88.6448    12.9021    38.4746    29.1080    180.143    4.15168 0.0000e+00
   1614.000    13.1440    -0.0100    88.6574    12.9020    38.4746    29.1081    180.184    4.15262 0.0000e+00
   1615.000    13.1441    -0.0094    88.6553    12.9019    38.4746    29.1081    180.192    4.15281 0.0000e+00
   1616.000    13.1441    -0.0109    88.6560    12.9017    38.4746    29.1081    180.088    4.15041 0.0000e+00
   1617.000    13.1442    -0.0120    88.6627    12.9017    38.4747    29.1082    180.163    4.15213 0.0000e+00
   1618.000    13.1444    -0.0100    88.6627    12.9017    38.4748    29.1082    180.125    4.15125 0.0000e+00
   1619.000    13.1446    -0.0101    88.6627    12.9017    38.4748    29.1083    180.209    4.15321 0.0000e+00
   1620.000    13.1448    -0.0110    88.6627    12.9018    38.4746    29.1081    180.234    4.15377 0.0000e+00
   1621.000    13.1448    -0.0111    88.6613    12.9017    38.4747    29.1082    180.254    4.15424 0.0000e+00
   1622.000    13.1450    -0.0125    88.6608    12.9016    38.4748    29.1083    180.277    4.15477 0.0000e+00
   1623.000    13.1452    -0.0122    88.6615    12.9017    38.4748    29.1083    180.298    4.15524 0.0000e+00
   1624.000    13.1454    -0.0119    88.6579    12.9018    38.4748    29.1082    180.337    4.15615 0.0000e+00
   1625.000    13.1455    -0.0105    88.6454    12.9017    38.4748    29.1083    180.364    4.15677 0.0000e+00
   1626.000    13.1457    -0.0101    88.6624    12.9017    38.4749    29.1083    180.376    4.15704 0.0000e+00
   1627.000    13.1461    -0.0098    88.6610    12.9019    38.4748    29.1083    180.391    4.15740 0.0000e+00
   1628.000    13.1462    -0.0105    88.6548    12.9019    38.4750    29.1083 -9.990e-29 -9.990e-29 0.0000e+00
   1629.000    13.1462    -0.0106    88.6555    12.9018    38.4750    29.1084 -9.990e-29 -9.990e-29 0.0000e+00
   1630.000    13.1464    -0.0099    88.6571    12.9017    38.4749    29.1084 -9.990e-29 -9.990e-29 0.0000e+00
   1631.000    13.1466    -0.0092    88.6477    12.9018    38.4749    29.1084 -9.990e-29 -9.990e-29 0.0000e+00
   1632.000    13.1467    -0.0105    88.6386    12.9018    38.4750    29.1084    180.375    4.15703 0.0000e+00
   1633.000    13.1468    -0.0105    88.6605    12.9017    38.4751    29.1085    180.433    4.15837 0.0000e+00
   1634.000    13.1470    -0.0108    88.6588    12.9018    38.4751    29.1085    180.504    4.15999 0.0000e+00
   1635.000    13.1472    -0.0106    88.6530    12.9018    38.4749    29.1084    180.419    4.15803 0.0000e+00
   1636.000    13.1473    -0.0096    88.6619    12.9017    38.4750    29.1084    180.398    4.15756 0.0000e+00
   1637.000    13.1474    -0.0101    88.6554    12.9017    38.4751    29.1085    180.420    4.15807 0.0000e+00
   1638.000    13.1477    -0.0092    88.6478    12.9019    38.4750    29.1084    180.388    4.15733 0.0000e+00
   1639.000    13.1479    -0.0090    88.6619    12.9018    38.4752    29.1086    180.462    4.15903 0.0000e+00
   1640.000    13.1479    -0.0086    88.6593    12.9017    38.4752    29.1085    180.476    4.15935 0.0000e+00
   1641.000    13.1481    -0.0087    88.6626    12.9018    38.4751    29.1085    180.380    4.15714 0.0000e+00
   1642.000    13.1483    -0.0099    88.6627    12.9018    38.4749    29.1083    180.414    4.15792 0.0000e+00
   1643.000    13.1484    -0.0104    88.6627    12.9017    38.4751    29.1085    180.525    4.16049 0.0000e+00
   1644.000    13.1487    -0.0085    88.6617    12.9019    38.4752    29.1085    180.524    4.16047 0.0000e+00
   1645.000    13.1489    -0.0088    88.6460    12.9019    38.4752    29.1085    180.529    4.16058 0.0000e+00
   1646.000    13.1490    -0.0083    88.6617    12.9019    38.4750    29.1084    180.562    4.16134 0.0000e+00
   1647.000    13.1490    -0.0079    88.6557    12.9017    38.4750    29.1085    180.589    4.16196 0.0000e+00
   1648.000    13.1491    -0.0091    88.6608    12.9016    38.4751    29.1086    180.586    4.16189 0.0000e+00
   1649.000    13.1491    -0.0091    88.6617    12.9015    38.4753    29.1087    180.483    4.15952 0.0000e+00
   1650.000    13.1493    -0.0098    88.6627    12.9015    38.4753    29.1087    180.371    4.15693 0.0000e+00
   1651.000    13.1493    -0.0103    88.6627    12.9014    38.4753    29.1087    180.536    4.16074 0.0000e+00
   1652.000    13.1496    -0.0090    88.6627    12.9015    38.4751    29.1086    180.567    4.16146 0.0000e+00
   1653.000    13.1498    -0.0094    88.6627    12.9015    38.4752    29.1086    180.588    4.16195 0.0000e+00
   1654.000    13.1499    -0.0090    88.6627    12.9014    38.4752    29.1086    180.606    4.16237 0.0000e+00
   1655.000    13.1500    -0.0104    88.6627    12.9015    38.4751    29.1085    180.606    4.16236 0.0000e+00
   1656.000    13.1501    -0.0110    88.6627    12.9013    38.4752    29.1086    180.556    4.16120 0.0000e+00
   1657.000    13.1501    -0.0107    88.6627    12.9012    38.4753    29.1088    180.562    4.16134 0.0000e+00
   1658.000    13.1503    -0.0097    88.6627    12.9012    38.4751    29.1087    180.632    4.16296 0.0000e+00
   1659.000    13.1506    -0.0099    88.6627    12.9014    38.4752    29.1086    180.648    4.16332 0.0000e+00
   1660.000    13.1508    -0.0107    88.6627    12.9014    38.4752    29.1086    180.575    4.16164 0.0000e+00
   1661.000    13.1510    -0.0107    88.6627    12.9014    38.4751    29.1086    180.574    4.16163 0.0000e+00
   1662.000    13.1510    -0.0108    88.6627    12.9013    38.4751    29.1086    180.598    4.16216 0.0000e+00
   1663.000    13.1512    -0.0107    88.6627    12.9013    38.4750    29.1085    180.498    4.15987 0.0000e+00
   1664.000    13.1515    -0.0099    88.6627    12.9015    38.4751    29.1085    180.469    4.15921 0.0000e+00
   1665.000    13.1516    -0.0096    88.6627    12.9014    38.4752    29.1086    180.564    4.16140 0.0000e+00
   1666.000    13.1518    -0.0096    88.6627    12.9015    38.4751    29.1086    180.637    4.16307 0.0000e+00
   1667.000    13.1518    -0.0097    88.6627    12.9013    38.4753    29.1087    180.650    4.16338 0.0000e+00
   1668.000    13.1519    -0.0112    88.6627    12.9012    38.4751    29.1086    180.599    4.16220 0.0000e+00
   1669.000    13.1522    -0.0116    88.6627    12.9014    38.4751    29.1086    180.469    4.15920 0.0000e+00
   1670.000    13.1524    -0.0113    88.6627    12.9014    38.4753    29.1087    180.633    4.16298 0.0000e+00
   1671.000    13.1527    -0.0109    88.6627    12.9015    38.4751    29.1086    180.677    4.16399 0.0000e+00
   1672.000    13.1527    -0.0104    88.6627    12.9014    38.4752    29.1086    180.634    4.16301 0.0000e+00
   1673.000    13.1528    -0.0113    88.6614    12.9013    38.4753    29.1087    180.609    4.16243 0.0000e+00
   1674.000    13.1530    -0.0115    88.6449    12.9014    38.4752    29.1086    180.605    4.16233 0.0000e+00
   1675.000    13.1532    -0.0107    88.6627    12.9014    38.4753    29.1087    180.579    4.16174 0.0000e+00
   1676.000    13.1533    -0.0108    88.6565    12.9014    38.4753    29.1087    180.545    4.16095 0.0000e+00
   1677.000    13.1534    -0.0103    88.6615    12.9013    38.4754    29.1088    180.625    4.16280 0.0000e+00
   1678.000    13.1537    -0.0100    88.6627    12.9014    38.4753    29.1087    180.752    4.16572 0.0000e+00
   1679.000    13.1538    -0.0104    88.6627    12.9013    38.4753    29.1087 -9.990e-29 -9.990e-29 0.0000e+00
   1680.000    13.1541    -0.0116    88.6627    12.9015    38.4753    29.1087 -9.990e-29 -9.990e-29 0.0000e+00
   1681.000    13.1542    -0.0102    88.6627    12.9015    38.4755    29.1089 -9.990e-29 -9.990e-29 0.0000e+00
   1682.000    13.1544    -0.0089    88.6627    12.9015    38.4753    29.1087 -9.990e-29 -9.990e-29 0.0000e+00
   1683.000    13.1544    -0.0106    88.6627    12.9013    38.4753    29.1088    180.672    4.16389 0.0000e+00
   1684.000    13.1545    -0.0113    88.6627    12.9013    38.4754    29.1088    180.597    4.16215 0.0000e+00
   1685.000    13.1548    -0.0105    88.6627    12.9014    38.4754    29.1088    180.658    4.16356 0.0000e+00
   1686.000    13.1550    -0.0083    88.6610    12.9014    38.4754    29.1088    180.603    4.16230 0.0000e+00
   1687.000    13.1551    -0.0087    88.6549    12.9014    38.4755    29.1088    180.619    4.16266 0.0000e+00
   1688.000    13.1555    -0.0095    88.6424    12.9016    38.4754    29.1087    180.594    4.16209 0.0000e+00
   1689.000    13.1556    -0.0104    88.6533    12.9015    38.4754    29.1088    180.512    4.16019 0.0000e+00
   1690.000    13.1556    -0.0109    88.6513    12.9014    38.4753    29.1087    180.561    4.16133 0.0000e+00
   1691.000    13.1558    -0.0105    88.6580    12.9014    38.4755    29.1089    180.634    4.16302 0.0000e+00
   1692.000    13.1561    -0.0105    88.6610    12.9016    38.4754    29.1088    180.634    4.16302 0.0000e+00
   1693.000    13.1562    -0.0092    88.6452    12.9015    38.4755    29.1088 -9.990e-29 -9.990e-29 0.0000e+00
   1694.000    13.1563    -0.0097    88.6556    12.9015    38.4753    29.1087 -9.990e-29 -9.990e-29 0.0000e+00
   1695.000    13.1563    -0.0095    88.6575    12.9013    38.4754    29.1088 -9.990e-29 -9.990e-29 0.0000e+00
   1696.000    13.1565    -0.0092    88.6617    12.9013    38.4755    29.1089 -9.990e-29 -9.990e-29 0.0000e+00
   1697.000    13.1566    -0.0082    88.6627    12.9013    38.4756    29.1090    180.795    4.16672 0.0000e+00
   1698.000    13.1567    -0.0092    88.6627    12.9013    38.4756    29.1090    180.767    4.16608 0.0000e+00
   1699.000    13.1570    -0.0085    88.6627    12.9014    38.4755    29.1089    180.720    4.16498 0.0000e+00
   1700.000    13.1572    -0.0075    88.6627    12.9015    38.4754    29.1088    180.752    4.16574 0.0000e+00
   1701.000    13.1574    -0.0090    88.6588    12.9015    38.4754    29.1088    180.730    4.16522 0.0000e+00
   1702.000    13.1574    -0.0104    88.6569    12.9013    38.4756    29.1090    180.756    4.16583 0.0000e+00
   1703.000    13.1576    -0.0113    88.6535    12.9013    38.4754    29.1088 -9.990e-29 -9.990e-29 0.0000e+00
   1704.000    13.1577    -0.0112    88.6569    12.9012    38.4756    29.1090 -9.990e-29 -9.990e-29 0.0000e+00
   1705.000    13.1580    -0.0099    88.6514    12.9014    38.4755    29.1089 -9.990e-29 -9.990e-29 0.0000e+00
   1706.000    13.1581    -0.0096    88.6544    12.9014    38.4757    29.1090 -9.990e-29 -9.990e-29 0.0000e+00
   1707.000    13.1582    -0.0098    88.6573    12.9013    38.4757    29.1090 -9.990e-29 -9.990e-29 0.0000e+00
   1708.000    13.1584    -0.0094    88.6603    12.9013    38.4757    29.1090 -9.990e-29 -9.990e-29 0.0000e+00
   1709.000    13.1584    -0.0102    88.6501    12.9012    38.4755    29.1089 -9.990e-29 -9.990e-29 0.0000e+00
   1710.000    13.1586    -0.0101    88.6558    12.9012    38.4754    29.1089 -9.990e-29 -9.990e-29 0.0000e+00
   1711.000    13.1588    -0.0101    88.6510    12.9012    38.4757    29.1091    180.780    4.16639 0.0000e+00
   1712.000    13.1590    -0.0110    88.6587    12.9013    38.4756    29.1090    180.806    4.16697 0.0000e+00
   1713.000    13.1590    -0.0098    88.6607    12.9012    38.4756    29.1091    180.873    4.16851 0.0000e+00
   1714.000    13.1593    -0.0102    88.6617    12.9013    38.4755    29.1089    180.728    4.16518 0.0000e+00
   1715.000    13.1594    -0.0103    88.6538    12.9013    38.4756    29.1090    180.716    4.16490 0.0000e+00
   1716.000    13.1596    -0.0097    88.6512    12.9013    38.4757    29.1090    180.813    4.16714 0.0000e+00
   1717.000    13.1597    -0.0106    88.6428    12.9012    38.4757    29.1091    180.768    4.16610 0.0000e+00
   1718.000    13.1598    -0.0103    88.6542    12.9012    38.4756    29.1090    180.754    4.16579 0.0000e+00
   1719.000    13.1600    -0.0093    88.6592    12.9011    38.4756    29.1090    180.687    4.16423 0.0000e+00
   1720.000    13.1603    -0.0106    88.6617    12.9013    38.4756    29.1090    180.759    4.16590 0.0000e+00
   1721.000    13.1604    -0.0103    88.6533    12.9012    38.4757    29.1091    180.788    4.16656 0.0000e+00
   1722.000    13.1606    -0.0110    88.6465    12.9013    38.4756    29.1090    180.715    4.16489 0.0000e+00
   1723.000    13.1608    -0.0115    88.6507    12.9013    38.4756    29.1089    180.629    4.16290 0.0000e+00
   1724.000    13.1608    -0.0111    88.6538    12.9012    38.4757    29.1091    180.649    4.16336 0.0000e+00
   1725.000    13.1610    -0.0131    88.6556    12.9012    38.4757    29.1091    180.628    4.16287 0.0000e+00
   1726.000    13.1612    -0.0126    88.6514    12.9012    38.4756    29.1090 -9.990e-29 -9.990e-29 0.0000e+00
   1727.000    13.1612    -0.0124    88.6560    12.9011    38.4758    29.1091 -9.990e-29 -9.990e-29 0.0000e+00
   1728.000    13.1615    -0.0117    88.6573    12.9012    38.4757    29.1091 -9.990e-29 -9.990e-29 0.0000e+00
   1729.000    13.1617    -0.0116    88.6557    12.9012    38.4756    29.1090 -9.990e-29 -9.990e-29 0.0000e+00
