Data/raw_excel/lovbio090d/CTD/bioargomed04.cnv
* Sea-Bird SBE 9 Data File:
* FileName = C:\CTD\raw\bioargomed04.hdr
* Software Version Seasave V 7.23.2
* Temperature SN = 2473
* Conductivity SN = 1313
* Number of Bytes Per Scan = 31
* Number of Voltage Words = 4
* Number of Scans Averaged by the Deck Unit = 1
* NMEA Latitude = 33 34.08 N
* NMEA Longitude = 028 27.99 E
* NMEA UTC (Time) = May 21 2015  12:11:47
* NMEA baud rate = 4800
** Ship: TETHYS 2
** Cruise: BIOARGOMED
** Station: 04
# nquan = 11
# nvalues = 506                         
# units = specified
# name 0 = prDM: Pressure, Digiquartz [db]
# name 1 = t090C: Temperature [ITS-90, deg C]
# name 2 = c0S/m: Conductivity [S/m]
# name 3 = sbeox0V: Oxygen raw, SBE 43 [V]
# name 4 = flC: Fluorescence, Chelsea Aqua 3 Chl Con [ug/l]
# name 5 = CStarTr0: Beam Transmission, WET Labs C-Star [%]
# name 6 = potemp090C: Potential Temperature [ITS-90, deg C]
# name 7 = sal00: Salinity, Practical [PSU]
# name 8 = sigma-é00: Density [sigma-theta, kg/m^3]
# name 9 = sbeox0Mm/Kg: Oxygen, SBE 43 [umol/kg], WS = 2
# name 10 = flag: flag
# span 0 =      1.000,    506.000       
# span 1 =    14.1326,    21.4323       
# span 2 =   4.642536,   5.413906       
# span 3 =     2.4001,     3.3400       
# span 4 =     0.1461,     0.2720       
# span 5 =    81.1024,    90.9247       
# span 6 =    14.0558,    21.4319       
# span 7 =    38.7921,    39.1009       
# span 8 =    27.2851,    29.1641       
# span 9 =    167.252,    225.137       
# span 10 = 0.0000e+00, 0.0000e+00      
# interval = decibars: 1                
# start_time = May 21 2015 12:11:47 [NMEA time, header]
# bad_flag = -9.990e-29
*END*
[from data line 263]
    264.000    15.3503   4.785434     2.7556     0.1584    90.8281    15.3083    39.0788    29.0502    190.622 0.0000e+00
    265.000    15.3426   4.784468     2.7507     0.1572    90.8300    15.3005    39.0771    29.0507    190.007 0.0000e+00
    266.000    15.3240   4.782045     2.7465     0.1580    90.7973    15.2817    39.0731    29.0519    189.703 0.0000e+00
    267.000    15.3021   4.779427     2.7393     0.1589    90.8235    15.2597    39.0703    29.0548    188.994 0.0000e+00
    268.000    15.2752   4.775932     2.7315     0.1597    90.8108    15.2327    39.0645    29.0565    188.575 0.0000e+00
    269.000    15.2665   4.774984     2.7258     0.1615    90.8307    15.2238    39.0640    29.0582    187.886 0.0000e+00
    270.000    15.2567   4.773727     2.7202     0.1562    90.8212    15.2139    39.0618    29.0587    187.308 0.0000e+00
    271.000    15.2510   4.773092     2.7134     0.1561    90.8132    15.2081    39.0612    29.0596    186.857 0.0000e+00
    272.000    15.2361   4.771138     2.7087     0.1581    90.8249    15.1930    39.0576    29.0603    187.117 0.0000e+00
    273.000    15.2201   4.769358     2.7072     0.1571    90.8172    15.1769    39.0567    29.0633    187.206 0.0000e+00
    274.000    15.2157   4.768860     2.7053     0.1589    90.8322    15.1723    39.0561    29.0639    186.796 0.0000e+00
    275.000    15.2101   4.768210     2.7007     0.1595    90.8195    15.1666    39.0552    29.0645    186.145 0.0000e+00
    276.000    15.2036   4.767431     2.6953     0.1542    90.8262    15.1599    39.0542    29.0652    186.175 0.0000e+00
    277.000    15.1966   4.766658     2.6958     0.1543    90.8298    15.1528    39.0535    29.0663    186.674 0.0000e+00
    278.000    15.1958   4.766661     2.6959     0.1550    90.8352    15.1518    39.0539    29.0669    186.747 0.0000e+00
    279.000    15.1956   4.766689     2.6975     0.1559    90.8308    15.1515    39.0539    29.0669    186.967 0.0000e+00
    280.000    15.1921   4.766278     2.6979     0.1570    90.8337    15.1478    39.0533    29.0673    186.772 0.0000e+00
    281.000    15.1880   4.765897     2.6963     0.1565    90.8207    15.1436    39.0534    29.0683    186.555 0.0000e+00
    282.000    15.1840   4.765490     2.6952     0.1579    90.8324    15.1394    39.0532    29.0691    186.511 0.0000e+00
    283.000    15.1805   4.765150     2.6939     0.1565    90.8278    15.1357    39.0531    29.0699    186.470 0.0000e+00
    284.000    15.1730   4.764283     2.6939     0.1584    90.8331    15.1281    39.0522    29.0710    186.569 0.0000e+00
    285.000    15.1690   4.763891     2.6926     0.1639    90.8338    15.1239    39.0521    29.0718    186.406 0.0000e+00
    286.000    15.1678   4.763805     2.6925     0.1606    90.8265    15.1226    39.0520    29.0721    186.587 0.0000e+00
    287.000    15.1660   4.763639     2.6925     0.1603    90.8212    15.1207    39.0518    29.0724    186.658 0.0000e+00
    288.000    15.1655   4.763629     2.6935     0.1553    90.8221    15.1200    39.0519    29.0726    186.776 0.0000e+00
    289.000    15.1654   4.763641     2.6921     0.1544    90.8207    15.1197    39.0516    29.0724    186.342 0.0000e+00
    290.000    15.1625   4.763333     2.6894     0.1537    90.8125    15.1167    39.0512    29.0728    185.807 0.0000e+00
    291.000    15.1557   4.762487     2.6860     0.1538    90.8142    15.1097    39.0498    29.0733    185.634 0.0000e+00
    292.000    15.1388   4.760374     2.6846     0.1521    90.8210    15.0927    39.0467    29.0748    185.918 0.0000e+00
    293.000    15.1303   4.759506     2.6830     0.1554    90.8288    15.0841    39.0468    29.0768    185.611 0.0000e+00
    294.000    15.1159   4.757698     2.6768     0.1564    90.8153    15.0695    39.0441    29.0780    184.738 0.0000e+00
    295.000    15.0996   4.755648     2.6724     0.1547    90.8183    15.0531    39.0409    29.0793    184.591 0.0000e+00
    296.000    15.0851   4.753941     2.6704     0.1557    90.8242    15.0384    39.0392    29.0814    184.640 0.0000e+00
    297.000    15.0767   4.752910     2.6673     0.1581    90.8284    15.0300    39.0376    29.0820    184.368 0.0000e+00
    298.000    15.0636   4.751289     2.6648     0.1633    90.8308    15.0167    39.0353    29.0833    184.077 0.0000e+00
    299.000    15.0536   4.750043     2.6597     0.1633    90.8263    15.0066    39.0333    29.0840    183.455 0.0000e+00
    300.000    15.0407   4.748325     2.6537     0.1608    90.8325    14.9935    39.0299    29.0844    182.913 0.0000e+00
    301.000    15.0197   4.745646     2.6443     0.1607    90.8410    14.9724    39.0257    29.0859    181.698 0.0000e+00
    302.000    14.9903   4.741836     2.6358     0.1597    90.8523    14.9429    39.0193    29.0876    181.513 0.0000e+00
    303.000    14.9730   4.739745     2.6332     0.1603    90.8598    14.9255    39.0168    29.0897    181.830 0.0000e+00
    304.000    14.9676   4.739144     2.6324     0.1603    90.8642    14.9199    39.0162    29.0905    181.851 0.0000e+00
    305.000    14.9666   4.739092     2.6302     0.1564    90.8602    14.9188    39.0163    29.0907    181.584 0.0000e+00
    306.000    14.9654   4.738945     2.6241     0.1528    90.8669    14.9175    39.0157    29.0906    180.669 0.0000e+00
    307.000    14.9480   4.736478     2.6183     0.1522    90.8678    14.8999    39.0098    29.0900    180.225 0.0000e+00
    308.000    14.9275   4.734138     2.6135     0.1519    90.8882    14.8793    39.0082    29.0935    179.839 0.0000e+00
    309.000    14.9242   4.733772     2.6103     0.1547    90.8893    14.8759    39.0076    29.0938    179.848 0.0000e+00
    310.000    14.9196   4.733166     2.6087     0.1530    90.8812    14.8711    39.0062    29.0938    180.064 0.0000e+00
    311.000    14.9139   4.732507     2.6074     0.1533    90.8854    14.8652    39.0054    29.0945    179.784 0.0000e+00
    312.000    14.9090   4.731892     2.6024     0.1558    90.8797    14.8602    39.0042    29.0946    179.118 0.0000e+00
    313.000    14.9028   4.731116     2.5982     0.1515    90.8916    14.8539    39.0027    29.0949    178.683 0.0000e+00
    314.000    14.8939   4.730067     2.5942     0.1515    90.8893    14.8449    39.0014    29.0959    178.436 0.0000e+00
    315.000    14.8870   4.729124     2.5907     0.1497    90.8904    14.8378    38.9992    29.0958    178.057 0.0000e+00
    316.000    14.8691   4.726899     2.5856     0.1515    90.8893    14.8198    38.9960    29.0974    177.695 0.0000e+00
    317.000    14.8589   4.725647     2.5822     0.1597    90.8952    14.8094    38.9941    29.0983    177.787 0.0000e+00
    318.000    14.8462   4.724124     2.5819     0.1593    90.9022    14.7966    38.9922    29.0997    178.388 0.0000e+00
    319.000    14.8451   4.724293     2.5851     0.1592    90.8849    14.7954    38.9945    29.1018    179.059 0.0000e+00
    320.000    14.8495   4.725094     2.5894     0.1521    90.8906    14.7996    38.9971    29.1028    179.730 0.0000e+00
    321.000    14.8506   4.725557     2.5941     0.1498    90.8935    14.8005    38.9999    29.1048    180.177 0.0000e+00
    322.000    14.8527   4.725993     2.5978     0.1506    90.8940    14.8024    39.0014    29.1055    180.372 0.0000e+00
    323.000    14.8547   4.726345     2.6024     0.1508    90.8934    14.8043    39.0021    29.1057    180.722 0.0000e+00
    324.000    14.8561   4.726678     2.6068     0.1564    90.8915    14.8055    39.0034    29.1064    181.197 0.0000e+00
    325.000    14.8574   4.726972     2.6103     0.1595    90.8893    14.8067    39.0044    29.1069    181.439 0.0000e+00
    326.000    14.8591   4.727328     2.6119     0.1631    90.8915    14.8082    39.0056    29.1075    181.430 0.0000e+00
    327.000    14.8605   4.727664     2.6166     0.1627    90.8846    14.8095    39.0069    29.1082    182.261 0.0000e+00
    328.000    14.8628   4.728160     2.6211     0.1602    90.8893    14.8116    39.0087    29.1091    182.724 0.0000e+00
    329.000    14.8633   4.728429     2.6236     0.1579    90.8909    14.8119    39.0103    29.1103    182.914 0.0000e+00
    330.000    14.8660   4.728978     2.6268     0.1570    90.8779    14.8145    39.0122    29.1112    182.916 0.0000e+00
    331.000    14.8681   4.729293     2.6297     0.1512    90.8844    14.8164    39.0126    29.1111    183.358 0.0000e+00
    332.000    14.8701   4.729757     2.6348     0.1515    90.8866    14.8183    39.0144    29.1120    183.985 0.0000e+00
    333.000    14.8695   4.729780     2.6376     0.1514    90.8794    14.8175    39.0149    29.1126    184.123 0.0000e+00
    334.000    14.8697   4.729898     2.6389     0.1527    90.8809    14.8175    39.0153    29.1129    184.075 0.0000e+00
    335.000    14.8703   4.730029     2.6400     0.1560    90.8794    14.8179    39.0155    29.1130    184.008 0.0000e+00
    336.000    14.8703   4.730071     2.6390     0.1547    90.8796    14.8178    39.0155    29.1129    183.745 0.0000e+00
    337.000    14.8692   4.730001     2.6390     0.1602    90.8842    14.8165    39.0155    29.1132    183.940 0.0000e+00
    338.000    14.8676   4.729846     2.6389     0.1591    90.8787    14.8148    39.0152    29.1134    183.876 0.0000e+00
    339.000    14.8617   4.729214     2.6388     0.1574    90.8784    14.8088    39.0148    29.1144    183.857 0.0000e+00
    340.000    14.8576   4.728794     2.6382     0.1525    90.8847    14.8045    39.0145    29.1152    183.819 0.0000e+00
    341.000    14.8584   4.728939     2.6376     0.1505    90.8761    14.8052    39.0146    29.1151    183.861 0.0000e+00
    342.000    14.8565   4.728798     2.6377     0.1515    90.8762    14.8031    39.0148    29.1157    184.031 0.0000e+00
    343.000    14.8567   4.728969     2.6381     0.1522    90.8596    14.8031    39.0158    29.1165    184.245 0.0000e+00
    344.000    14.8538   4.728678     2.6400     0.1481    90.8685    14.8001    39.0155    29.1170    184.587 0.0000e+00
    345.000    14.8493   4.728195     2.6426     0.1483    90.8724    14.7954    39.0152    29.1177    184.841 0.0000e+00
    346.000    14.8457   4.727803     2.6450     0.1565    90.8661    14.7917    39.0146    29.1181    184.745 0.0000e+00
    347.000    14.8422   4.727480     2.6443     0.1583    90.8740    14.7880    39.0147    29.1191    184.631 0.0000e+00
    348.000    14.8401   4.727339     2.6438     0.1571    90.8702    14.7858    39.0150    29.1198    184.702 0.0000e+00
    349.000    14.8378   4.727088     2.6443     0.1551    90.8726    14.7833    39.0146    29.1200    185.033 0.0000e+00
    350.000    14.8362   4.726939     2.6468     0.1506    90.8759    14.7815    39.0144    29.1203    185.287 0.0000e+00
    351.000    14.8356   4.726967     2.6468     0.1550    90.8734    14.7809    39.0148    29.1207    184.798 0.0000e+00
    352.000    14.8333   4.726760     2.6437     0.1569    90.8759    14.7783    39.0148    29.1213    184.449 0.0000e+00
    353.000    14.8282   4.726170     2.6413     0.1572    90.8721    14.7731    39.0140    29.1218    184.160 0.0000e+00
    354.000    14.8256   4.725856     2.6387     0.1578    90.8717    14.7704    39.0131    29.1218    184.080 0.0000e+00
    355.000    14.8185   4.724951     2.6379     0.1569    90.8603    14.7632    39.0114    29.1221    184.317 0.0000e+00
    356.000    14.8167   4.724776     2.6381     0.1577    90.8766    14.7612    39.0112    29.1224    184.459 0.0000e+00
    357.000    14.8138   4.724416     2.6370     0.1569    90.8784    14.7581    39.0104    29.1224    183.929 0.0000e+00
    358.000    14.8093   4.723778     2.6310     0.1567    90.8633    14.7535    39.0085    29.1220    182.678 0.0000e+00
    359.000    14.7865   4.720688     2.6219     0.1550    90.8688    14.7306    39.0022    29.1223    181.765 0.0000e+00
    360.000    14.7633   4.717709     2.6150     0.1556    90.8841    14.7073    38.9973    29.1237    181.661 0.0000e+00
    361.000    14.7565   4.716862     2.6117     0.1575    90.8840    14.7003    38.9958    29.1241    181.697 0.0000e+00
    362.000    14.7576   4.717202     2.6087     0.1568    90.8855    14.7013    38.9973    29.1251    181.022 0.0000e+00
    363.000    14.7572   4.717114     2.6006     0.1584    90.8834    14.7008    38.9965    29.1246    179.590 0.0000e+00
    364.000    14.7250   4.712572     2.5891     0.1566    90.8860    14.6685    38.9861    29.1237    178.465 0.0000e+00
    365.000    14.6870   4.707642     2.5776     0.1528    90.8933    14.6304    38.9778    29.1259    177.985 0.0000e+00
    366.000    14.6750   4.706126     2.5694     0.1567    90.8933    14.6183    38.9753    29.1267    177.603 0.0000e+00
    367.000    14.6706   4.705619     2.5622     0.1561    90.8977    14.6138    38.9745    29.1271    177.026 0.0000e+00
    368.000    14.6656   4.704913     2.5559     0.1572    90.9042    14.6086    38.9726    29.1267    176.484 0.0000e+00
    369.000    14.6502   4.702797     2.5504     0.1559    90.8997    14.5930    38.9679    29.1265    176.081 0.0000e+00
    370.000    14.6375   4.701281     2.5455     0.1555    90.9064    14.5802    38.9660    29.1279    175.657 0.0000e+00
    371.000    14.6301   4.700314     2.5398     0.1545    90.9097    14.5728    38.9639    29.1280    175.155 0.0000e+00
    372.000    14.6232   4.699478     2.5338     0.1533    90.9086    14.5657    38.9626    29.1286    174.902 0.0000e+00
    373.000    14.6210   4.699256     2.5309     0.1551    90.8709    14.5633    38.9623    29.1289    175.249 0.0000e+00
    374.000    14.6198   4.699155     2.5319     0.1563    90.9085    14.5620    38.9621    29.1290    175.719 0.0000e+00
    375.000    14.6183   4.699016     2.5328     0.1592    90.8906    14.5603    38.9619    29.1293    175.510 0.0000e+00
    376.000    14.6156   4.698708     2.5301     0.1575    90.9113    14.5575    38.9613    29.1294    175.201 0.0000e+00
    377.000    14.6149   4.698718     2.5302     0.1565    90.9087    14.5566    38.9617    29.1299    175.503 0.0000e+00
    378.000    14.6137   4.698583     2.5305     0.1573    90.9101    14.5552    38.9612    29.1299    175.558 0.0000e+00
    379.000    14.6075   4.697855     2.5307     0.1554    90.9128    14.5489    38.9602    29.1305    175.629 0.0000e+00
    380.000    14.6022   4.697336     2.5312     0.1560    90.9118    14.5435    38.9602    29.1317    175.869 0.0000e+00
    381.000    14.5982   4.696942     2.5332     0.1558    90.9081    14.5393    38.9601    29.1325    176.073 0.0000e+00
    382.000    14.5911   4.696030     2.5336     0.1541    90.9105    14.5321    38.9583    29.1327    175.956 0.0000e+00
    383.000    14.5870   4.695621     2.5333     0.1550    90.9021    14.5279    38.9582    29.1336    175.893 0.0000e+00
    384.000    14.5863   4.695548     2.5327     0.1551    90.9106    14.5269    38.9578    29.1335    175.881 0.0000e+00
    385.000    14.5855   4.695493     2.5322     0.1528    90.9011    14.5260    38.9576    29.1335    175.629 0.0000e+00
    386.000    14.5843   4.695385     2.5298     0.1523    90.9099    14.5247    38.9574    29.1337    175.245 0.0000e+00
    387.000    14.5830   4.695295     2.5273     0.1518    90.9115    14.5232    38.9574    29.1340    174.990 0.0000e+00
    388.000    14.5777   4.694540     2.5252     0.1519    90.9034    14.5178    38.9552    29.1335    174.634 0.0000e+00
    389.000    14.5596   4.692229     2.5204     0.1543    90.9098    14.4996    38.9513    29.1346    174.254 0.0000e+00
    390.000    14.5452   4.690588     2.5163     0.1536    90.9129    14.4850    38.9501    29.1368    174.330 0.0000e+00
    391.000    14.5391   4.689682     2.5128     0.1562    90.9172    14.4788    38.9473    29.1361    173.663 0.0000e+00
    392.000    14.5329   4.688919     2.5078     0.1553    90.9155    14.4725    38.9459    29.1364    173.478 0.0000e+00
    393.000    14.5214   4.687529     2.5071     0.1524    90.9158    14.4609    38.9440    29.1375    173.940 0.0000e+00
