Data/raw_excel/lovbio090d/CTD/bioargomed04.cnv
* Sea-Bird SBE 9 Data File:
* FileName = C:\CTD\raw\bioargomed04.hdr
* Software Version Seasave V 7.23.2
* Temperature SN = 2473
* Conductivity SN = 1313
* Number of Bytes Per Scan = 31
* Number of Voltage Words = 4
* Number of Scans Averaged by the Deck Unit = 1
* NMEA Latitude = 33 34.08 N
* NMEA Longitude = 028 27.99 E
* NMEA UTC (Time) = May 21 2015  12:11:47
* NMEA baud rate = 4800
** Ship: TETHYS 2
** Cruise: BIOARGOMED
** Station: 04
# nquan = 11
# nvalues = 506                         
# units = specified
# name 0 = prDM: Pressure, Digiquartz [db]
# name 1 = t090C: Temperature [ITS-90, deg C]
# name 2 = c0S/m: Conductivity [S/m]
# name 3 = sbeox0V: Oxygen raw, SBE 43 [V]
# name 4 = flC: Fluorescence, Chelsea Aqua 3 Chl Con [ug/l]
# name 5 = CStarTr0: Beam Transmission, WET Labs C-Star [%]
# name 6 = potemp090C: Potential Temperature [ITS-90, deg C]
# name 7 = sal00: Salinity, Practical [PSU]
# name 8 = sigma-é00: Density [sigma-theta, kg/m^3]
# name 9 = sbeox0Mm/Kg: Oxygen, SBE 43 [umol/kg], WS = 2
# name 10 = flag: flag
# span 0 =      1.000,    506.000       
# span 1 =    14.1326,    21.4323       
# span 2 =   4.642536,   5.413906       
# span 3 =     2.4001,     3.3400       
# span 4 =     0.1461,     0.2720       
# span 5 =    81.1024,    90.9247       
# span 6 =    14.0558,    21.4319       
# span 7 =    38.7921,    39.1009       
# span 8 =    27.2851,    29.1641       
# span 9 =    167.252,    225.137       
# span 10 = 0.0000e+00, 0.0000e+00      
# interval = decibars: 1                
# start_time = May 21 2015 12:11:47 [NMEA time, header]
# bad_flag = -9.990e-29
*END*
[from data line 394]
    395.000    14.5178   4.687237     2.5078     0.1494    90.9144    14.4569    38.9441    29.1384    174.067 0.0000e+00
    396.000    14.5173   4.687204     2.5077     0.1542    90.9108    14.4563    38.9438    29.1383    173.945 0.0000e+00
    397.000    14.5155   4.687036     2.5055     0.1484    90.9153    14.4543    38.9436    29.1387    173.570 0.0000e+00
    398.000    14.5143   4.686934     2.5046     0.1502    90.9143    14.4530    38.9434    29.1388    173.956 0.0000e+00
    399.000    14.5150   4.687154     2.5064     0.1535    90.9155    14.4536    38.9443    29.1394    174.137 0.0000e+00
    400.000    14.5174   4.687532     2.5061     0.1550    90.9156    14.4558    38.9450    29.1394    174.027 0.0000e+00
    401.000    14.5131   4.687013     2.5066     0.1584    90.9121    14.4513    38.9441    29.1397    174.146 0.0000e+00
    402.000    14.5060   4.686183     2.5070     0.1620    90.9123    14.4440    38.9430    29.1405    174.336 0.0000e+00
    403.000    14.5031   4.685932     2.5085     0.1590    90.9143    14.4411    38.9431    29.1412    174.546 0.0000e+00
    404.000    14.5023   4.685854     2.5088     0.1534    90.9088    14.4401    38.9427    29.1411    174.283 0.0000e+00
    405.000    14.4943   4.684849     2.5071     0.1489    90.9109    14.4319    38.9409    29.1416    174.057 0.0000e+00
    406.000    14.4862   4.683901     2.5055     0.1514    90.9120    14.4238    38.9397    29.1424    173.875 0.0000e+00
    407.000    14.4814   4.683297     2.5022     0.1531    90.9101    14.4188    38.9385    29.1425    173.555 0.0000e+00
    408.000    14.4781   4.682908     2.5006     0.1567    90.8944    14.4153    38.9378    29.1428    173.575 0.0000e+00
    409.000    14.4774   4.682885     2.4992     0.1537    90.9135    14.4145    38.9377    29.1429    173.447 0.0000e+00
    410.000    14.4773   4.682918     2.4980     0.1523    90.9127    14.4143    38.9377    29.1430    173.709 0.0000e+00
    411.000    14.4760   4.682761     2.5000     0.1508    90.9058    14.4128    38.9371    29.1428    174.095 0.0000e+00
    412.000    14.4703   4.682068     2.5006     0.1509    90.9089    14.4070    38.9359    29.1432    173.878 0.0000e+00
    413.000    14.4717   4.682319     2.4974     0.1539    90.9057    14.4082    38.9364    29.1433    173.305 0.0000e+00
    414.000    14.4631   4.681218     2.4946     0.1539    90.9158    14.3994    38.9344    29.1437    173.234 0.0000e+00
    415.000    14.4600   4.680866     2.4937     0.1517    90.9143    14.3962    38.9337    29.1439    173.004 0.0000e+00
    416.000    14.4514   4.679763     2.4915     0.1530    90.9081    14.3874    38.9316    29.1442    172.699 0.0000e+00
    417.000    14.4443   4.678916     2.4891     0.1570    90.9081    14.3802    38.9304    29.1449    172.637 0.0000e+00
    418.000    14.4396   4.678383     2.4882     0.1553    90.9131    14.3753    38.9297    29.1454    172.845 0.0000e+00
    419.000    14.4379   4.678240     2.4872     0.1534    90.9158    14.3736    38.9295    29.1457    172.748 0.0000e+00
    420.000    14.4352   4.677917     2.4857     0.1488    90.9159    14.3707    38.9289    29.1458    172.681 0.0000e+00
    421.000    14.4346   4.677905     2.4853     0.1528    90.9188    14.3700    38.9289    29.1459    172.681 0.0000e+00
    422.000    14.4341   4.677880     2.4846     0.1526    90.9174    14.3693    38.9287    29.1460    172.741 0.0000e+00
    423.000    14.4282   4.677197     2.4853     0.1521    90.9066    14.3633    38.9278    29.1466    172.967 0.0000e+00
    424.000    14.4280   4.677201     2.4859     0.1485    90.9078    14.3629    38.9276    29.1465    172.831 0.0000e+00
    425.000    14.4238   4.676690     2.4838     0.1541    90.9133    14.3586    38.9266    29.1467    172.569 0.0000e+00
    426.000    14.4213   4.676425     2.4829     0.1570    90.9155    14.3559    38.9262    29.1470    172.550 0.0000e+00
    427.000    14.4196   4.676242     2.4823     0.1556    90.9111    14.3540    38.9258    29.1471    172.609 0.0000e+00
    428.000    14.4176   4.676031     2.4822     0.1528    90.9114    14.3519    38.9254    29.1473    172.606 0.0000e+00
    429.000    14.4154   4.675804     2.4809     0.1538    90.8470    14.3495    38.9250    29.1475    172.300 0.0000e+00
    430.000    14.4087   4.674875     2.4768     0.1539    90.9149    14.3427    38.9226    29.1471    171.793 0.0000e+00
    431.000    14.3885   4.672296     2.4729     0.1548    90.9157    14.3224    38.9183    29.1483    171.423 0.0000e+00
    432.000    14.3820   4.671537     2.4708     0.1537    90.9174    14.3158    38.9172    29.1489    171.416 0.0000e+00
    433.000    14.3774   4.671023     2.4695     0.1535    90.9174    14.3111    38.9166    29.1494    171.236 0.0000e+00
    434.000    14.3736   4.670566     2.4656     0.1512    90.9167    14.3071    38.9157    29.1496    170.880 0.0000e+00
    435.000    14.3678   4.669816     2.4631     0.1516    90.9202    14.3012    38.9140    29.1497    170.932 0.0000e+00
    436.000    14.3618   4.669053     2.4605     0.1550    90.9209    14.2950    38.9126    29.1499    170.596 0.0000e+00
    437.000    14.3553   4.668315     2.4594     0.1538    90.8582    14.2884    38.9117    29.1506    170.765 0.0000e+00
    438.000    14.3484   4.667429     2.4588     0.1575    90.9115    14.2814    38.9099    29.1508    170.782 0.0000e+00
    439.000    14.3417   4.666611     2.4582     0.1570    90.9193    14.2746    38.9085    29.1512    170.766 0.0000e+00
    440.000    14.3368   4.666016     2.4567     0.1532    90.9171    14.2695    38.9074    29.1515    170.474 0.0000e+00
    441.000    14.3325   4.665547     2.4552     0.1504    90.9160    14.2650    38.9069    29.1521    170.548 0.0000e+00
    442.000    14.3310   4.665399     2.4555     0.1511    90.9216    14.2634    38.9066    29.1522    170.809 0.0000e+00
    443.000    14.3307   4.665409     2.4555     0.1512    90.9153    14.2629    38.9066    29.1523    170.628 0.0000e+00
    444.000    14.3285   4.665117     2.4523     0.1516    90.9151    14.2606    38.9056    29.1520    170.176 0.0000e+00
    445.000    14.3244   4.664664     2.4517     0.1541    90.9159    14.2564    38.9050    29.1525    170.338 0.0000e+00
    446.000    14.3190   4.663958     2.4509     0.1528    90.9177    14.2508    38.9034    29.1525    170.194 0.0000e+00
    447.000    14.3128   4.663248     2.4497     0.1552    90.9110    14.2445    38.9025    29.1532    170.144 0.0000e+00
    448.000    14.3090   4.662823     2.4492     0.1545    90.9213    14.2406    38.9019    29.1536    170.246 0.0000e+00
    449.000    14.3085   4.662812     2.4485     0.1484    90.9203    14.2399    38.9019    29.1537    170.194 0.0000e+00
    450.000    14.3040   4.662226     2.4476     0.1493    90.9165    14.2352    38.9005    29.1537    170.018 0.0000e+00
    451.000    14.2993   4.661723     2.4460     0.1514    90.9168    14.2304    38.9000    29.1544    169.993 0.0000e+00
    452.000    14.2988   4.661732     2.4463     0.1475    90.9157    14.2298    38.9001    29.1546    170.297 0.0000e+00
    453.000    14.2977   4.661622     2.4471     0.1477    90.9159    14.2285    38.8998    29.1547    170.377 0.0000e+00
    454.000    14.2962   4.661478     2.4471     0.1496    90.9131    14.2269    38.8995    29.1547    170.239 0.0000e+00
    455.000    14.2953   4.661404     2.4460     0.1510    90.9175    14.2258    38.8992    29.1548    170.012 0.0000e+00
    456.000    14.2937   4.661213     2.4434     0.1529    90.9184    14.2240    38.8987    29.1548    169.654 0.0000e+00
    457.000    14.2853   4.660080     2.4416     0.1461    90.9171    14.2155    38.8961    29.1546    169.514 0.0000e+00
    458.000    14.2751   4.658881     2.4399     0.1505    90.9173    14.2052    38.8946    29.1557    169.351 0.0000e+00
    459.000    14.2723   4.658538     2.4379     0.1554    90.9144    14.2022    38.8937    29.1557    169.295 0.0000e+00
    460.000    14.2674   4.657937     2.4371     0.1580    90.9181    14.1972    38.8926    29.1560    169.431 0.0000e+00
    461.000    14.2625   4.657355     2.4358     0.1533    90.9174    14.1922    38.8916    29.1563    169.288 0.0000e+00
    462.000    14.2605   4.657142     2.4352     0.1507    90.9228    14.1900    38.8912    29.1565    169.381 0.0000e+00
    463.000    14.2607   4.657229     2.4351     0.1533    90.9202    14.1900    38.8914    29.1566    169.249 0.0000e+00
    464.000    14.2604   4.657238     2.4330     0.1557    90.9156    14.1896    38.8913    29.1566    169.001 0.0000e+00
    465.000    14.2604   4.657276     2.4321     0.1542    90.9184    14.1895    38.8912    29.1565    169.200 0.0000e+00
    466.000    14.2599   4.657253     2.4324     0.1521    90.9247    14.1888    38.8911    29.1566    169.243 0.0000e+00
    467.000    14.2593   4.657194     2.4317     0.1588    90.9205    14.1880    38.8907    29.1565    169.140 0.0000e+00
    468.000    14.2584   4.657140     2.4318     0.1593    90.9160    14.1870    38.8907    29.1567    169.250 0.0000e+00
    469.000    14.2539   4.656544     2.4318     0.1544    90.9159    14.1823    38.8891    29.1565    169.304 0.0000e+00
    470.000    14.2515   4.656320     2.4312     0.1538    90.9145    14.1798    38.8890    29.1570    169.162 0.0000e+00
    471.000    14.2491   4.655996     2.4303     0.1513    90.9122    14.1772    38.8880    29.1568    169.103 0.0000e+00
    472.000    14.2448   4.655517     2.4293     0.1491    90.9170    14.1728    38.8874    29.1572    169.015 0.0000e+00
    473.000    14.2411   4.655067     2.4291     0.1490    90.9227    14.1690    38.8863    29.1573    168.895 0.0000e+00
    474.000    14.2380   4.654707     2.4268     0.1522    90.9237    14.1658    38.8856    29.1575    168.571 0.0000e+00
    475.000    14.2336   4.654169     2.4255     0.1504    90.9158    14.1612    38.8846    29.1576    168.537 0.0000e+00
    476.000    14.2294   4.653682     2.4236     0.1488    90.9201    14.1568    38.8838    29.1580    168.434 0.0000e+00
    477.000    14.2263   4.653298     2.4223     0.1531    90.9233    14.1536    38.8829    29.1580    168.533 0.0000e+00
    478.000    14.2179   4.652228     2.4216     0.1564    90.9219    14.1451    38.8808    29.1583    168.457 0.0000e+00
    479.000    14.2139   4.651808     2.4202     0.1484    90.9142    14.1410    38.8804    29.1589    168.173 0.0000e+00
    480.000    14.2127   4.651703     2.4176     0.1478    90.9215    14.1396    38.8802    29.1590    167.748 0.0000e+00
    481.000    14.2109   4.651501     2.4147     0.1482    90.9213    14.1376    38.8798    29.1591    167.725 0.0000e+00
    482.000    14.2091   4.651309     2.4145     0.1488    90.9157    14.1357    38.8793    29.1592    168.089 0.0000e+00
    483.000    14.2033   4.650564     2.4151     0.1508    90.9178    14.1297    38.8777    29.1592    168.204 0.0000e+00
    484.000    14.1978   4.649934     2.4153     0.1534    90.9174    14.1241    38.8768    29.1598    168.380 0.0000e+00
    485.000    14.1968   4.649871     2.4160     0.1494    90.9183    14.1229    38.8769    29.1601    168.190 0.0000e+00
    486.000    14.1944   4.649585     2.4140     0.1513    90.9210    14.1204    38.8761    29.1600    167.931 0.0000e+00
    487.000    14.1933   4.649495     2.4132     0.1543    90.9158    14.1192    38.8759    29.1601    167.963 0.0000e+00
    488.000    14.1907   4.649172     2.4128     0.1531    90.9100    14.1164    38.8751    29.1601    167.994 0.0000e+00
    489.000    14.1916   4.649358     2.4129     0.1511    90.9181    14.1171    38.8755    29.1603    168.010 0.0000e+00
    490.000    14.1892   4.649062     2.4124     0.1509    90.9069    14.1147    38.8746    29.1601    167.938 0.0000e+00
    491.000    14.1869   4.648851     2.4124     0.1548    90.9161    14.1122    38.8746    29.1606    168.121 0.0000e+00
    492.000    14.1873   4.648931     2.4123     0.1567    90.9153    14.1124    38.8745    29.1605    168.105 0.0000e+00
    493.000    14.1870   4.648914     2.4108     0.1513    90.9168    14.1120    38.8741    29.1603    167.892 0.0000e+00
    494.000    14.1823   4.648356     2.4114     0.1525    90.9158    14.1072    38.8732    29.1606    168.037 0.0000e+00
    495.000    14.1784   4.647905     2.4104     0.1530    90.9038    14.1031    38.8725    29.1610    167.959 0.0000e+00
    496.000    14.1758   4.647626     2.4100     0.1558    90.9166    14.1004    38.8720    29.1612    167.948 0.0000e+00
    497.000    14.1726   4.647214     2.4093     0.1563    90.9164    14.0970    38.8709    29.1611    167.934 0.0000e+00
    498.000    14.1703   4.647002     2.4085     0.1553    90.9170    14.0945    38.8708    29.1616    167.838 0.0000e+00
    499.000    14.1678   4.646702     2.4065     0.1541    90.9225    14.0919    38.8701    29.1616    167.520 0.0000e+00
    500.000    14.1664   4.646553     2.4043     0.1546    90.9168    14.0903    38.8696    29.1616    167.499 0.0000e+00
    501.000    14.1572   4.645355     2.4038     0.1561    90.9206    14.0810    38.8672    29.1617    167.588 0.0000e+00
    502.000    14.1531   4.644900     2.4051     0.1515    90.9175    14.0769    38.8665    29.1621    167.806 0.0000e+00
    503.000    14.1480   4.644301     2.4027     0.1524    90.9216    14.0716    38.8656    29.1625    167.318 0.0000e+00
    504.000    14.1444   4.643837     2.4001     0.1492    90.9217    14.0678    38.8644    29.1625    167.252 0.0000e+00
    505.000    14.1369   4.642888     2.4002     0.1541    90.9174    14.0601    38.8627    29.1628    167.471 0.0000e+00
    506.000    14.1326   4.642536     2.4009     0.1543    90.9175    14.0558    38.8632    29.1641    167.687 0.0000e+00
