Data/raw_excel/lovbio090d/CTD/bioargomed04.cnv
* Sea-Bird SBE 9 Data File:
* FileName = C:\CTD\raw\bioargomed04.hdr
* Software Version Seasave V 7.23.2
* Temperature SN = 2473
* Conductivity SN = 1313
* Number of Bytes Per Scan = 31
* Number of Voltage Words = 4
* Number of Scans Averaged by the Deck Unit = 1
* NMEA Latitude = 33 34.08 N
* NMEA Longitude = 028 27.99 E
* NMEA UTC (Time) = May 21 2015  12:11:47
* NMEA baud rate = 4800
** Ship: TETHYS 2
** Cruise: BIOARGOMED
** Station: 04
# nquan = 11
# nvalues = 506                         
# units = specified
# name 0 = prDM: Pressure, Digiquartz [db]
# name 1 = t090C: Temperature [ITS-90, deg C]
# name 2 = c0S/m: Conductivity [S/m]
# name 3 = sbeox0V: Oxygen raw, SBE 43 [V]
# name 4 = flC: Fluorescence, Chelsea Aqua 3 Chl Con [ug/l]
# name 5 = CStarTr0: Beam Transmission, WET Labs C-Star [%]
# name 6 = potemp090C: Potential Temperature [ITS-90, deg C]
# name 7 = sal00: Salinity, Practical [PSU]
# name 8 = sigma-é00: Density [sigma-theta, kg/m^3]
# name 9 = sbeox0Mm/Kg: Oxygen, SBE 43 [umol/kg], WS = 2
# name 10 = flag: flag
# span 0 =      1.000,    506.000       
# span 1 =    14.1326,    21.4323       
# span 2 =   4.642536,   5.413906       
# span 3 =     2.4001,     3.3400       
# span 4 =     0.1461,     0.2720       
# span 5 =    81.1024,    90.9247       
# span 6 =    14.0558,    21.4319       
# span 7 =    38.7921,    39.1009       
# span 8 =    27.2851,    29.1641       
# span 9 =    167.252,    225.137       
# span 10 = 0.0000e+00, 0.0000e+00      
# interval = decibars: 1                
# start_time = May 21 2015 12:11:47 [NMEA time, header]
# bad_flag = -9.990e-29
*END*
      1.000    21.4269   5.413049     3.3328     0.1780    90.1359    21.4267    38.8189    27.2852    212.607 0.0000e+00
      2.000    21.4323   5.413906     3.2849     0.1775    90.1193    21.4319    38.8206    27.2851    206.818 0.0000e+00
      3.000    21.4213   5.412847     3.2924     0.1772    90.3577    21.4207    38.8216    27.2890    209.021 0.0000e+00
      4.000    21.4137   5.411881     3.3007     0.1797    90.3688    21.4129    38.8202    27.2901    209.225 0.0000e+00
      5.000    21.4079   5.411263     3.2890     0.1725    90.4014    21.4069    38.8202    27.2918    207.604 0.0000e+00
      6.000    21.3833   5.408558     3.2784     0.1729    90.4015    21.3821    38.8202    27.2988    207.126 0.0000e+00
      7.000    21.3444   5.403834     3.2767     0.1717    90.3972    21.3430    38.8168    27.3072    207.499 0.0000e+00
      8.000    21.3141   5.400428     3.2814     0.1716    90.3837    21.3126    38.8163    27.3153    208.207 0.0000e+00
      9.000    21.2278   5.390867     3.2788     0.1701    90.3360    21.2260    38.8168    27.3399    207.900 0.0000e+00
     10.000    21.1232   5.378082     3.2757     0.1683    90.2632    21.1213    38.8075    27.3621    208.175 0.0000e+00
     11.000    21.1035   5.376275     3.2753     0.1715    90.2875    21.1013    38.8105    27.3699    208.068 0.0000e+00
     12.000    21.0979   5.375732     3.2728     0.1697    90.2940    21.0956    38.8107    27.3716    208.086 0.0000e+00
     13.000    21.0992   5.375946     3.2873     0.1702    90.3037    21.0967    38.8109    27.3715    209.594 0.0000e+00
     14.000    21.0844   5.374329     3.2899     0.1756    90.3075    21.0817    38.8108    27.3756    209.861 0.0000e+00
     15.000    21.0824   5.374161     3.2923     0.1725    90.3013    21.0794    38.8109    27.3763    210.037 0.0000e+00
     16.000    21.0755   5.373484     3.2940     0.1746    90.3144    21.0724    38.8113    27.3785    210.021 0.0000e+00
     17.000    21.0603   5.371810     3.2915     0.1729    90.3149    21.0570    38.8111    27.3826    209.763 0.0000e+00
     18.000    21.0424   5.369797     3.2904     0.1709    90.3387    21.0389    38.8106    27.3873    209.853 0.0000e+00
     19.000    20.9459   5.357741     3.2848     0.1664    90.3953    20.9422    38.7998    27.4059    209.477 0.0000e+00
     20.000    20.7323   5.333004     3.2893     0.1642    90.4029    20.7284    38.7921    27.4591    212.034 0.0000e+00
     21.000    20.1450   5.272614     3.3052     0.1691    90.3331    20.1410    38.8333    27.6508    215.774 0.0000e+00
     22.000    19.6981   5.228389     3.3225     0.1652    90.3970    19.6940    38.8784    27.8055    219.274 0.0000e+00
     23.000    19.3253   5.191668     3.3334     0.1600    90.3938    19.3210    38.9176    27.9345    220.971 0.0000e+00
     24.000    19.2128   5.177441     3.3383     0.1621    90.3951    19.2084    38.9020    27.9523    221.328 0.0000e+00
     25.000    19.0853   5.161091     3.3378     0.1667    90.4030    19.0808    38.8825    27.9709    221.609 0.0000e+00
     26.000    18.9607   5.146411     3.3382     0.1695    90.3693    18.9560    38.8745    27.9974    222.472 0.0000e+00
     27.000    18.8996   5.139921     3.3400     0.1687    90.2958    18.8947    38.8764    28.0148    222.660 0.0000e+00
     28.000    18.8403   5.133436     3.3366     0.1686    90.2584    18.8353    38.8765    28.0304    222.553 0.0000e+00
     29.000    18.7920   5.128616     3.3367     0.1695    90.2692    18.7868    38.8806    28.0461    222.813 0.0000e+00
     30.000    18.7646   5.127167     3.3300     0.1696    90.2548    18.7592    38.8936    28.0632    221.716 0.0000e+00
     31.000    18.6863   5.117955     3.3195     0.1701    90.3334    18.6807    38.8883    28.0795    222.166 0.0000e+00
     32.000    18.3923   5.080608     3.3264     0.1749    90.3293    18.3866    38.8456    28.1224    224.713 0.0000e+00
     33.000    18.3123   5.071762     3.3322     0.1746    90.2948    18.3064    38.8448    28.1423    225.137 0.0000e+00
     34.000    18.3211   5.073511     3.3295     0.1707    90.3368    18.3150    38.8512    28.1450    224.281 0.0000e+00
     35.000    18.3255   5.076358     3.3220     0.1648    90.1396    18.3192    38.8712    28.1593    223.620 0.0000e+00
     36.000    18.2358   5.067151     3.3212     0.1668    90.0751    18.2294    38.8765    28.1863    224.076 0.0000e+00
     37.000    18.2171   5.067878     3.3210     0.1675    90.0515    18.2105    38.9002    28.2093    223.902 0.0000e+00
     38.000    18.2225   5.067739     3.3139     0.1680    90.1216    18.2158    38.8934    28.2027    223.197 0.0000e+00
     39.000    18.1793   5.064539     3.3074     0.1685    90.4814    18.1724    38.9064    28.2238    223.022 0.0000e+00
     40.000    18.1056   5.056862     3.3045     0.1660    90.3691    18.0986    38.9098    28.2451    222.965 0.0000e+00
     41.000    18.0552   5.050772     3.3012     0.1658    90.2403    18.0480    38.9047    28.2540    223.244 0.0000e+00
     42.000    17.9990   5.043669     3.3031     0.1639    90.4016    17.9916    38.8962    28.2618    223.809 0.0000e+00
     43.000    17.9614   5.039450     3.3022     0.1663    90.3578    17.9538    38.8951    28.2705    223.871 0.0000e+00
     44.000    17.9322   5.036252     3.3013     0.1633    90.4558    17.9245    38.8948    28.2776    223.746 0.0000e+00
     45.000    17.9414   5.039973     3.2991     0.1613    90.1836    17.9335    38.9179    28.2931    223.615 0.0000e+00
     46.000    17.9134   5.037469     3.2991     0.1647    90.4950    17.9053    38.9225    28.3038    223.861 0.0000e+00
     47.000    17.8871   5.034938     3.2981     0.1664    90.5224    17.8789    38.9252    28.3125    223.658 0.0000e+00
     48.000    17.8444   5.030383     3.2937     0.1631    90.4222    17.8360    38.9260    28.3239    223.531 0.0000e+00
     49.000    17.7812   5.022985     3.2944     0.1675    90.5092    17.7726    38.9217    28.3365    224.136 0.0000e+00
     50.000    17.7472   5.019295     3.2930     0.1681    90.4451    17.7385    38.9216    28.3450    224.168 0.0000e+00
     51.000    17.7433   5.019104     3.2956     0.1705    90.4916    17.7344    38.9233    28.3473    224.591 0.0000e+00
     52.000    17.7250   5.017466     3.2932     0.1703    90.5010    17.7160    38.9261    28.3541    223.917 0.0000e+00
     53.000    17.7070   5.016101     3.2871     0.1710    90.5016    17.6978    38.9310    28.3624    223.578 0.0000e+00
     54.000    17.6654   5.011329     3.2855     0.1737    90.5233    17.6560    38.9288    28.3712    223.890 0.0000e+00
     55.000    17.6365   5.008378     3.2853     0.1748    90.5550    17.6270    38.9303    28.3796    223.840 0.0000e+00
     56.000    17.5901   5.002715     3.2815     0.1733    90.5450    17.5804    38.9250    28.3871    223.441 0.0000e+00
     57.000    17.5704   5.000477     3.2780     0.1734    90.5256    17.5606    38.9238    28.3912    223.681 0.0000e+00
     58.000    17.5133   4.994351     3.2749     0.1688    90.5045    17.5033    38.9247    28.4061    223.470 0.0000e+00
     59.000    17.4788   4.991007     3.2735     0.1700    90.5182    17.4686    38.9281    28.4173    223.861 0.0000e+00
     60.000    17.4597   4.989284     3.2741     0.1759    90.5254    17.4494    38.9309    28.4243    224.140 0.0000e+00
     61.000    17.4416   4.987503     3.2748     0.1751    90.5238    17.4311    38.9323    28.4299    224.224 0.0000e+00
     62.000    17.4630   4.989674     3.2743     0.1692    90.5176    17.4523    38.9303    28.4231    223.980 0.0000e+00
     63.000    17.4005   4.983576     3.2734     0.1734    90.4876    17.3897    38.9365    28.4434    224.293 0.0000e+00
     64.000    17.3984   4.984144     3.2728     0.1747    90.4887    17.3875    38.9431    28.4490    224.325 0.0000e+00
     65.000    17.3971   4.985062     3.2738     0.1751    90.4902    17.3860    38.9521    28.4563    224.599 0.0000e+00
     66.000    17.3938   4.984803     3.2735     0.1754    90.4772    17.3825    38.9525    28.4575    224.379 0.0000e+00
     67.000    17.3727   4.982393     3.2624     0.1768    90.4747    17.3613    38.9512    28.4618    223.026 0.0000e+00
     68.000    17.3036   4.974715     3.2591     0.1746    90.4637    17.2919    38.9500    28.4779    223.379 0.0000e+00
     69.000    17.2567   4.969348     3.2599     0.1723    90.4647    17.2449    38.9475    28.4876    223.920 0.0000e+00
     70.000    17.2237   4.966192     3.2562     0.1725    90.4494    17.2118    38.9511    28.4986    223.152 0.0000e+00
     71.000    17.2017   4.963913     3.2498     0.1691    90.4717    17.1896    38.9518    28.5046    223.037 0.0000e+00
     72.000    17.1831   4.962475     3.2487     0.1714    90.5196    17.1709    38.9567    28.5130    222.951 0.0000e+00
     73.000    17.1581   4.960050     3.2425     0.1768    90.5314    17.1456    38.9591    28.5210    222.336 0.0000e+00
     74.000    17.1111   4.954564     3.2370     0.1836    90.5319    17.0985    38.9556    28.5299    222.138 0.0000e+00
     75.000    17.0911   4.953790     3.2305     0.1853    90.5427    17.0783    38.9678    28.5442    221.401 0.0000e+00
     76.000    17.0621   4.950790     3.2261     0.1820    90.5181    17.0493    38.9688    28.5521    221.349 0.0000e+00
     77.000    17.0361   4.949017     3.2227     0.1838    90.4640    17.0230    38.9780    28.5656    221.467 0.0000e+00
     78.000    17.0288   4.948498     3.2223     0.1841    90.4420    17.0156    38.9800    28.5689    221.963 0.0000e+00
     79.000    17.0239   4.948305     3.2256     0.1794    90.4419    17.0105    38.9826    28.5722    222.466 0.0000e+00
     80.000    17.0121   4.947263     3.2270     0.1787    90.4116    16.9985    38.9845    28.5765    222.323 0.0000e+00
     81.000    16.9936   4.945904     3.2259     0.1796    90.3861    16.9799    38.9899    28.5853    222.294 0.0000e+00
     82.000    16.9828   4.945126     3.2257     0.1851    90.3658    16.9690    38.9930    28.5904    222.050 0.0000e+00
     83.000    16.9782   4.944869     3.2207     0.1828    90.3473    16.9641    38.9949    28.5930    221.645 0.0000e+00
     84.000    16.9688   4.944243     3.2207     0.1826    90.4016    16.9546    38.9980    28.5977    221.941 0.0000e+00
     85.000    16.9577   4.943399     3.2190     0.1810    90.4322    16.9433    39.0009    28.6027    221.625 0.0000e+00
     86.000    16.9345   4.941478     3.2163     0.1871    90.4339    16.9200    39.0059    28.6122    221.849 0.0000e+00
     87.000    16.9204   4.940397     3.2164     0.1910    90.4289    16.9058    39.0096    28.6185    221.809 0.0000e+00
     88.000    16.9095   4.939541     3.2147     0.1877    90.4579    16.8946    39.0122    28.6233    221.389 0.0000e+00
     89.000    16.8962   4.938529     3.2057     0.1888    90.4841    16.8812    39.0157    28.6292    220.071 0.0000e+00
     90.000    16.8682   4.935926     3.1967     0.1911    90.4819    16.8531    39.0194    28.6389    219.435 0.0000e+00
     91.000    16.8288   4.932431     3.1885     0.1928    90.4827    16.8135    39.0263    28.6538    218.959 0.0000e+00
     92.000    16.8160   4.931406     3.1819     0.1933    90.4556    16.8005    39.0292    28.6593    218.659 0.0000e+00
     93.000    16.8132   4.931258     3.1768     0.1949    90.4498    16.7976    39.0301    28.6606    218.506 0.0000e+00
     94.000    16.8108   4.931090     3.1737     0.1964    90.4488    16.7950    39.0306    28.6616    218.730 0.0000e+00
     95.000    16.8024   4.930536     3.1740     0.1959    90.3940    16.7865    39.0333    28.6658    218.915 0.0000e+00
     96.000    16.7987   4.930376     3.1739     0.1920    90.3957    16.7825    39.0352    28.6682    218.796 0.0000e+00
     97.000    16.7937   4.929896     3.1719     0.1935    90.3960    16.7774    39.0353    28.6696    218.733 0.0000e+00
     98.000    16.7843   4.928865     3.1730     0.1947    90.3533    16.7679    39.0349    28.6715    219.008 0.0000e+00
     99.000    16.7778   4.928302     3.1715     0.1943    90.3552    16.7612    39.0358    28.6738    218.203 0.0000e+00
    100.000    16.7745   4.928081     3.1631     0.1977    90.3397    16.7577    39.0366    28.6753    216.989 0.0000e+00
    101.000    16.7679   4.927723     3.1553     0.2017    90.3328    16.7509    39.0394    28.6791    216.564 0.0000e+00
    102.000    16.7634   4.927574     3.1501     0.2036    90.3040    16.7463    39.0420    28.6823    216.424 0.0000e+00
    103.000    16.7564   4.927219     3.1444     0.2004    90.3393    16.7391    39.0453    28.6865    216.138 0.0000e+00
    104.000    16.7520   4.926976     3.1384     0.2076    90.3229    16.7346    39.0470    28.6889    215.618 0.0000e+00
    105.000    16.7477   4.926807     3.1313     0.2124    90.3145    16.7301    39.0492    28.6917    214.541 0.0000e+00
    106.000    16.7450   4.926866     3.1243     0.2127    90.2923    16.7273    39.0520    28.6946    214.304 0.0000e+00
    107.000    16.7416   4.926704     3.1225     0.2150    90.2482    16.7236    39.0535    28.6966    214.637 0.0000e+00
    108.000    16.7292   4.925625     3.1216     0.2240    90.1377    16.7111    39.0555    28.7012    214.647 0.0000e+00
    109.000    16.7282   4.925665     3.1182     0.2322    90.1697    16.7100    39.0564    28.7021    214.332 0.0000e+00
    110.000    16.7259   4.925486     3.1117     0.2256    90.1685    16.7074    39.0567    28.7030    213.420 0.0000e+00
    111.000    16.7151   4.924561     3.1081     0.2275    90.2527    16.6965    39.0585    28.7070    213.443 0.0000e+00
    112.000    16.7097   4.924384     3.1066     0.2234    90.3414    16.6909    39.0618    28.7109    213.360 0.0000e+00
    113.000    16.7006   4.923399     3.1035     0.2209    90.3542    16.6816    39.0615    28.7129    212.908 0.0000e+00
    114.000    16.6955   4.923012     3.0969     0.2172    90.3655    16.6764    39.0625    28.7149    212.048 0.0000e+00
    115.000    16.6779   4.920826     3.0874     0.2208    90.3469    16.6587    39.0598    28.7171    211.135 0.0000e+00
    116.000    16.6480   4.917694     3.0703     0.2231    90.3512    16.6286    39.0606    28.7250    208.981 0.0000e+00
    117.000    16.6170   4.914661     3.0505     0.2263    90.3808    16.5975    39.0633    28.7346    207.737 0.0000e+00
    118.000    16.5971   4.913273     3.0437     0.2376    90.3413    16.5774    39.0701    28.7447    207.793 0.0000e+00
    119.000    16.5882   4.912494     3.0392     0.2424    90.3458    16.5684    39.0713    28.7478    207.514 0.0000e+00
    120.000    16.5843   4.912188     3.0331     0.2468    90.3565    16.5643    39.0720    28.7493    207.287 0.0000e+00
    121.000    16.5803   4.911946     3.0299     0.2533    90.3658    16.5601    39.0733    28.7513    207.351 0.0000e+00
    122.000    16.5752   4.911584     3.0236     0.2547    90.3654    16.5549    39.0746    28.7536    206.344 0.0000e+00
    123.000    16.5703   4.911370     3.0170     0.2596    90.3268    16.5498    39.0771    28.7567    205.635 0.0000e+00
    124.000    16.5635   4.910688     3.0098     0.2600    90.3226    16.5428    39.0772    28.7585    204.995 0.0000e+00
    125.000    16.5540   4.909733     3.0032     0.2611    90.3344    16.5332    39.0775    28.7610    204.771 0.0000e+00
    126.000    16.5333   4.907396     2.9965     0.2615    90.3142    16.5124    39.0764    28.7652    204.360 0.0000e+00
    127.000    16.5121   4.905181     2.9920     0.2641    90.3107    16.4909    39.0769    28.7708    204.215 0.0000e+00
    128.000    16.5033   4.904709     2.9886     0.2720    90.3355    16.4820    39.0809    28.7760    204.036 0.0000e+00
    129.000    16.5047   4.905146     2.9871     0.2720    90.3586    16.4833    39.0830    28.7772    204.385 0.0000e+00
    130.000    16.4790   4.902115     2.9895     0.2604    90.3964    16.4574    39.0806    28.7816    204.527 0.0000e+00
    131.000    16.4586   4.900070     2.9847     0.2541    90.4193    16.4369    39.0818    28.7875    203.561 0.0000e+00
