Data/raw_excel/lovbio090d/CTD/bioargomed04.cnv
* Sea-Bird SBE 9 Data File:
* FileName = C:\CTD\raw\bioargomed04.hdr
* Software Version Seasave V 7.23.2
* Temperature SN = 2473
* Conductivity SN = 1313
* Number of Bytes Per Scan = 31
* Number of Voltage Words = 4
* Number of Scans Averaged by the Deck Unit = 1
* NMEA Latitude = 33 34.08 N
* NMEA Longitude = 028 27.99 E
* NMEA UTC (Time) = May 21 2015  12:11:47
* NMEA baud rate = 4800
** Ship: TETHYS 2
** Cruise: BIOARGOMED
** Station: 04
# nquan = 11
# nvalues = 506                         
# units = specified
# name 0 = prDM: Pressure, Digiquartz [db]
# name 1 = t090C: Temperature [ITS-90, deg C]
# name 2 = c0S/m: Conductivity [S/m]
# name 3 = sbeox0V: Oxygen raw, SBE 43 [V]
# name 4 = flC: Fluorescence, Chelsea Aqua 3 Chl Con [ug/l]
# name 5 = CStarTr0: Beam Transmission, WET Labs C-Star [%]
# name 6 = potemp090C: Potential Temperature [ITS-90, deg C]
# name 7 = sal00: Salinity, Practical [PSU]
# name 8 = sigma-é00: Density [sigma-theta, kg/m^3]
# name 9 = sbeox0Mm/Kg: Oxygen, SBE 43 [umol/kg], WS = 2
# name 10 = flag: flag
# span 0 =      1.000,    506.000       
# span 1 =    14.1326,    21.4323       
# span 2 =   4.642536,   5.413906       
# span 3 =     2.4001,     3.3400       
# span 4 =     0.1461,     0.2720       
# span 5 =    81.1024,    90.9247       
# span 6 =    14.0558,    21.4319       
# span 7 =    38.7921,    39.1009       
# span 8 =    27.2851,    29.1641       
# span 9 =    167.252,    225.137       
# span 10 = 0.0000e+00, 0.0000e+00      
# interval = decibars: 1                
# start_time = May 21 2015 12:11:47 [NMEA time, header]
# bad_flag = -9.990e-29
*END*
[from data line 132]
    133.000    16.4402   4.898690     2.9739     0.2480    90.4078    16.4182    39.0866    28.7957    202.913 0.0000e+00
    134.000    16.4372   4.898511     2.9677     0.2484    90.4489    16.4150    39.0875    28.7971    202.440 0.0000e+00
    135.000    16.4343   4.898310     2.9620     0.2464    90.4641    16.4119    39.0881    28.7983    201.817 0.0000e+00
    136.000    16.4283   4.897764     2.9571     0.2429    90.4749    16.4057    39.0887    28.8003    201.599 0.0000e+00
    137.000    16.4203   4.897062     2.9548     0.2439    90.4946    16.3976    39.0898    28.8031    201.800 0.0000e+00
    138.000    16.4101   4.896180     2.9540     0.2405    90.5116    16.3873    39.0915    28.8068    201.869 0.0000e+00
    139.000    16.4007   4.895281     2.9524     0.2320    90.5232    16.3776    39.0922    28.8097    201.833 0.0000e+00
    140.000    16.3740   4.892372     2.9522     0.2342    90.5633    16.3509    39.0918    28.8158    201.862 0.0000e+00
    141.000    16.3619   4.891145     2.9493     0.2331    90.5756    16.3386    39.0922    28.8190    201.277 0.0000e+00
    142.000    16.3524   4.889990     2.9452     0.2320    90.5651    16.3290    39.0907    28.8202    201.004 0.0000e+00
    143.000    16.3403   4.888700     2.9426     0.2319    90.6082    16.3167    39.0906    28.8231    201.036 0.0000e+00
    144.000    16.3258   4.887403     2.9409     0.2295    90.6161    16.3021    39.0927    28.8282    201.093 0.0000e+00
    145.000    16.3165   4.886692     2.9387     0.2278    90.6269    16.2926    39.0951    28.8322    200.903 0.0000e+00
    146.000    16.2948   4.884445     2.9339     0.2231    90.6323    16.2707    39.0957    28.8380    200.409 0.0000e+00
    147.000    16.2750   4.882474     2.9303     0.2217    90.6628    16.2507    39.0971    28.8437    200.206 0.0000e+00
    148.000    16.2580   4.880701     2.9281     0.2159    90.6859    16.2336    39.0974    28.8481    200.070 0.0000e+00
    149.000    16.2426   4.879130     2.9249     0.2199    90.6710    16.2181    39.0979    28.8522    199.804 0.0000e+00
    150.000    16.2328   4.878079     2.9217     0.2205    90.7105    16.2081    39.0977    28.8543    199.745 0.0000e+00
    151.000    16.2209   4.876839     2.9208     0.2197    90.7095    16.1960    39.0978    28.8573    200.170 0.0000e+00
    152.000    16.2252   4.877409     2.9169     0.2184    90.6971    16.2002    39.0983    28.8567    199.170 0.0000e+00
    153.000    16.1912   4.873623     2.9066     0.2125    90.7045    16.1661    39.0971    28.8639    198.038 0.0000e+00
    154.000    16.1784   4.872370     2.9013     0.2112    90.7062    16.1531    39.0980    28.8676    197.809 0.0000e+00
    155.000    16.1687   4.871356     2.8988     0.2141    90.6819    16.1432    39.0980    28.8700    197.872 0.0000e+00
    156.000    16.1688   4.871416     2.8961     0.2160    90.7126    16.1432    39.0980    28.8700    197.806 0.0000e+00
    157.000    16.1669   4.871230     2.8906     0.2183    90.7146    16.1412    39.0977    28.8703    196.961 0.0000e+00
    158.000    16.1522   4.869635     2.8811     0.2159    90.6971    16.1263    39.0974    28.8736    196.005 0.0000e+00
    159.000    16.1449   4.868840     2.8719     0.2167    90.7087    16.1188    39.0970    28.8750    194.731 0.0000e+00
    160.000    16.1295   4.867006     2.8616     0.2168    90.7141    16.1033    39.0951    28.8773    193.901 0.0000e+00
    161.000    16.1102   4.864888     2.8553     0.2118    90.7079    16.0838    39.0946    28.8815    193.868 0.0000e+00
    162.000    16.0986   4.863611     2.8506     0.2074    90.6737    16.0721    39.0940    28.8838    193.801 0.0000e+00
    163.000    16.1056   4.864382     2.8404     0.2061    90.6810    16.0789    39.0937    28.8819    192.836 0.0000e+00
    164.000    16.0803   4.861529     2.8338     0.2074    90.6241    16.0534    39.0924    28.8870    192.631 0.0000e+00
    165.000    16.0659   4.859888     2.8325     0.2012    90.6141    16.0389    39.0913    28.8896    192.908 0.0000e+00
    166.000    16.0483   4.857969     2.8316     0.2031    90.6277    16.0212    39.0909    28.8934    192.696 0.0000e+00
    167.000    16.0374   4.856807     2.8269     0.2030    90.6295    16.0101    39.0907    28.8959    191.947 0.0000e+00
    168.000    16.0265   4.855557     2.8210     0.2023    90.6449    15.9990    39.0897    28.8977    191.918 0.0000e+00
    169.000    15.9996   4.852509     2.8203     0.1970    90.6632    15.9720    39.0882    28.9029    192.135 0.0000e+00
    170.000    15.9945   4.852062     2.8171     0.1953    90.6582    15.9668    39.0887    28.9046    191.530 0.0000e+00
    171.000    15.9866   4.851164     2.8117     0.1908    90.6582    15.9588    39.0879    28.9059    191.215 0.0000e+00
    172.000    15.9737   4.849688     2.8104     0.1868    90.6733    15.9456    39.0869    28.9082    191.730 0.0000e+00
    173.000    15.9651   4.848847     2.8123     0.1858    90.6681    15.9369    39.0873    28.9106    192.177 0.0000e+00
    174.000    15.9547   4.848000     2.8143     0.1821    90.6541    15.9264    39.0895    28.9147    192.516 0.0000e+00
    175.000    15.9506   4.847734     2.8173     0.1859    90.6515    15.9222    39.0907    28.9166    192.803 0.0000e+00
    176.000    15.9475   4.847510     2.8194     0.1893    90.6429    15.9188    39.0913    28.9179    192.753 0.0000e+00
    177.000    15.9436   4.847230     2.8192     0.1922    90.6478    15.9147    39.0922    28.9195    192.517 0.0000e+00
    178.000    15.9389   4.846710     2.8183     0.1913    90.6470    15.9099    39.0917    28.9203    192.673 0.0000e+00
    179.000    15.9316   4.845968     2.8199     0.1921    90.6714    15.9025    39.0917    28.9221    193.100 0.0000e+00
    180.000    15.9241   4.845433     2.8233     0.1930    90.6589    15.8948    39.0938    28.9255    193.940 0.0000e+00
    181.000    15.9156   4.844690     2.8288     0.1893    90.6741    15.8862    39.0951    28.9284    194.844 0.0000e+00
    182.000    15.9146   4.844875     2.8357     0.1909    90.6656    15.8850    39.0973    28.9305    195.429 0.0000e+00
    183.000    15.9149   4.845156     2.8405     0.1920    90.6697    15.8851    39.0992    28.9319    195.613 0.0000e+00
    184.000    15.9104   4.844910     2.8456     0.1906    90.6508    15.8805    39.1009    28.9343    195.285 0.0000e+00
    185.000    15.8901   4.842613     2.8387     0.1886    90.6708    15.8600    39.0997    28.9382    193.693 0.0000e+00
    186.000    15.8732   4.840809     2.8321     0.1889    90.6893    15.8430    39.0996    28.9420    193.395 0.0000e+00
    187.000    15.8558   4.838739     2.8290     0.1870    90.6905    15.8255    39.0976    28.9446    193.450 0.0000e+00
    188.000    15.8444   4.837556     2.8258     0.1822    90.6804    15.8139    39.0976    28.9474    193.281 0.0000e+00
    189.000    15.8318   4.836151     2.8201     0.1807    90.7100    15.8011    39.0970    28.9499    192.613 0.0000e+00
    190.000    15.8142   4.833980     2.8128     0.1783    90.7215    15.7835    39.0941    28.9518    192.605 0.0000e+00
    191.000    15.8038   4.833008     2.8131     0.1783    90.7405    15.7729    39.0952    28.9551    193.046 0.0000e+00
    192.000    15.8020   4.832931     2.8137     0.1775    90.7419    15.7709    39.0959    28.9561    193.172 0.0000e+00
    193.000    15.7999   4.832850     2.8145     0.1763    90.7564    15.7687    39.0967    28.9573    193.318 0.0000e+00
    194.000    15.7923   4.832197     2.8154     0.1743    90.7588    15.7609    39.0979    28.9600    193.282 0.0000e+00
    195.000    15.7828   4.831219     2.8140     0.1678    90.7860    15.7513    39.0979    28.9623    192.873 0.0000e+00
    196.000    15.7566   4.828033     2.8090     0.1618    90.7992    15.7250    39.0944    28.9657    192.357 0.0000e+00
    197.000    15.7349   4.825588     2.8061     0.1611    90.8225    15.7030    39.0933    28.9700    192.493 0.0000e+00
    198.000    15.7247   4.824262     2.8033     0.1631    90.8348    15.6928    39.0908    28.9704    192.015 0.0000e+00
    199.000    15.7144   4.823122     2.7992     0.1625    90.8431    15.6823    39.0902    28.9724    191.969 0.0000e+00
    200.000    15.7040   4.821715     2.7992     0.1634    90.8376    15.6717    39.0873    28.9726    192.240 0.0000e+00
    201.000    15.6774   4.818421     2.7987     0.1611    90.8487    15.6450    39.0832    28.9757    192.388 0.0000e+00
    202.000    15.6684   4.817449     2.7999     0.1645    90.8479    15.6358    39.0828    28.9775    192.815 0.0000e+00
    203.000    15.6583   4.816229     2.8012     0.1602    90.8531    15.6256    39.0812    28.9787    192.453 0.0000e+00
    204.000    15.6532   4.815714     2.7965     0.1624    90.8591    15.6204    39.0811    28.9798    191.727 0.0000e+00
    205.000    15.6483   4.815079     2.7919     0.1653    90.8571    15.6153    39.0797    28.9799    191.101 0.0000e+00
    206.000    15.6275   4.812550     2.7853     0.1639    90.8630    15.5944    39.0769    28.9826    190.498 0.0000e+00
    207.000    15.6133   4.810847     2.7794     0.1607    90.8610    15.5801    39.0749    28.9844    190.170 0.0000e+00
    208.000    15.6037   4.809781     2.7741     0.1597    90.8580    15.5703    39.0743    28.9862    189.951 0.0000e+00
    209.000    15.5901   4.807995     2.7712     0.1598    90.8641    15.5565    39.0711    28.9869    190.045 0.0000e+00
    210.000    15.5659   4.805061     2.7696     0.1566    90.8633    15.5322    39.0678    28.9901    190.059 0.0000e+00
    211.000    15.5526   4.803628     2.7656     0.1581    90.8626    15.5188    39.0675    28.9929    189.532 0.0000e+00
    212.000    15.5447   4.802726     2.7600     0.1594    90.8643    15.5107    39.0667    28.9941    188.843 0.0000e+00
    213.000    15.5435   4.802644     2.7543     0.1619    90.8536    15.5094    39.0666    28.9944    188.563 0.0000e+00
    214.000    15.5400   4.802182     2.7525     0.1606    90.8546    15.5057    39.0655    28.9944    188.831 0.0000e+00
    215.000    15.5272   4.800727     2.7523     0.1609    90.8643    15.4928    39.0644    28.9965    189.201 0.0000e+00
    216.000    15.5238   4.800553     2.7546     0.1594    90.8635    15.4892    39.0658    28.9984    189.795 0.0000e+00
    217.000    15.5235   4.800952     2.7631     0.1532    90.8553    15.4888    39.0693    29.0012    191.470 0.0000e+00
    218.000    15.5330   4.802645     2.7736     0.1562    90.8531    15.4981    39.0749    29.0034    192.425 0.0000e+00
    219.000    15.5469   4.805056     2.7803     0.1590    90.8444    15.5118    39.0828    29.0063    192.562 0.0000e+00
    220.000    15.5555   4.806329     2.7875     0.1613    90.8442    15.5203    39.0854    29.0064    193.515 0.0000e+00
    221.000    15.5626   4.807791     2.8015     0.1648    90.8352    15.5272    39.0913    29.0093    195.187 0.0000e+00
    222.000    15.5708   4.809130     2.8107     0.1652    90.8363    15.5352    39.0950    29.0103    195.896 0.0000e+00
    223.000    15.5744   4.809964     2.8176     0.1686    90.8281    15.5386    39.0986    29.0124    196.060 0.0000e+00
    224.000    15.5768   4.810396     2.8223     0.1710    90.8218    15.5409    39.0997    29.0126    195.790 0.0000e+00
    225.000    15.5768   4.810505     2.8238     0.1713    90.8118    15.5407    39.1003    29.0132    195.666 0.0000e+00
    226.000    15.5693   4.809686     2.8231     0.1713    90.8287    15.5330    39.0998    29.0146    195.648 0.0000e+00
    227.000    15.5564   4.808298     2.8244     0.1712    90.8332    15.5200    39.0994    29.0173    196.136 0.0000e+00
    228.000    15.5470   4.807268     2.8265     0.1742    90.8362    15.5105    39.0990    29.0191    196.074 0.0000e+00
    229.000    15.5452   4.807082     2.8240     0.1713    90.8359    15.5085    39.0986    29.0193    195.432 0.0000e+00
    230.000    15.5422   4.806689     2.8207     0.1678    90.8312    15.5053    39.0976    29.0193    195.009 0.0000e+00
    231.000    15.5328   4.805462     2.8161     0.1674    90.8344    15.4958    39.0953    29.0197    194.442 0.0000e+00
    232.000    15.5187   4.803577     2.8095     0.1671    90.8337    15.4815    39.0916    29.0202    193.697 0.0000e+00
    233.000    15.4974   4.800556     2.7977     0.1691    90.8352    15.4601    39.0847    29.0198    192.068 0.0000e+00
    234.000    15.4579   4.795162     2.7832     0.1649    90.8404    15.4206    39.0740    29.0207    191.396 0.0000e+00
    235.000    15.4296   4.791627     2.7797     0.1647    90.8234    15.3921    39.0693    29.0236    192.035 0.0000e+00
    236.000    15.4218   4.790856     2.7790     0.1612    90.8320    15.3842    39.0696    29.0256    192.268 0.0000e+00
    237.000    15.4221   4.791047     2.7782     0.1639    90.8258    15.3843    39.0706    29.0264    192.360 0.0000e+00
    238.000    15.4247   4.791611     2.7786     0.1643    90.8248    15.3868    39.0728    29.0275    192.582 0.0000e+00
    239.000    15.4279   4.792404     2.7812     0.1627    90.8324    15.3898    39.0764    29.0296    193.046 0.0000e+00
    240.000    15.4293   4.792820     2.7844     0.1632    90.8286    15.3910    39.0784    29.0309    193.258 0.0000e+00
    241.000    15.4284   4.793017     2.7857     0.1686    90.8261    15.3899    39.0807    29.0329    193.171 0.0000e+00
    242.000    15.4285   4.793255     2.7857     0.1683    90.8295    15.3899    39.0823    29.0341    193.023 0.0000e+00
    243.000    15.4297   4.793563     2.7847     0.1670    90.8341    15.3909    39.0835    29.0349    192.930 0.0000e+00
    244.000    15.4309   4.793853     2.7845     0.1666    90.8358    15.3920    39.0846    29.0354    192.946 0.0000e+00
    245.000    15.4327   4.794144     2.7841     0.1655    90.8175    15.3936    39.0850    29.0354    193.091 0.0000e+00
    246.000    15.4322   4.794263     2.7867     0.1679    90.8227    15.3930    39.0861    29.0364    193.593 0.0000e+00
    247.000    15.4271   4.793919     2.7882     0.1708    90.8220    15.3877    39.0876    29.0387    193.613 0.0000e+00
    248.000    15.4220   4.793444     2.7877     0.1717    90.8258    15.3824    39.0879    29.0402    193.482 0.0000e+00
    249.000    15.4196   4.793230     2.7879     0.1674    90.8230    15.3798    39.0879    29.0408    193.522 0.0000e+00
    250.000    15.4184   4.793132     2.7871     0.1625    81.3136    15.3785    39.0878    29.0410    193.269 0.0000e+00
    251.000    15.4165   4.793022     2.7843     0.1626    81.1024    15.3765    39.0882    29.0418    193.089 0.0000e+00
    252.000    15.4154   4.792946     2.7837     0.1619    89.9875    15.3752    39.0882    29.0421    193.145 0.0000e+00
    253.000    15.4134   4.792749     2.7825     0.1615    90.6592    15.3730    39.0880    29.0424    192.974 0.0000e+00
    254.000    15.4115   4.792569     2.7814     0.1624    90.8574    15.3710    39.0877    29.0427    192.932 0.0000e+00
    255.000    15.4066   4.791972     2.7804     0.1656    90.8177    15.3660    39.0867    29.0430    192.481 0.0000e+00
    256.000    15.4005   4.791274     2.7738     0.1646    90.8237    15.3596    39.0860    29.0439    191.579 0.0000e+00
    257.000    15.3874   4.789648     2.7675     0.1635    90.8293    15.3464    39.0836    29.0452    191.485 0.0000e+00
    258.000    15.3782   4.788593     2.7645     0.1618    90.8340    15.3371    39.0826    29.0465    191.411 0.0000e+00
    259.000    15.3730   4.788032     2.7633     0.1610    90.8300    15.3318    39.0822    29.0475    191.541 0.0000e+00
    260.000    15.3720   4.787952     2.7625     0.1587    90.8300    15.3306    39.0821    29.0476    191.520 0.0000e+00
    261.000    15.3638   4.786932     2.7607     0.1561    90.8208    15.3222    39.0805    29.0483    191.420 0.0000e+00
    262.000    15.3584   4.786337     2.7609     0.1584    90.8283    15.3166    39.0799    29.0492    191.529 0.0000e+00
