Data/Raw HPLC Argo/lovbio086d/CTD/bioargomed13.cnv
* Sea-Bird SBE 9 Data File:
* FileName = C:\CTD\raw\bioargomed13.hdr
* Software Version Seasave V 7.23.2
* Temperature SN = 2473
* Conductivity SN = 1313
* Number of Bytes Per Scan = 31
* Number of Voltage Words = 4
* Number of Scans Averaged by the Deck Unit = 1
* NMEA Latitude = 40 45.16 N
* NMEA Longitude = 011 30.27 E
* NMEA UTC (Time) = May 31 2015  05:12:13
* NMEA baud rate = 4800
** Ship: TETHYS 2
** Cruise: BIOARGOMED
** Station: 13
# nquan = 11
# nvalues = 510                         
# units = specified
# name 0 = prDM: Pressure, Digiquartz [db]
# name 1 = t090C: Temperature [ITS-90, deg C]
# name 2 = c0S/m: Conductivity [S/m]
# name 3 = sbeox0V: Oxygen raw, SBE 43 [V]
# name 4 = flC: Fluorescence, Chelsea Aqua 3 Chl Con [ug/l]
# name 5 = CStarTr0: Beam Transmission, WET Labs C-Star [%]
# name 6 = potemp090C: Potential Temperature [ITS-90, deg C]
# name 7 = sal00: Salinity, Practical [PSU]
# name 8 = sigma-é00: Density [sigma-theta, kg/m^3]
# name 9 = sbeox0Mm/Kg: Oxygen, SBE 43 [umol/kg], WS = 2
# name 10 = flag: flag
# span 0 =      1.000,    510.000       
# span 1 =    14.1448,    20.0701       
# span 2 =   4.561692,   5.153129       
# span 3 =     2.3554,     3.3809       
# span 4 =     0.1546,     0.3053       
# span 5 =    88.8240,    90.8064       
# span 6 =    14.0673,    20.0699       
# span 7 =    37.8339,    38.7662       
# span 8 =    26.9704,    29.0843       
# span 9 =    162.313,    240.024       
# span 10 = 0.0000e+00, 0.0000e+00      
# interval = decibars: 1                
# start_time = May 31 2015 05:12:13 [NMEA time, header]
# bad_flag = -9.990e-29
*END*
      1.000    20.0701   5.153129     3.2910     0.2038    88.9084    20.0699    37.9177    26.9704    214.214 0.0000e+00
      2.000    20.0687   5.153040     3.2741     0.2000    88.9451    20.0684    37.9177    26.9709    213.330 0.0000e+00
      3.000    20.0681   5.152910     3.2857     0.2112    88.8240    20.0675    37.9169    26.9705    214.690 0.0000e+00
      4.000    20.0644   5.152568     3.2880     0.2098    88.9558    20.0637    37.9170    26.9716    214.502 0.0000e+00
      5.000    20.0433   5.150117     3.2904     0.1979    88.9777    20.0423    37.9153    26.9761    214.819 0.0000e+00
      6.000    20.0313   5.148799     3.2897     0.1977    88.9962    20.0302    37.9148    26.9789    214.673 0.0000e+00
      7.000    20.0079   5.145951     3.2907     0.2012    89.0288    20.0066    37.9120    26.9831    215.181 0.0000e+00
      8.000    19.9679   5.141216     3.2963     0.2040    89.0663    19.9664    37.9084    26.9912    215.740 0.0000e+00
      9.000    19.8880   5.132637     3.2912     0.2000    89.0765    19.8863    37.9091    27.0131    215.013 0.0000e+00
     10.000    19.8559   5.129423     3.2827     0.1936    89.1075    19.8541    37.9109    27.0231    214.264 0.0000e+00
     11.000    19.8157   5.125110     3.2757     0.1910    89.1551    19.8136    37.9111    27.0340    214.377 0.0000e+00
     12.000    19.7637   5.119378     3.2724     0.1870    89.2033    19.7614    37.9100    27.0471    214.356 0.0000e+00
     13.000    19.7270   5.114863     3.2738     0.1863    89.2303    19.7246    37.9052    27.0532    214.990 0.0000e+00
     14.000    19.6652   5.108144     3.2744     0.1914    89.2787    19.6626    37.9048    27.0694    215.290 0.0000e+00
     15.000    19.5301   5.093702     3.2834     0.1889    89.3087    19.5274    37.9066    27.1065    217.699 0.0000e+00
     16.000    19.3771   5.071419     3.3017     0.1900    89.3197    19.3742    37.8582    27.1098    219.692 0.0000e+00
     17.000    19.1583   5.048586     3.3081     0.1898    89.3498    19.1552    37.8650    27.1725    220.293 0.0000e+00
     18.000    19.0982   5.040094     3.3079     0.1906    89.3810    19.0950    37.8477    27.1749    220.684 0.0000e+00
     19.000    19.0214   5.032299     3.3138     0.1919    89.4371    19.0179    37.8517    27.1980    221.710 0.0000e+00
     20.000    18.7976   5.009130     3.3177     0.1873    89.4865    18.7940    37.8598    27.2622    222.706 0.0000e+00
     21.000    18.5631   4.983889     3.3188     0.1817    89.4659    18.5594    37.8599    27.3225    224.346 0.0000e+00
     22.000    18.1829   4.941224     3.3338     0.1851    89.5247    18.1791    37.8445    27.4074    228.534 0.0000e+00
     23.000    17.5712   4.874424     3.3558     0.1898    89.6099    17.5672    37.8339    27.5522    233.229 0.0000e+00
     24.000    17.1582   4.831104     3.3735     0.1851    89.6483    17.1542    37.8408    27.6591    235.630 0.0000e+00
     25.000    16.9690   4.812406     3.3780     0.1859    89.6940    16.9649    37.8536    27.7150    236.348 0.0000e+00
     26.000    16.9053   4.806831     3.3809     0.1913    89.7184    16.9009    37.8640    27.7385    236.755 0.0000e+00
     27.000    16.8380   4.801163     3.3806     0.1886    89.7302    16.8335    37.8769    27.7647    236.507 0.0000e+00
     28.000    16.7162   4.787976     3.3716     0.1879    89.7445    16.7116    37.8747    27.7923    235.987 0.0000e+00
     29.000    16.6156   4.777371     3.3690     0.1850    89.7238    16.6108    37.8753    27.8170    236.752 0.0000e+00
     30.000    16.5273   4.768337     3.3670     0.1823    89.7198    16.5224    37.8781    27.8402    236.953 0.0000e+00
     31.000    16.4648   4.762007     3.3640     0.1805    89.6692    16.4597    37.8806    27.8571    236.886 0.0000e+00
     32.000    16.3762   4.752412     3.3612     0.1891    89.6898    16.3709    37.8786    27.8766    237.308 0.0000e+00
     33.000    16.3082   4.745447     3.3602     0.1854    89.7028    16.3028    37.8805    27.8943    237.592 0.0000e+00
     34.000    16.2284   4.737591     3.3596     0.1871    89.6927    16.2229    37.8857    27.9171    238.041 0.0000e+00
     35.000    16.1398   4.727656     3.3596     0.1850    89.7073    16.1341    37.8805    27.9340    238.379 0.0000e+00
     36.000    16.0651   4.720390     3.3581     0.1883    89.7138    16.0593    37.8861    27.9559    238.437 0.0000e+00
     37.000    16.0431   4.718737     3.3541     0.1888    89.7226    16.0371    37.8918    27.9655    238.251 0.0000e+00
     38.000    15.9585   4.709843     3.3539     0.1975    89.7238    15.9524    37.8921    27.9855    238.814 0.0000e+00
     39.000    15.8518   4.699002     3.3508     0.1922    89.7365    15.8456    37.8959    28.0134    238.951 0.0000e+00
     40.000    15.8131   4.695249     3.3493     0.1921    89.7164    15.8067    37.8987    28.0245    238.695 0.0000e+00
     41.000    15.7450   4.688954     3.3416     0.1938    89.7327    15.7385    37.9066    28.0464    238.593 0.0000e+00
     42.000    15.5838   4.670662     3.3427     0.1954    89.7202    15.5771    37.8950    28.0748    239.874 0.0000e+00
     43.000    15.4914   4.662638     3.3408     0.1943    89.7466    15.4846    37.9105    28.1080    239.642 0.0000e+00
     44.000    15.3639   4.651455     3.3325     0.1943    89.7366    15.3570    37.9311    28.1530    239.181 0.0000e+00
     45.000    15.2413   4.638616     3.3267     0.1966    89.7700    15.2343    37.9317    28.1815    239.684 0.0000e+00
     46.000    15.1385   4.629364     3.3250     0.1932    89.7750    15.1313    37.9461    28.2159    240.024 0.0000e+00
     47.000    15.0795   4.624938     3.3185     0.1946    89.7720    15.0722    37.9623    28.2418    239.283 0.0000e+00
     48.000    15.0194   4.618987     3.3087     0.1966    89.8176    15.0120    37.9654    28.2578    238.822 0.0000e+00
     49.000    14.9019   4.608147     3.3045     0.1958    89.8508    14.8944    37.9794    28.2950    239.332 0.0000e+00
     50.000    14.8653   4.605362     3.3016     0.1992    89.8779    14.8576    37.9889    28.3106    239.183 0.0000e+00
     51.000    14.8522   4.604746     3.2969     0.1982    89.8896    14.8443    37.9956    28.3188    238.754 0.0000e+00
     52.000    14.8442   4.604539     3.2910     0.1994    89.8655    14.8362    38.0010    28.3248    238.296 0.0000e+00
     53.000    14.8371   4.604370     3.2886     0.2012    89.8456    14.8289    38.0060    28.3302    238.192 0.0000e+00
     54.000    14.8159   4.602608     3.2830     0.1975    89.8243    14.8076    38.0099    28.3380    237.541 0.0000e+00
     55.000    14.7754   4.598595     3.2749     0.1978    89.8563    14.7669    38.0119    28.3487    236.862 0.0000e+00
     56.000    14.7279   4.594521     3.2679     0.1973    89.8782    14.7194    38.0201    28.3656    236.704 0.0000e+00
     57.000    14.6818   4.590252     3.2644     0.2013    89.8611    14.6731    38.0252    28.3798    237.057 0.0000e+00
     58.000    14.6728   4.590444     3.2646     0.2003    89.8762    14.6639    38.0354    28.3898    237.367 0.0000e+00
     59.000    14.6665   4.591151     3.2637     0.1978    89.8592    14.6575    38.0478    28.4007    236.878 0.0000e+00
     60.000    14.6525   4.590314     3.2573     0.2038    89.8933    14.6434    38.0532    28.4081    235.842 0.0000e+00
     61.000    14.5998   4.585055     3.2483     0.2073    89.9145    14.5906    38.0556    28.4216    235.212 0.0000e+00
     62.000    14.5638   4.581612     3.2413     0.2076    89.9284    14.5544    38.0585    28.4319    235.317 0.0000e+00
     63.000    14.5532   4.580987     3.2391     0.2113    89.9249    14.5436    38.0626    28.4375    235.527 0.0000e+00
     64.000    14.5458   4.580621     3.2389     0.2151    89.9237    14.5361    38.0660    28.4418    235.547 0.0000e+00
     65.000    14.5385   4.580087     3.2367     0.2137    89.9110    14.5286    38.0678    28.4448    235.317 0.0000e+00
     66.000    14.5300   4.579441     3.2343     0.2095    89.9102    14.5200    38.0697    28.4481    234.817 0.0000e+00
     67.000    14.5111   4.577703     3.2248     0.2131    89.9002    14.5010    38.0716    28.4538    232.738 0.0000e+00
     68.000    14.4800   4.575027     3.2065     0.2222    89.8464    14.4698    38.0767    28.4647    230.168 0.0000e+00
     69.000    14.4600   4.573154     3.1804     0.2209    89.8101    14.4496    38.0785    28.4705    226.670 0.0000e+00
     70.000    14.4361   4.571062     3.1488     0.2248    89.6504    14.4255    38.0821    28.4786    223.756 0.0000e+00
     71.000    14.4173   4.569728     3.1191     0.2502    89.4927    14.4066    38.0877    28.4871    221.976 0.0000e+00
     72.000    14.4054   4.569326     3.1022     0.2635    89.3983    14.3945    38.0953    28.4956    221.894 0.0000e+00
     73.000    14.3988   4.569044     3.0931     0.2681    89.4350    14.3878    38.0986    28.4996    221.561 0.0000e+00
     74.000    14.3964   4.569039     3.0835     0.2745    89.4742    14.3853    38.1005    28.5017    221.179 0.0000e+00
     75.000    14.3881   4.568556     3.0807     0.2774    89.4776    14.3768    38.1038    28.5061    221.700 0.0000e+00
     76.000    14.3730   4.567426     3.0777     0.2789    89.4999    14.3616    38.1077    28.5124    221.164 0.0000e+00
     77.000    14.3601   4.566733     3.0728     0.2860    89.4943    14.3485    38.1135    28.5198    220.972 0.0000e+00
     78.000    14.3495   4.566181     3.0717     0.2869    89.4689    14.3378    38.1183    28.5258    221.186 0.0000e+00
     79.000    14.3246   4.563490     3.0697     0.2912    89.4986    14.3127    38.1172    28.5306    220.580 0.0000e+00
     80.000    14.3044   4.561692     3.0591     0.2893    89.5362    14.2924    38.1199    28.5371    217.979 0.0000e+00
     81.000    14.3034   4.562410     3.0364     0.2950    89.5771    14.2912    38.1272    28.5430    214.471 0.0000e+00
     82.000    14.3206   4.565640     3.0095     0.2963    89.7191    14.3082    38.1401    28.5492    210.960 0.0000e+00
     83.000    14.3356   4.568545     2.9788     0.2931    89.7689    14.3231    38.1520    28.5552    208.154 0.0000e+00
     84.000    14.3719   4.574766     2.9510     0.2950    89.7873    14.3593    38.1739    28.5642    206.689 0.0000e+00
     85.000    14.3809   4.576510     2.9298     0.3012    89.7965    14.3681    38.1810    28.5677    205.794 0.0000e+00
     86.000    14.3730   4.576509     2.9158     0.3053    89.8624    14.3600    38.1884    28.5752    205.043 0.0000e+00
     87.000    14.3751   4.577995     2.9062     0.3027    89.8928    14.3620    38.1997    28.5835    204.663 0.0000e+00
     88.000    14.3766   4.578476     2.8998     0.3016    89.9039    14.3633    38.2023    28.5853    204.296 0.0000e+00
     89.000    14.3761   4.578621     2.8916     0.2987    89.9168    14.3627    38.2037    28.5864    203.688 0.0000e+00
     90.000    14.3760   4.578794     2.8865     0.2943    89.9273    14.3625    38.2050    28.5875    203.743 0.0000e+00
     91.000    14.3757   4.578936     2.8846     0.2875    89.9400    14.3620    38.2062    28.5886    203.677 0.0000e+00
     92.000    14.3676   4.578266     2.8812     0.2870    89.9824    14.3538    38.2075    28.5913    203.064 0.0000e+00
     93.000    14.3557   4.577326     2.8751     0.2822    90.0264    14.3417    38.2100    28.5959    202.555 0.0000e+00
     94.000    14.3560   4.578713     2.8714     0.2777    90.0709    14.3419    38.2223    28.6054    202.519 0.0000e+00
     95.000    14.3511   4.579094     2.8690     0.2702    90.1187    14.3367    38.2303    28.6127    202.413 0.0000e+00
     96.000    14.3445   4.578727     2.8657     0.2683    90.1419    14.3300    38.2329    28.6163    201.663 0.0000e+00
     97.000    14.3398   4.578513     2.8581     0.2659    90.1677    14.3252    38.2351    28.6190    200.779 0.0000e+00
     98.000    14.3505   4.581304     2.8514     0.2563    90.2069    14.3358    38.2502    28.6284    200.216 0.0000e+00
     99.000    14.3581   4.582596     2.8463     0.2533    90.2099    14.3432    38.2544    28.6300    199.941 0.0000e+00
    100.000    14.3606   4.583021     2.8414     0.2556    90.2054    14.3455    38.2555    28.6303    199.348 0.0000e+00
    101.000    14.3627   4.583411     2.8340     0.2540    90.2056    14.3475    38.2566    28.6307    198.457 0.0000e+00
    102.000    14.3675   4.584554     2.8248     0.2508    90.2168    14.3521    38.2621    28.6340    197.222 0.0000e+00
    103.000    14.3751   4.587088     2.8154     0.2477    90.2409    14.3596    38.2778    28.6445    196.293 0.0000e+00
    104.000    14.3952   4.591009     2.8061     0.2446    90.2588    14.3794    38.2943    28.6529    195.187 0.0000e+00
    105.000    14.4042   4.592624     2.7931     0.2412    90.2991    14.3884    38.3000    28.6553    193.686 0.0000e+00
    106.000    14.3935   4.592626     2.7795     0.2363    90.3445    14.3774    38.3102    28.6656    192.906 0.0000e+00
    107.000    14.3864   4.592875     2.7714     0.2259    90.3794    14.3703    38.3191    28.6741    192.757 0.0000e+00
    108.000    14.3902   4.594028     2.7672     0.2215    90.4230    14.3739    38.3257    28.6784    192.710 0.0000e+00
    109.000    14.3976   4.595202     2.7638     0.2209    90.4322    14.3812    38.3289    28.6793    192.089 0.0000e+00
    110.000    14.4024   4.595932     2.7541     0.2155    90.4338    14.3857    38.3306    28.6796    190.503 0.0000e+00
    111.000    14.4410   4.602855     2.7429     0.2120    90.4679    14.4242    38.3567    28.6912    189.620 0.0000e+00
    112.000    14.4631   4.606253     2.7371     0.2095    90.4888    14.4462    38.3661    28.6937    189.145 0.0000e+00
    113.000    14.4652   4.606714     2.7301     0.2058    90.4987    14.4481    38.3679    28.6947    188.288 0.0000e+00
    114.000    14.4953   4.611948     2.7183     0.2018    90.5016    14.4780    38.3865    28.7024    186.560 0.0000e+00
    115.000    14.5421   4.619219     2.7023     0.2005    90.4976    14.5246    38.4076    28.7085    184.847 0.0000e+00
    116.000    14.5648   4.622719     2.6916     0.2060    90.4940    14.5472    38.4173    28.7109    184.030 0.0000e+00
    117.000    14.5825   4.625601     2.6833     0.2030    90.4925    14.5646    38.4263    28.7140    183.240 0.0000e+00
    118.000    14.5956   4.628057     2.6726     0.1994    90.4944    14.5776    38.4357    28.7184    182.239 0.0000e+00
    119.000    14.6171   4.631540     2.6596     0.1978    90.4875    14.5989    38.4464    28.7220    180.899 0.0000e+00
    120.000    14.6385   4.635339     2.6483     0.1939    90.4803    14.6202    38.4602    28.7279    180.581 0.0000e+00
    121.000    14.6390   4.636611     2.6485     0.1929    90.5045    14.6204    38.4712    28.7363    181.690 0.0000e+00
    122.000    14.6401   4.637273     2.6514     0.1891    90.5446    14.6214    38.4758    28.7396    181.848 0.0000e+00
    123.000    14.6320   4.636395     2.6500     0.1816    90.5698    14.6132    38.4751    28.7410    181.246 0.0000e+00
    124.000    14.6135   4.634523     2.6470     0.1798    90.5718    14.5945    38.4757    28.7455    181.156 0.0000e+00
    125.000    14.6203   4.635926     2.6462     0.1783    90.5744    14.6012    38.4815    28.7486    181.116 0.0000e+00
    126.000    14.6186   4.635756     2.6443     0.1809    90.5805    14.5994    38.4812    28.7487    180.907 0.0000e+00
    127.000    14.6135   4.635131     2.6431     0.1828    90.5815    14.5941    38.4800    28.7490    180.979 0.0000e+00
    128.000    14.6070   4.634255     2.6415     0.1830    90.5792    14.5874    38.4779    28.7488    180.725 0.0000e+00
    129.000    14.6026   4.634398     2.6395     0.1771    90.5733    14.5828    38.4831    28.7539    180.663 0.0000e+00
    130.000    14.6310   4.639485     2.6388     0.1789    90.5825    14.6111    38.5019    28.7622    180.352 0.0000e+00
    131.000    14.6419   4.641201     2.6351     0.1768    90.5958    14.6219    38.5066    28.7634    179.649 0.0000e+00
