Data/Raw HPLC Argo/lovbio086d/CTD/bioargomed13.cnv
* Sea-Bird SBE 9 Data File:
* FileName = C:\CTD\raw\bioargomed13.hdr
* Software Version Seasave V 7.23.2
* Temperature SN = 2473
* Conductivity SN = 1313
* Number of Bytes Per Scan = 31
* Number of Voltage Words = 4
* Number of Scans Averaged by the Deck Unit = 1
* NMEA Latitude = 40 45.16 N
* NMEA Longitude = 011 30.27 E
* NMEA UTC (Time) = May 31 2015  05:12:13
* NMEA baud rate = 4800
** Ship: TETHYS 2
** Cruise: BIOARGOMED
** Station: 13
# nquan = 11
# nvalues = 510                         
# units = specified
# name 0 = prDM: Pressure, Digiquartz [db]
# name 1 = t090C: Temperature [ITS-90, deg C]
# name 2 = c0S/m: Conductivity [S/m]
# name 3 = sbeox0V: Oxygen raw, SBE 43 [V]
# name 4 = flC: Fluorescence, Chelsea Aqua 3 Chl Con [ug/l]
# name 5 = CStarTr0: Beam Transmission, WET Labs C-Star [%]
# name 6 = potemp090C: Potential Temperature [ITS-90, deg C]
# name 7 = sal00: Salinity, Practical [PSU]
# name 8 = sigma-é00: Density [sigma-theta, kg/m^3]
# name 9 = sbeox0Mm/Kg: Oxygen, SBE 43 [umol/kg], WS = 2
# name 10 = flag: flag
# span 0 =      1.000,    510.000       
# span 1 =    14.1448,    20.0701       
# span 2 =   4.561692,   5.153129       
# span 3 =     2.3554,     3.3809       
# span 4 =     0.1546,     0.3053       
# span 5 =    88.8240,    90.8064       
# span 6 =    14.0673,    20.0699       
# span 7 =    37.8339,    38.7662       
# span 8 =    26.9704,    29.0843       
# span 9 =    162.313,    240.024       
# span 10 = 0.0000e+00, 0.0000e+00      
# interval = decibars: 1                
# start_time = May 31 2015 05:12:13 [NMEA time, header]
# bad_flag = -9.990e-29
*END*
[from data line 132]
    133.000    14.6374   4.641622     2.6268     0.1782    90.5924    14.6171    38.5141    28.7703    179.324 0.0000e+00
    134.000    14.6407   4.642426     2.6260     0.1719    90.5948    14.6202    38.5179    28.7725    179.379 0.0000e+00
    135.000    14.6433   4.642929     2.6248     0.1765    90.5968    14.6227    38.5196    28.7732    179.113 0.0000e+00
    136.000    14.6410   4.642965     2.6212     0.1767    90.6104    14.6201    38.5218    28.7755    178.643 0.0000e+00
    137.000    14.6420   4.643485     2.6180     0.1774    90.6140    14.6210    38.5252    28.7779    178.400 0.0000e+00
    138.000    14.6406   4.643516     2.6146     0.1797    90.6054    14.6194    38.5264    28.7793    178.071 0.0000e+00
    139.000    14.6358   4.643077     2.6123     0.1788    90.6138    14.6145    38.5266    28.7805    178.062 0.0000e+00
    140.000    14.6326   4.642919     2.6107     0.1786    90.6010    14.6112    38.5279    28.7822    177.833 0.0000e+00
    141.000    14.6350   4.643547     2.6063     0.1781    90.6138    14.6134    38.5309    28.7841    177.035 0.0000e+00
    142.000    14.6284   4.642882     2.5987     0.1696    90.6170    14.6067    38.5308    28.7855    176.395 0.0000e+00
    143.000    14.5979   4.639449     2.5947     0.1686    90.6126    14.5760    38.5288    28.7907    176.415 0.0000e+00
    144.000    14.5940   4.639421     2.5915     0.1711    90.6152    14.5719    38.5319    28.7941    176.242 0.0000e+00
    145.000    14.5953   4.640492     2.5897     0.1706    90.6174    14.5732    38.5401    28.8002    176.325 0.0000e+00
    146.000    14.5950   4.640751     2.5885     0.1687    90.6219    14.5727    38.5424    28.8021    176.311 0.0000e+00
    147.000    14.5933   4.640751     2.5881     0.1703    90.6331    14.5708    38.5437    28.8034    176.337 0.0000e+00
    148.000    14.5878   4.640098     2.5863     0.1735    90.6357    14.5652    38.5426    28.8038    175.854 0.0000e+00
    149.000    14.5720   4.638220     2.5827     0.1746    90.6353    14.5492    38.5404    28.8057    175.501 0.0000e+00
    150.000    14.5504   4.636035     2.5794     0.1735    90.6309    14.5275    38.5410    28.8109    175.350 0.0000e+00
    151.000    14.5371   4.634907     2.5763     0.1751    90.6366    14.5140    38.5433    28.8157    174.994 0.0000e+00
    152.000    14.5331   4.634781     2.5714     0.1713    90.6515    14.5099    38.5456    28.8184    174.605 0.0000e+00
    153.000    14.5313   4.634843     2.5686     0.1715    90.6627    14.5080    38.5475    28.8203    174.635 0.0000e+00
    154.000    14.5174   4.633468     2.5666     0.1772    90.6604    14.4940    38.5480    28.8239    174.328 0.0000e+00
    155.000    14.5047   4.632176     2.5625     0.1745    90.6651    14.4810    38.5483    28.8269    174.212 0.0000e+00
    156.000    14.4974   4.631652     2.5623     0.1739    90.6565    14.4736    38.5502    28.8300    174.487 0.0000e+00
    157.000    14.4949   4.631747     2.5611     0.1712    90.6620    14.4710    38.5531    28.8329    174.279 0.0000e+00
    158.000    14.4993   4.633205     2.5597     0.1718    90.6676    14.4752    38.5619    28.8387    174.126 0.0000e+00
    159.000    14.5088   4.634916     2.5584     0.1705    90.6773    14.4845    38.5680    28.8414    173.958 0.0000e+00
    160.000    14.5059   4.634571     2.5565     0.1680    90.6846    14.4816    38.5672    28.8414    173.694 0.0000e+00
    161.000    14.5056   4.634806     2.5540     0.1693    90.6857    14.4810    38.5693    28.8432    173.725 0.0000e+00
    162.000    14.5077   4.635643     2.5553     0.1703    90.6828    14.4830    38.5746    28.8468    174.153 0.0000e+00
    163.000    14.5090   4.636048     2.5561     0.1659    90.6881    14.4842    38.5766    28.8481    174.121 0.0000e+00
    164.000    14.5083   4.636375     2.5559     0.1643    90.6903    14.4833    38.5799    28.8509    173.910 0.0000e+00
    165.000    14.5053   4.636127     2.5543     0.1696    90.6890    14.4801    38.5802    28.8518    173.577 0.0000e+00
    166.000    14.5016   4.635720     2.5514     0.1673    90.6890    14.4763    38.5796    28.8522    173.012 0.0000e+00
    167.000    14.4947   4.635502     2.5459     0.1686    90.6910    14.4693    38.5839    28.8571    172.693 0.0000e+00
    168.000    14.4923   4.636165     2.5434     0.1688    90.6960    14.4667    38.5921    28.8640    172.751 0.0000e+00
    169.000    14.4917   4.636234     2.5424     0.1669    90.6961    14.4659    38.5930    28.8648    172.838 0.0000e+00
    170.000    14.4902   4.636276     2.5419     0.1660    90.6925    14.4643    38.5944    28.8663    172.820 0.0000e+00
    171.000    14.4884   4.636430     2.5409     0.1711    90.6976    14.4624    38.5971    28.8688    172.664 0.0000e+00
    172.000    14.4876   4.636782     2.5395     0.1710    90.6999    14.4614    38.6008    28.8718    172.647 0.0000e+00
    173.000    14.4979   4.639060     2.5393     0.1717    90.6956    14.4715    38.6114    28.8778    172.568 0.0000e+00
    174.000    14.5103   4.641232     2.5377     0.1726    90.7107    14.4838    38.6189    28.8809    172.178 0.0000e+00
    175.000    14.5096   4.641259     2.5348     0.1736    90.7083    14.4829    38.6194    28.8815    171.826 0.0000e+00
    176.000    14.4811   4.637869     2.5325     0.1690    90.7080    14.4543    38.6157    28.8850    171.831 0.0000e+00
    177.000    14.4707   4.637206     2.5300     0.1703    90.7021    14.4437    38.6195    28.8902    171.532 0.0000e+00
    178.000    14.4670   4.637155     2.5269     0.1733    90.6990    14.4399    38.6222    28.8932    171.398 0.0000e+00
    179.000    14.4680   4.637428     2.5247     0.1695    90.7060    14.4408    38.6233    28.8939    171.189 0.0000e+00
    180.000    14.4649   4.637162     2.5227     0.1693    90.6962    14.4375    38.6235    28.8947    171.185 0.0000e+00
    181.000    14.4599   4.636702     2.5217     0.1703    90.6936    14.4324    38.6237    28.8960    171.081 0.0000e+00
    182.000    14.4589   4.636748     2.5196     0.1680    90.6977    14.4312    38.6247    28.8971    170.941 0.0000e+00
    183.000    14.4608   4.637505     2.5183     0.1660    90.6977    14.4330    38.6294    28.9003    170.755 0.0000e+00
    184.000    14.4602   4.637788     2.5164     0.1664    90.7118    14.4321    38.6323    28.9027    170.807 0.0000e+00
    185.000    14.4588   4.637810     2.5164     0.1658    90.7092    14.4306    38.6335    28.9040    170.735 0.0000e+00
    186.000    14.4572   4.637830     2.5145     0.1637    90.7139    14.4289    38.6348    28.9053    170.464 0.0000e+00
    187.000    14.4550   4.637862     2.5120     0.1652    90.7119    14.4265    38.6369    28.9075    170.194 0.0000e+00
    188.000    14.4532   4.637889     2.5101     0.1701    90.6978    14.4246    38.6384    28.9091    170.280 0.0000e+00
    189.000    14.4503   4.637782     2.5098     0.1736    90.7079    14.4215    38.6399    28.9109    170.378 0.0000e+00
    190.000    14.4498   4.638310     2.5098     0.1675    90.7115    14.4208    38.6449    28.9150    170.198 0.0000e+00
    191.000    14.4496   4.638538     2.5069     0.1650    90.7083    14.4205    38.6468    28.9165    169.811 0.0000e+00
    192.000    14.4417   4.637747     2.5053     0.1649    90.7102    14.4125    38.6468    28.9183    170.105 0.0000e+00
    193.000    14.4291   4.636217     2.5064     0.1620    90.6887    14.3998    38.6446    28.9194    170.388 0.0000e+00
    194.000    14.4176   4.634862     2.5070     0.1644    90.6552    14.3881    38.6430    28.9208    170.373 0.0000e+00
    195.000    14.4147   4.634624     2.5063     0.1657    90.6438    14.3851    38.6432    28.9215    170.199 0.0000e+00
    196.000    14.4162   4.635089     2.5055     0.1673    90.6195    14.3864    38.6457    28.9232    170.079 0.0000e+00
    197.000    14.4240   4.636649     2.5030     0.1667    90.6306    14.3941    38.6520    28.9264    169.629 0.0000e+00
    198.000    14.4277   4.637253     2.5011     0.1675    90.6499    14.3975    38.6535    28.9268    169.689 0.0000e+00
    199.000    14.4280   4.637395     2.5008     0.1649    90.6489    14.3977    38.6541    28.9272    169.717 0.0000e+00
    200.000    14.4287   4.637612     2.4996     0.1658    90.6608    14.3983    38.6550    28.9278    169.435 0.0000e+00
    201.000    14.4258   4.637684     2.4957     0.1665    90.6828    14.3952    38.6582    28.9309    168.776 0.0000e+00
    202.000    14.4220   4.637439     2.4917     0.1678    90.6998    14.3913    38.6592    28.9326    168.741 0.0000e+00
    203.000    14.4132   4.636660     2.4915     0.1599    90.7099    14.3823    38.6603    28.9354    169.128 0.0000e+00
    204.000    14.4091   4.636364     2.4918     0.1583    90.7116    14.3781    38.6612    28.9370    168.974 0.0000e+00
    205.000    14.4029   4.635806     2.4892     0.1597    90.7210    14.3718    38.6617    28.9388    168.641 0.0000e+00
    206.000    14.4011   4.635863     2.4879     0.1614    90.7316    14.3698    38.6636    28.9407    168.709 0.0000e+00
    207.000    14.4007   4.635968     2.4871     0.1662    90.7236    14.3692    38.6645    28.9415    168.577 0.0000e+00
    208.000    14.3999   4.636052     2.4853     0.1672    90.7243    14.3683    38.6657    28.9426    168.465 0.0000e+00
    209.000    14.3954   4.635882     2.4845     0.1654    90.7260    14.3637    38.6681    28.9455    168.289 0.0000e+00
    210.000    14.3906   4.635678     2.4810     0.1650    90.7276    14.3587    38.6706    28.9485    167.813 0.0000e+00
    211.000    14.3873   4.635583     2.4784     0.1642    90.7391    14.3553    38.6725    28.9508    167.784 0.0000e+00
    212.000    14.3862   4.635681     2.4769     0.1698    90.7426    14.3540    38.6741    28.9524    167.707 0.0000e+00
    213.000    14.3851   4.635802     2.4752     0.1676    90.7448    14.3528    38.6759    28.9540    167.624 0.0000e+00
    214.000    14.3845   4.635932     2.4738     0.1653    90.7423    14.3520    38.6773    28.9552    167.470 0.0000e+00
    215.000    14.3820   4.636087     2.4720     0.1598    90.7475    14.3493    38.6808    28.9585    167.485 0.0000e+00
    216.000    14.3803   4.636204     2.4726     0.1628    90.7573    14.3474    38.6832    28.9608    167.815 0.0000e+00
    217.000    14.3798   4.636230     2.4734     0.1650    90.7576    14.3468    38.6835    28.9612    167.835 0.0000e+00
    218.000    14.3790   4.636262     2.4735     0.1650    90.7598    14.3459    38.6841    28.9618    167.801 0.0000e+00
    219.000    14.3787   4.636324     2.4735     0.1674    90.7557    14.3455    38.6845    28.9623    167.783 0.0000e+00
    220.000    14.3781   4.636370     2.4730     0.1653    90.7566    14.3446    38.6851    28.9629    167.715 0.0000e+00
    221.000    14.3766   4.636369     2.4723     0.1680    90.7499    14.3430    38.6862    28.9641    167.603 0.0000e+00
    222.000    14.3768   4.636748     2.4712     0.1716    90.7537    14.3431    38.6890    28.9663    167.404 0.0000e+00
    223.000    14.3755   4.636811     2.4689     0.1691    90.7642    14.3416    38.6905    28.9677    167.270 0.0000e+00
    224.000    14.3737   4.636865     2.4682     0.1681    90.7607    14.3396    38.6924    28.9697    167.424 0.0000e+00
    225.000    14.3725   4.636920     2.4686     0.1689    90.7616    14.3384    38.6936    28.9709    167.492 0.0000e+00
    226.000    14.3717   4.636969     2.4682     0.1658    90.7676    14.3374    38.6945    28.9718    167.330 0.0000e+00
    227.000    14.3718   4.636997     2.4668     0.1662    90.7641    14.3373    38.6942    28.9715    167.190 0.0000e+00
    228.000    14.3712   4.637082     2.4659     0.1647    90.7608    14.3366    38.6951    28.9724    167.146 0.0000e+00
    229.000    14.3686   4.637128     2.4645     0.1621    90.7617    14.3338    38.6977    28.9751    167.034 0.0000e+00
    230.000    14.3662   4.637360     2.4640     0.1662    90.7652    14.3313    38.7019    28.9788    167.081 0.0000e+00
    231.000    14.3669   4.637739     2.4631     0.1681    90.7607    14.3318    38.7043    28.9806    166.779 0.0000e+00
    232.000    14.3667   4.637923     2.4600     0.1674    90.7554    14.3315    38.7057    28.9818    166.480 0.0000e+00
    233.000    14.3628   4.637703     2.4589     0.1652    90.7628    14.3274    38.7072    28.9838    166.715 0.0000e+00
    234.000    14.3600   4.637527     2.4589     0.1674    90.7534    14.3244    38.7079    28.9850    166.799 0.0000e+00
    235.000    14.3590   4.637466     2.4591     0.1703    90.7436    14.3233    38.7078    28.9852    166.914 0.0000e+00
    236.000    14.3563   4.637217     2.4598     0.1691    90.7379    14.3204    38.7078    28.9858    167.049 0.0000e+00
    237.000    14.3520   4.636769     2.4602     0.1655    90.7292    14.3160    38.7074    28.9865    166.880 0.0000e+00
    238.000    14.3474   4.636237     2.4584     0.1626    90.7239    14.3112    38.7067    28.9870    166.648 0.0000e+00
    239.000    14.3381   4.635233     2.4573     0.1696    90.6981    14.3019    38.7060    28.9885    166.651 0.0000e+00
    240.000    14.3376   4.635247     2.4562     0.1682    90.6902    14.3012    38.7062    28.9888    166.430 0.0000e+00
    241.000    14.3361   4.635094     2.4536     0.1674    90.6877    14.2995    38.7059    28.9890    166.182 0.0000e+00
    242.000    14.3293   4.634255     2.4524     0.1681    90.6676    14.2926    38.7044    28.9893    166.279 0.0000e+00
    243.000    14.3200   4.633244     2.4519     0.1658    90.6365    14.2832    38.7037    28.9909    166.434 0.0000e+00
    244.000    14.3156   4.632804     2.4515     0.1652    90.6222    14.2786    38.7036    28.9917    166.340 0.0000e+00
    245.000    14.3118   4.632442     2.4509     0.1672    90.6087    14.2747    38.7035    28.9926    166.576 0.0000e+00
    246.000    14.3045   4.631678     2.4526     0.1632    90.5740    14.2672    38.7033    28.9940    166.847 0.0000e+00
    247.000    14.3017   4.631477     2.4530     0.1650    90.5405    14.2642    38.7038    28.9950    166.668 0.0000e+00
    248.000    14.3000   4.631375     2.4519     0.1683    90.5388    14.2624    38.7041    28.9957    166.622 0.0000e+00
    249.000    14.2994   4.631399     2.4532     0.1717    90.5366    14.2617    38.7044    28.9961    166.966 0.0000e+00
    250.000    14.2995   4.631527     2.4535     0.1664    90.5338    14.2616    38.7051    28.9967    166.705 0.0000e+00
    251.000    14.2995   4.631661     2.4520     0.1593    90.5300    14.2614    38.7059    28.9973    166.502 0.0000e+00
    252.000    14.2987   4.631732     2.4510     0.1609    90.5148    14.2605    38.7069    28.9983    166.368 0.0000e+00
    253.000    14.3020   4.632351     2.4487     0.1665    90.5272    14.2636    38.7090    28.9992    166.199 0.0000e+00
    254.000    14.3055   4.633007     2.4478     0.1663    90.5634    14.2670    38.7112    29.0002    166.116 0.0000e+00
    255.000    14.3070   4.633449     2.4461     0.1654    90.5777    14.2683    38.7134    29.0016    165.946 0.0000e+00
    256.000    14.3076   4.633674     2.4451     0.1654    90.5974    14.2687    38.7145    29.0024    166.032 0.0000e+00
    257.000    14.3079   4.633808     2.4446     0.1648    90.6172    14.2689    38.7150    29.0027    165.887 0.0000e+00
    258.000    14.3078   4.633899     2.4426     0.1640    90.6282    14.2687    38.7155    29.0031    165.619 0.0000e+00
    259.000    14.3069   4.633948     2.4408     0.1666    90.6275    14.2676    38.7164    29.0041    165.514 0.0000e+00
    260.000    14.3057   4.634015     2.4395     0.1672    90.6270    14.2663    38.7178    29.0054    165.479 0.0000e+00
    261.000    14.3055   4.634091     2.4383     0.1684    90.6377    14.2659    38.7183    29.0059    165.558 0.0000e+00
    262.000    14.3052   4.634220     2.4393     0.1699    90.6314    14.2655    38.7193    29.0068    165.852 0.0000e+00
