Data/Raw HPLC Argo/lovbio086d/CTD/bioargomed13.cnv
* Sea-Bird SBE 9 Data File:
* FileName = C:\CTD\raw\bioargomed13.hdr
* Software Version Seasave V 7.23.2
* Temperature SN = 2473
* Conductivity SN = 1313
* Number of Bytes Per Scan = 31
* Number of Voltage Words = 4
* Number of Scans Averaged by the Deck Unit = 1
* NMEA Latitude = 40 45.16 N
* NMEA Longitude = 011 30.27 E
* NMEA UTC (Time) = May 31 2015  05:12:13
* NMEA baud rate = 4800
** Ship: TETHYS 2
** Cruise: BIOARGOMED
** Station: 13
# nquan = 11
# nvalues = 510                         
# units = specified
# name 0 = prDM: Pressure, Digiquartz [db]
# name 1 = t090C: Temperature [ITS-90, deg C]
# name 2 = c0S/m: Conductivity [S/m]
# name 3 = sbeox0V: Oxygen raw, SBE 43 [V]
# name 4 = flC: Fluorescence, Chelsea Aqua 3 Chl Con [ug/l]
# name 5 = CStarTr0: Beam Transmission, WET Labs C-Star [%]
# name 6 = potemp090C: Potential Temperature [ITS-90, deg C]
# name 7 = sal00: Salinity, Practical [PSU]
# name 8 = sigma-é00: Density [sigma-theta, kg/m^3]
# name 9 = sbeox0Mm/Kg: Oxygen, SBE 43 [umol/kg], WS = 2
# name 10 = flag: flag
# span 0 =      1.000,    510.000       
# span 1 =    14.1448,    20.0701       
# span 2 =   4.561692,   5.153129       
# span 3 =     2.3554,     3.3809       
# span 4 =     0.1546,     0.3053       
# span 5 =    88.8240,    90.8064       
# span 6 =    14.0673,    20.0699       
# span 7 =    37.8339,    38.7662       
# span 8 =    26.9704,    29.0843       
# span 9 =    162.313,    240.024       
# span 10 = 0.0000e+00, 0.0000e+00      
# interval = decibars: 1                
# start_time = May 31 2015 05:12:13 [NMEA time, header]
# bad_flag = -9.990e-29
*END*
[from data line 263]
    264.000    14.3040   4.634440     2.4391     0.1591    90.6387    14.2639    38.7217    29.0090    165.423 0.0000e+00
    265.000    14.3035   4.634459     2.4360     0.1646    90.6268    14.2633    38.7220    29.0093    165.150 0.0000e+00
    266.000    14.3023   4.634399     2.4354     0.1679    90.5981    14.2619    38.7222    29.0098    165.373 0.0000e+00
    267.000    14.3018   4.634458     2.4351     0.1611    90.5750    14.2613    38.7227    29.0104    165.302 0.0000e+00
    268.000    14.3021   4.634582     2.4343     0.1674    90.5718    14.2614    38.7232    29.0107    165.210 0.0000e+00
    269.000    14.3022   4.634666     2.4332     0.1708    90.5829    14.2614    38.7234    29.0108    165.005 0.0000e+00
    270.000    14.3023   4.634749     2.4310     0.1665    90.6042    14.2614    38.7236    29.0110    164.717 0.0000e+00
    271.000    14.3020   4.634840     2.4286     0.1669    90.6117    14.2609    38.7243    29.0117    164.475 0.0000e+00
    272.000    14.3020   4.634957     2.4265     0.1690    90.6091    14.2608    38.7250    29.0122    164.587 0.0000e+00
    273.000    14.3014   4.635013     2.4273     0.1712    90.5898    14.2600    38.7257    29.0130    165.119 0.0000e+00
    274.000    14.3007   4.635037     2.4301     0.1686    90.6048    14.2591    38.7262    29.0135    165.342 0.0000e+00
    275.000    14.3006   4.635102     2.4308     0.1642    90.6118    14.2588    38.7265    29.0138    165.169 0.0000e+00
    276.000    14.3006   4.635178     2.4300     0.1635    90.6227    14.2588    38.7267    29.0140    164.949 0.0000e+00
    277.000    14.3003   4.635242     2.4294     0.1651    90.6388    14.2582    38.7272    29.0145    164.843 0.0000e+00
    278.000    14.2993   4.635259     2.4272     0.1628    90.6432    14.2571    38.7279    29.0153    164.460 0.0000e+00
    279.000    14.2964   4.635137     2.4245     0.1588    90.6325    14.2541    38.7292    29.0170    164.481 0.0000e+00
    280.000    14.2952   4.635162     2.4245     0.1560    90.6232    14.2527    38.7302    29.0181    164.681 0.0000e+00
    281.000    14.2938   4.635148     2.4244     0.1574    90.6099    14.2512    38.7310    29.0190    164.753 0.0000e+00
    282.000    14.2923   4.635131     2.4248     0.1597    90.6096    14.2495    38.7320    29.0201    164.695 0.0000e+00
    283.000    14.2916   4.635164     2.4238     0.1614    90.6029    14.2487    38.7325    29.0207    164.527 0.0000e+00
    284.000    14.2910   4.635184     2.4227     0.1639    90.5997    14.2479    38.7329    29.0212    164.512 0.0000e+00
    285.000    14.2908   4.635260     2.4226     0.1648    90.5954    14.2476    38.7333    29.0216    164.611 0.0000e+00
    286.000    14.2901   4.635245     2.4223     0.1640    90.5889    14.2467    38.7334    29.0219    164.513 0.0000e+00
    287.000    14.2898   4.635330     2.4218     0.1634    90.5899    14.2462    38.7341    29.0225    164.402 0.0000e+00
    288.000    14.2896   4.635401     2.4196     0.1634    90.5908    14.2459    38.7345    29.0229    164.238 0.0000e+00
    289.000    14.2896   4.635464     2.4200     0.1663    90.5889    14.2457    38.7347    29.0231    164.480 0.0000e+00
    290.000    14.2894   4.635523     2.4196     0.1658    90.5914    14.2454    38.7350    29.0234    164.454 0.0000e+00
    291.000    14.2892   4.635621     2.4200     0.1692    90.5889    14.2450    38.7357    29.0240    164.443 0.0000e+00
    292.000    14.2894   4.635769     2.4190     0.1661    90.5889    14.2450    38.7365    29.0246    164.383 0.0000e+00
    293.000    14.2893   4.635937     2.4198     0.1659    90.5924    14.2449    38.7376    29.0255    164.601 0.0000e+00
    294.000    14.2883   4.635963     2.4197     0.1645    90.5901    14.2437    38.7384    29.0264    164.471 0.0000e+00
    295.000    14.2869   4.635994     2.4193     0.1638    90.5878    14.2422    38.7397    29.0277    164.313 0.0000e+00
    296.000    14.2864   4.636040     2.4171     0.1635    90.6072    14.2415    38.7402    29.0283    163.983 0.0000e+00
    297.000    14.2847   4.635913     2.4155     0.1645    90.6048    14.2397    38.7402    29.0287    164.152 0.0000e+00
    298.000    14.2843   4.635914     2.4162     0.1652    90.5938    14.2390    38.7403    29.0288    164.253 0.0000e+00
    299.000    14.2831   4.635854     2.4152     0.1645    90.5957    14.2378    38.7404    29.0292    164.168 0.0000e+00
    300.000    14.2816   4.635791     2.4157     0.1618    90.6116    14.2361    38.7409    29.0300    164.467 0.0000e+00
    301.000    14.2789   4.635578     2.4176     0.1611    90.6139    14.2332    38.7412    29.0308    164.761 0.0000e+00
    302.000    14.2771   4.635407     2.4184     0.1627    90.6245    14.2312    38.7410    29.0311    164.626 0.0000e+00
    303.000    14.2756   4.635285     2.4180     0.1670    90.6327    14.2297    38.7408    29.0313    164.552 0.0000e+00
    304.000    14.2749   4.635287     2.4180     0.1658    90.6355    14.2288    38.7411    29.0317    164.671 0.0000e+00
    305.000    14.2737   4.635202     2.4189     0.1656    90.6316    14.2275    38.7411    29.0320    164.880 0.0000e+00
    306.000    14.2712   4.634996     2.4197     0.1641    90.6276    14.2248    38.7412    29.0326    164.846 0.0000e+00
    307.000    14.2703   4.634952     2.4191     0.1640    90.6470    14.2237    38.7413    29.0330    164.634 0.0000e+00
    308.000    14.2698   4.634979     2.4183     0.1654    90.6496    14.2230    38.7416    29.0334    164.644 0.0000e+00
    309.000    14.2689   4.635003     2.4175     0.1610    90.6583    14.2220    38.7422    29.0341    164.471 0.0000e+00
    310.000    14.2684   4.635024     2.4158     0.1644    90.6577    14.2214    38.7425    29.0344    164.360 0.0000e+00
    311.000    14.2681   4.635065     2.4150     0.1685    90.6640    14.2209    38.7427    29.0347    164.151 0.0000e+00
    312.000    14.2677   4.635073     2.4117     0.1684    90.6629    14.2204    38.7428    29.0349    163.768 0.0000e+00
    313.000    14.2675   4.635111     2.4103     0.1705    90.6674    14.2200    38.7429    29.0351    164.168 0.0000e+00
    314.000    14.2675   4.635173     2.4124     0.1668    90.6687    14.2198    38.7431    29.0352    164.579 0.0000e+00
    315.000    14.2676   4.635223     2.4132     0.1636    90.6664    14.2198    38.7430    29.0352    164.423 0.0000e+00
    316.000    14.2675   4.635277     2.4128     0.1664    90.6652    14.2196    38.7431    29.0353    164.420 0.0000e+00
    317.000    14.2674   4.635331     2.4137     0.1715    90.6661    14.2193    38.7433    29.0355    164.690 0.0000e+00
    318.000    14.2670   4.635391     2.4148     0.1726    90.6777    14.2187    38.7438    29.0361    164.587 0.0000e+00
    319.000    14.2667   4.635435     2.4134     0.1691    90.6651    14.2183    38.7441    29.0364    164.257 0.0000e+00
    320.000    14.2662   4.635442     2.4121     0.1656    90.6712    14.2176    38.7442    29.0366    164.175 0.0000e+00
    321.000    14.2656   4.635512     2.4106     0.1668    90.6720    14.2168    38.7451    29.0374    164.076 0.0000e+00
    322.000    14.2673   4.635898     2.4097     0.1627    90.6708    14.2184    38.7465    29.0382    163.884 0.0000e+00
    323.000    14.2703   4.636397     2.4069     0.1613    90.6582    14.2213    38.7478    29.0385    163.596 0.0000e+00
    324.000    14.2697   4.636512     2.4059     0.1644    90.6403    14.2205    38.7490    29.0397    163.790 0.0000e+00
    325.000    14.2676   4.636444     2.4056     0.1651    90.6358    14.2182    38.7500    29.0410    163.961 0.0000e+00
    326.000    14.2679   4.636551     2.4072     0.1635    90.6353    14.2184    38.7503    29.0411    164.232 0.0000e+00
    327.000    14.2677   4.636604     2.4077     0.1603    90.6376    14.2181    38.7505    29.0414    164.108 0.0000e+00
    328.000    14.2715   4.637320     2.4071     0.1616    90.6427    14.2217    38.7530    29.0425    164.030 0.0000e+00
    329.000    14.2708   4.637327     2.4074     0.1622    90.6561    14.2208    38.7534    29.0430    164.138 0.0000e+00
    330.000    14.2696   4.637271     2.4071     0.1604    90.6533    14.2195    38.7535    29.0434    164.063 0.0000e+00
    331.000    14.2686   4.637227     2.4069     0.1600    90.6423    14.2183    38.7538    29.0438    164.137 0.0000e+00
    332.000    14.2687   4.637321     2.4073     0.1623    90.6417    14.2183    38.7540    29.0440    164.250 0.0000e+00
    333.000    14.2679   4.637335     2.4076     0.1627    90.6378    14.2173    38.7546    29.0447    164.207 0.0000e+00
    334.000    14.2676   4.637430     2.4071     0.1620    90.6389    14.2169    38.7553    29.0453    164.173 0.0000e+00
    335.000    14.2690   4.637753     2.4073     0.1587    90.6531    14.2181    38.7565    29.0460    164.253 0.0000e+00
    336.000    14.2695   4.637869     2.4073     0.1584    90.6655    14.2184    38.7567    29.0461    164.348 0.0000e+00
    337.000    14.2694   4.637916     2.4083     0.1590    90.6626    14.2182    38.7567    29.0461    164.620 0.0000e+00
    338.000    14.2687   4.637877     2.4094     0.1578    90.6684    14.2173    38.7566    29.0463    164.466 0.0000e+00
    339.000    14.2685   4.637921     2.4079     0.1601    90.6675    14.2170    38.7568    29.0464    164.265 0.0000e+00
    340.000    14.2693   4.638093     2.4075     0.1593    90.6751    14.2177    38.7571    29.0466    164.189 0.0000e+00
    341.000    14.2704   4.638323     2.4065     0.1599    90.6792    14.2186    38.7578    29.0469    164.157 0.0000e+00
    342.000    14.2700   4.638396     2.4067     0.1599    90.6887    14.2180    38.7584    29.0475    164.413 0.0000e+00
    343.000    14.2694   4.638374     2.4079     0.1588    90.6722    14.2173    38.7584    29.0477    164.489 0.0000e+00
    344.000    14.2693   4.638461     2.4068     0.1615    90.6719    14.2170    38.7589    29.0481    164.110 0.0000e+00
    345.000    14.2685   4.638458     2.4056     0.1650    90.6986    14.2161    38.7592    29.0485    164.034 0.0000e+00
    346.000    14.2672   4.638398     2.4042     0.1658    90.7021    14.2147    38.7594    29.0490    163.904 0.0000e+00
    347.000    14.2672   4.638464     2.4031     0.1599    90.7034    14.2145    38.7596    29.0492    163.914 0.0000e+00
    348.000    14.2671   4.638518     2.4016     0.1611    90.7015    14.2143    38.7598    29.0494    163.615 0.0000e+00
    349.000    14.2651   4.638293     2.3991     0.1600    90.7066    14.2121    38.7592    29.0494    163.498 0.0000e+00
    350.000    14.2604   4.637816     2.3991     0.1608    90.6904    14.2073    38.7590    29.0503    163.889 0.0000e+00
    351.000    14.2599   4.637826     2.4001     0.1601    90.6937    14.2066    38.7592    29.0506    164.013 0.0000e+00
    352.000    14.2606   4.638005     2.4002     0.1612    90.6973    14.2071    38.7598    29.0510    163.853 0.0000e+00
    353.000    14.2592   4.637860     2.3995     0.1628    90.6952    14.2056    38.7594    29.0510    163.789 0.0000e+00
    354.000    14.2539   4.637196     2.3986     0.1617    90.6782    14.2002    38.7580    29.0511    163.559 0.0000e+00
    355.000    14.2462   4.636274     2.3968     0.1602    90.6641    14.1924    38.7566    29.0517    163.426 0.0000e+00
    356.000    14.2438   4.636067     2.3957     0.1606    90.6581    14.1898    38.7566    29.0523    163.538 0.0000e+00
    357.000    14.2429   4.635994     2.3956     0.1618    90.6538    14.1888    38.7564    29.0523    163.616 0.0000e+00
    358.000    14.2411   4.635833     2.3953     0.1615    90.6456    14.1868    38.7562    29.0526    163.493 0.0000e+00
    359.000    14.2372   4.635424     2.3940     0.1614    90.6444    14.1827    38.7559    29.0533    163.383 0.0000e+00
    360.000    14.2348   4.635235     2.3932     0.1567    90.6389    14.1802    38.7560    29.0539    163.473 0.0000e+00
    361.000    14.2353   4.635452     2.3937     0.1589    90.6389    14.1805    38.7572    29.0548    163.655 0.0000e+00
    362.000    14.2364   4.635639     2.3939     0.1596    90.6485    14.1814    38.7574    29.0547    163.510 0.0000e+00
    363.000    14.2371   4.635789     2.3925     0.1609    90.6629    14.1820    38.7577    29.0549    163.211 0.0000e+00
    364.000    14.2377   4.635931     2.3910     0.1636    90.6682    14.1825    38.7579    29.0549    163.154 0.0000e+00
    365.000    14.2343   4.635519     2.3898     0.1655    90.6583    14.1789    38.7570    29.0550    163.094 0.0000e+00
    366.000    14.2303   4.635114     2.3888     0.1653    90.6466    14.1748    38.7568    29.0557    163.054 0.0000e+00
    367.000    14.2266   4.634686     2.3882     0.1633    90.6464    14.1709    38.7561    29.0560    162.959 0.0000e+00
    368.000    14.2234   4.634392     2.3865     0.1637    90.6418    14.1676    38.7561    29.0567    162.969 0.0000e+00
    369.000    14.2220   4.634250     2.3866     0.1591    90.6369    14.1660    38.7557    29.0568    163.044 0.0000e+00
    370.000    14.2200   4.634090     2.3862     0.1546    90.6314    14.1639    38.7557    29.0573    163.055 0.0000e+00
    371.000    14.2186   4.633982     2.3861     0.1583    90.6361    14.1623    38.7557    29.0577    163.145 0.0000e+00
    372.000    14.2175   4.633966     2.3867     0.1619    90.6278    14.1611    38.7562    29.0583    163.318 0.0000e+00
    373.000    14.2178   4.634115     2.3877     0.1632    90.6318    14.1613    38.7568    29.0587    163.461 0.0000e+00
    374.000    14.2188   4.634330     2.3887     0.1660    90.6380    14.1621    38.7574    29.0590    163.517 0.0000e+00
    375.000    14.2204   4.634650     2.3888     0.1657    90.6413    14.1635    38.7584    29.0595    163.321 0.0000e+00
    376.000    14.2203   4.634717     2.3879     0.1644    90.6427    14.1633    38.7587    29.0597    163.273 0.0000e+00
    377.000    14.2206   4.634812     2.3878     0.1662    90.6413    14.1635    38.7588    29.0598    163.315 0.0000e+00
    378.000    14.2206   4.634885     2.3872     0.1645    90.6547    14.1632    38.7591    29.0600    163.309 0.0000e+00
    379.000    14.2212   4.635019     2.3875     0.1668    90.6509    14.1637    38.7593    29.0601    163.536 0.0000e+00
    380.000    14.2222   4.635240     2.3890     0.1625    90.6520    14.1646    38.7599    29.0604    163.606 0.0000e+00
    381.000    14.2233   4.635458     2.3879     0.1606    90.6637    14.1654    38.7605    29.0606    163.324 0.0000e+00
    382.000    14.2242   4.635653     2.3878     0.1658    90.6673    14.1662    38.7610    29.0609    163.548 0.0000e+00
    383.000    14.2248   4.635798     2.3890     0.1661    90.6619    14.1666    38.7613    29.0610    163.810 0.0000e+00
    384.000    14.2256   4.635974     2.3901     0.1633    90.6822    14.1673    38.7616    29.0611    163.722 0.0000e+00
    385.000    14.2269   4.636222     2.3893     0.1600    90.6914    14.1684    38.7623    29.0614    163.672 0.0000e+00
    386.000    14.2277   4.636403     2.3902     0.1594    90.7014    14.1691    38.7627    29.0615    163.877 0.0000e+00
    387.000    14.2277   4.636458     2.3905     0.1589    90.7080    14.1690    38.7627    29.0616    163.875 0.0000e+00
    388.000    14.2280   4.636566     2.3910     0.1627    90.7037    14.1691    38.7631    29.0618    163.911 0.0000e+00
    389.000    14.2283   4.636688     2.3908     0.1673    90.7115    14.1693    38.7634    29.0621    163.765 0.0000e+00
    390.000    14.2285   4.636793     2.3897     0.1659    90.7060    14.1693    38.7638    29.0623    163.443 0.0000e+00
    391.000    14.2287   4.636877     2.3866     0.1627    90.7108    14.1693    38.7640    29.0625    163.044 0.0000e+00
    392.000    14.2288   4.636940     2.3848     0.1607    90.7129    14.1693    38.7640    29.0625    163.320 0.0000e+00
    393.000    14.2288   4.637007     2.3859     0.1589    90.7140    14.1691    38.7642    29.0627    163.655 0.0000e+00
