Data/Raw HPLC Argo/lovbio086d/CTD/bioargomed13.cnv
* Sea-Bird SBE 9 Data File:
* FileName = C:\CTD\raw\bioargomed13.hdr
* Software Version Seasave V 7.23.2
* Temperature SN = 2473
* Conductivity SN = 1313
* Number of Bytes Per Scan = 31
* Number of Voltage Words = 4
* Number of Scans Averaged by the Deck Unit = 1
* NMEA Latitude = 40 45.16 N
* NMEA Longitude = 011 30.27 E
* NMEA UTC (Time) = May 31 2015  05:12:13
* NMEA baud rate = 4800
** Ship: TETHYS 2
** Cruise: BIOARGOMED
** Station: 13
# nquan = 11
# nvalues = 510                         
# units = specified
# name 0 = prDM: Pressure, Digiquartz [db]
# name 1 = t090C: Temperature [ITS-90, deg C]
# name 2 = c0S/m: Conductivity [S/m]
# name 3 = sbeox0V: Oxygen raw, SBE 43 [V]
# name 4 = flC: Fluorescence, Chelsea Aqua 3 Chl Con [ug/l]
# name 5 = CStarTr0: Beam Transmission, WET Labs C-Star [%]
# name 6 = potemp090C: Potential Temperature [ITS-90, deg C]
# name 7 = sal00: Salinity, Practical [PSU]
# name 8 = sigma-é00: Density [sigma-theta, kg/m^3]
# name 9 = sbeox0Mm/Kg: Oxygen, SBE 43 [umol/kg], WS = 2
# name 10 = flag: flag
# span 0 =      1.000,    510.000       
# span 1 =    14.1448,    20.0701       
# span 2 =   4.561692,   5.153129       
# span 3 =     2.3554,     3.3809       
# span 4 =     0.1546,     0.3053       
# span 5 =    88.8240,    90.8064       
# span 6 =    14.0673,    20.0699       
# span 7 =    37.8339,    38.7662       
# span 8 =    26.9704,    29.0843       
# span 9 =    162.313,    240.024       
# span 10 = 0.0000e+00, 0.0000e+00      
# interval = decibars: 1                
# start_time = May 31 2015 05:12:13 [NMEA time, header]
# bad_flag = -9.990e-29
*END*
[from data line 394]
    395.000    14.2289   4.637212     2.3841     0.1643    90.7331    14.1689    38.7652    29.0635    163.098 0.0000e+00
    396.000    14.2283   4.637194     2.3840     0.1653    90.7379    14.1682    38.7651    29.0636    163.589 0.0000e+00
    397.000    14.2276   4.637150     2.3861     0.1651    90.7370    14.1673    38.7650    29.0637    163.746 0.0000e+00
    398.000    14.2266   4.637097     2.3861     0.1653    90.7360    14.1661    38.7650    29.0640    163.639 0.0000e+00
    399.000    14.2265   4.637140     2.3863     0.1635    90.7391    14.1659    38.7651    29.0641    163.666 0.0000e+00
    400.000    14.2264   4.637171     2.3862     0.1593    90.7391    14.1656    38.7651    29.0642    163.696 0.0000e+00
    401.000    14.2262   4.637204     2.3868     0.1579    90.7325    14.1653    38.7652    29.0643    163.895 0.0000e+00
    402.000    14.2261   4.637233     2.3876     0.1644    90.7361    14.1650    38.7651    29.0643    163.844 0.0000e+00
    403.000    14.2260   4.637266     2.3868     0.1714    90.7368    14.1647    38.7651    29.0643    163.561 0.0000e+00
    404.000    14.2250   4.637235     2.3855     0.1710    90.7324    14.1637    38.7653    29.0647    163.566 0.0000e+00
    405.000    14.2232   4.637081     2.3854     0.1640    90.7378    14.1617    38.7652    29.0651    163.596 0.0000e+00
    406.000    14.2218   4.636995     2.3845     0.1594    90.7308    14.1601    38.7654    29.0656    163.494 0.0000e+00
    407.000    14.2215   4.637023     2.3834     0.1625    90.7414    14.1597    38.7654    29.0657    163.394 0.0000e+00
    408.000    14.2211   4.637026     2.3828     0.1664    90.7390    14.1592    38.7654    29.0659    163.653 0.0000e+00
    409.000    14.2203   4.637001     2.3846     0.1649    90.7441    14.1582    38.7656    29.0662    164.008 0.0000e+00
    410.000    14.2199   4.637004     2.3857     0.1625    90.7404    14.1577    38.7656    29.0663    163.854 0.0000e+00
    411.000    14.2192   4.636978     2.3846     0.1608    90.7391    14.1568    38.7656    29.0665    163.629 0.0000e+00
    412.000    14.2188   4.636997     2.3845     0.1589    90.7412    14.1562    38.7657    29.0667    163.734 0.0000e+00
    413.000    14.2178   4.636968     2.3838     0.1571    90.7462    14.1551    38.7660    29.0672    163.571 0.0000e+00
    414.000    14.2170   4.636931     2.3830     0.1598    90.7417    14.1541    38.7661    29.0674    163.645 0.0000e+00
    415.000    14.2161   4.636894     2.3833     0.1616    90.7427    14.1531    38.7661    29.0677    163.509 0.0000e+00
    416.000    14.2150   4.636822     2.3804     0.1676    90.7467    14.1518    38.7661    29.0680    163.058 0.0000e+00
    417.000    14.2147   4.636835     2.3793     0.1696    90.7467    14.1514    38.7661    29.0681    163.425 0.0000e+00
    418.000    14.2147   4.636871     2.3803     0.1700    90.7439    14.1512    38.7661    29.0681    163.691 0.0000e+00
    419.000    14.2146   4.636919     2.3813     0.1688    90.7427    14.1509    38.7662    29.0682    163.713 0.0000e+00
    420.000    14.2142   4.636932     2.3813     0.1637    90.7427    14.1504    38.7662    29.0684    163.579 0.0000e+00
    421.000    14.2123   4.636767     2.3804     0.1598    90.7542    14.1484    38.7661    29.0688    163.369 0.0000e+00
    422.000    14.2110   4.636653     2.3792     0.1583    90.7527    14.1469    38.7660    29.0689    163.326 0.0000e+00
    423.000    14.2098   4.636555     2.3783     0.1613    90.7486    14.1456    38.7658    29.0691    163.217 0.0000e+00
    424.000    14.2078   4.636380     2.3771     0.1630    90.7453    14.1434    38.7657    29.0695    163.298 0.0000e+00
    425.000    14.2057   4.636172     2.3777     0.1621    90.7541    14.1411    38.7654    29.0698    163.557 0.0000e+00
    426.000    14.2032   4.635917     2.3786     0.1603    90.7526    14.1385    38.7651    29.0701    163.645 0.0000e+00
    427.000    14.2008   4.635676     2.3787     0.1631    90.7516    14.1359    38.7648    29.0704    163.503 0.0000e+00
    428.000    14.1991   4.635507     2.3779     0.1673    90.7522    14.1341    38.7645    29.0706    163.232 0.0000e+00
    429.000    14.1967   4.635285     2.3757     0.1640    90.7483    14.1316    38.7644    29.0710    163.092 0.0000e+00
    430.000    14.1959   4.635251     2.3753     0.1633    90.7427    14.1307    38.7643    29.0712    163.366 0.0000e+00
    431.000    14.1956   4.635250     2.3761     0.1655    90.7530    14.1302    38.7643    29.0713    163.413 0.0000e+00
    432.000    14.1955   4.635283     2.3750     0.1640    90.7527    14.1299    38.7642    29.0713    163.026 0.0000e+00
    433.000    14.1953   4.635309     2.3727     0.1629    90.7529    14.1296    38.7642    29.0714    162.668 0.0000e+00
    434.000    14.1951   4.635339     2.3704     0.1614    90.7576    14.1292    38.7643    29.0715    162.424 0.0000e+00
    435.000    14.1948   4.635355     2.3676     0.1615    90.7516    14.1287    38.7643    29.0716    162.313 0.0000e+00
    436.000    14.1947   4.635384     2.3668     0.1612    90.7560    14.1285    38.7642    29.0716    162.665 0.0000e+00
    437.000    14.1935   4.635290     2.3684     0.1620    90.7517    14.1271    38.7641    29.0718    163.033 0.0000e+00
    438.000    14.1925   4.635244     2.3690     0.1663    90.7586    14.1260    38.7642    29.0721    162.854 0.0000e+00
    439.000    14.1915   4.635165     2.3684     0.1668    90.7581    14.1249    38.7640    29.0722    162.866 0.0000e+00
    440.000    14.1911   4.635176     2.3692     0.1666    90.7523    14.1243    38.7641    29.0725    163.179 0.0000e+00
    441.000    14.1907   4.635179     2.3706     0.1659    90.7488    14.1237    38.7641    29.0726    163.276 0.0000e+00
    442.000    14.1894   4.635050     2.3708     0.1655    90.7527    14.1223    38.7637    29.0726    163.243 0.0000e+00
    443.000    14.1882   4.634969     2.3715     0.1665    90.7534    14.1210    38.7637    29.0728    163.258 0.0000e+00
    444.000    14.1874   4.634927     2.3710     0.1663    90.7532    14.1200    38.7637    29.0731    163.171 0.0000e+00
    445.000    14.1874   4.634978     2.3709     0.1631    90.7599    14.1198    38.7638    29.0732    163.170 0.0000e+00
    446.000    14.1868   4.634957     2.3705     0.1624    90.7558    14.1191    38.7637    29.0733    163.126 0.0000e+00
    447.000    14.1858   4.634899     2.3701     0.1658    90.7592    14.1179    38.7638    29.0736    163.138 0.0000e+00
    448.000    14.1854   4.634915     2.3695     0.1643    90.7631    14.1174    38.7638    29.0737    163.055 0.0000e+00
    449.000    14.1855   4.634979     2.3692     0.1675    90.7574    14.1173    38.7639    29.0738    163.213 0.0000e+00
    450.000    14.1855   4.635041     2.3698     0.1722    90.7604    14.1172    38.7641    29.0740    163.380 0.0000e+00
    451.000    14.1851   4.635060     2.3706     0.1678    90.7584    14.1166    38.7642    29.0742    163.258 0.0000e+00
    452.000    14.1847   4.635072     2.3687     0.1633    90.7676    14.1161    38.7643    29.0744    162.871 0.0000e+00
    453.000    14.1848   4.635151     2.3670     0.1632    90.7650    14.1160    38.7645    29.0745    162.846 0.0000e+00
    454.000    14.1851   4.635231     2.3660     0.1636    90.7641    14.1161    38.7645    29.0745    162.791 0.0000e+00
    455.000    14.1851   4.635299     2.3654     0.1611    90.7665    14.1160    38.7647    29.0747    162.958 0.0000e+00
    456.000    14.1849   4.635319     2.3669     0.1627    90.7692    14.1156    38.7647    29.0748    163.337 0.0000e+00
    457.000    14.1845   4.635340     2.3677     0.1633    90.7658    14.1151    38.7648    29.0750    163.150 0.0000e+00
    458.000    14.1844   4.635395     2.3674     0.1600    90.7694    14.1148    38.7650    29.0752    163.215 0.0000e+00
    459.000    14.1840   4.635428     2.3680     0.1641    90.7666    14.1143    38.7653    29.0755    163.296 0.0000e+00
    460.000    14.1837   4.635443     2.3679     0.1661    90.7685    14.1138    38.7653    29.0756    163.153 0.0000e+00
    461.000    14.1830   4.635412     2.3669     0.1619    90.7699    14.1130    38.7652    29.0758    163.075 0.0000e+00
    462.000    14.1811   4.635251     2.3663     0.1603    90.7703    14.1109    38.7652    29.0762    163.123 0.0000e+00
    463.000    14.1803   4.635225     2.3668     0.1599    90.7698    14.1100    38.7652    29.0764    163.429 0.0000e+00
    464.000    14.1803   4.635270     2.3682     0.1548    90.7703    14.1098    38.7653    29.0765    163.472 0.0000e+00
    465.000    14.1803   4.635313     2.3680     0.1559    90.7699    14.1096    38.7653    29.0766    163.291 0.0000e+00
    466.000    14.1804   4.635367     2.3669     0.1581    90.7693    14.1096    38.7652    29.0765    163.006 0.0000e+00
    467.000    14.1805   4.635431     2.3648     0.1574    90.7755    14.1096    38.7652    29.0765    162.884 0.0000e+00
    468.000    14.1806   4.635495     2.3643     0.1564    90.7693    14.1095    38.7654    29.0767    163.001 0.0000e+00
    469.000    14.1805   4.635525     2.3635     0.1581    90.7681    14.1092    38.7653    29.0766    162.833 0.0000e+00
    470.000    14.1803   4.635535     2.3623     0.1564    90.7670    14.1089    38.7651    29.0766    162.844 0.0000e+00
    471.000    14.1783   4.635313     2.3621     0.1559    90.7651    14.1068    38.7646    29.0766    162.885 0.0000e+00
    472.000    14.1737   4.634837     2.3619     0.1581    90.7503    14.1020    38.7643    29.0775    162.990 0.0000e+00
    473.000    14.1731   4.634835     2.3622     0.1600    90.7446    14.1013    38.7644    29.0777    162.912 0.0000e+00
    474.000    14.1720   4.634782     2.3613     0.1608    90.7453    14.1000    38.7646    29.0782    162.987 0.0000e+00
    475.000    14.1713   4.634775     2.3625     0.1569    90.7484    14.0992    38.7648    29.0785    163.165 0.0000e+00
    476.000    14.1713   4.634828     2.3627     0.1601    90.7471    14.0990    38.7649    29.0785    163.192 0.0000e+00
    477.000    14.1713   4.634871     2.3632     0.1652    90.7504    14.0988    38.7649    29.0786    163.300 0.0000e+00
    478.000    14.1711   4.634912     2.3637     0.1629    90.7535    14.0985    38.7650    29.0788    163.215 0.0000e+00
    479.000    14.1712   4.635017     2.3631     0.1633    90.7597    14.0985    38.7654    29.0791    163.179 0.0000e+00
    480.000    14.1714   4.635123     2.3628     0.1653    90.7642    14.0985    38.7658    29.0794    163.230 0.0000e+00
    481.000    14.1708   4.635116     2.3634     0.1645    90.7691    14.0977    38.7659    29.0797    163.343 0.0000e+00
    482.000    14.1689   4.634936     2.3630     0.1675    90.7708    14.0957    38.7656    29.0799    163.099 0.0000e+00
    483.000    14.1666   4.634690     2.3616     0.1688    90.7724    14.0933    38.7652    29.0801    163.006 0.0000e+00
    484.000    14.1656   4.634607     2.3608     0.1605    90.7652    14.0921    38.7650    29.0802    163.086 0.0000e+00
    485.000    14.1646   4.634547     2.3616     0.1595    90.7694    14.0909    38.7650    29.0804    163.290 0.0000e+00
    486.000    14.1644   4.634582     2.3610     0.1589    90.7731    14.0906    38.7651    29.0806    163.046 0.0000e+00
    487.000    14.1642   4.634622     2.3605     0.1592    90.7743    14.0902    38.7653    29.0808    163.245 0.0000e+00
    488.000    14.1639   4.634640     2.3618     0.1574    90.7766    14.0898    38.7653    29.0809    163.449 0.0000e+00
    489.000    14.1636   4.634649     2.3618     0.1619    90.7830    14.0893    38.7652    29.0810    163.267 0.0000e+00
    490.000    14.1634   4.634679     2.3615     0.1602    90.7821    14.0890    38.7653    29.0811    163.362 0.0000e+00
    491.000    14.1629   4.634685     2.3620     0.1559    90.7804    14.0883    38.7654    29.0813    163.408 0.0000e+00
    492.000    14.1623   4.634664     2.3617     0.1555    90.7880    14.0876    38.7653    29.0814    163.245 0.0000e+00
    493.000    14.1622   4.634700     2.3602     0.1617    90.7891    14.0873    38.7654    29.0815    162.997 0.0000e+00
    494.000    14.1622   4.634740     2.3589     0.1670    90.7870    14.0872    38.7653    29.0815    163.139 0.0000e+00
    495.000    14.1614   4.634684     2.3596     0.1673    90.7711    14.0863    38.7651    29.0815    163.322 0.0000e+00
    496.000    14.1602   4.634606     2.3598     0.1660    90.7867    14.0849    38.7651    29.0819    163.238 0.0000e+00
    497.000    14.1598   4.634605     2.3591     0.1648    90.7891    14.0843    38.7651    29.0819    163.090 0.0000e+00
    498.000    14.1596   4.634621     2.3574     0.1649    90.7779    14.0840    38.7650    29.0819    162.804 0.0000e+00
    499.000    14.1591   4.634590     2.3560     0.1642    90.7891    14.0833    38.7648    29.0819    162.855 0.0000e+00
    500.000    14.1578   4.634483     2.3558     0.1623    90.7868    14.0818    38.7647    29.0822    163.023 0.0000e+00
    501.000    14.1553   4.634260     2.3564     0.1617    90.7914    14.0792    38.7646    29.0827    163.195 0.0000e+00
    502.000    14.1541   4.634184     2.3570     0.1655    90.7935    14.0779    38.7646    29.0830    163.168 0.0000e+00
    503.000    14.1537   4.634180     2.3564     0.1604    90.7982    14.0773    38.7646    29.0831    163.020 0.0000e+00
    504.000    14.1531   4.634147     2.3563     0.1611    90.7925    14.0766    38.7644    29.0831    163.128 0.0000e+00
    505.000    14.1516   4.633998     2.3562     0.1625    90.7953    14.0749    38.7641    29.0832    163.198 0.0000e+00
    506.000    14.1510   4.633989     2.3569     0.1657    90.7965    14.0742    38.7642    29.0834    163.289 0.0000e+00
    507.000    14.1505   4.633949     2.3563     0.1598    90.7915    14.0735    38.7639    29.0834    163.055 0.0000e+00
    508.000    14.1473   4.633602     2.3557     0.1592    90.7903    14.0702    38.7634    29.0837    163.119 0.0000e+00
    509.000    14.1456   4.633443     2.3554     0.1583    90.7967    14.0683    38.7632    29.0839    163.169 0.0000e+00
    510.000    14.1448   4.633418     2.3578     0.1694    90.8064    14.0673    38.7633    29.0843    163.402 0.0000e+00
