Data/Raw HPLC Argo/lovbio027b/CTD/a0263.cnv
* Sea-Bird SBE 9 Data File:
* FileName = C:\Seasoft\a201306\a0263.hex
* Software Version Seasave V 7.21a
* Temperature SN = 1428
* Conductivity SN = 1162
* Number of Bytes Per Scan = 35
* Number of Voltage Words = 4
* Number of Scans Averaged by the Deck Unit = 4
* NMEA Latitude = 62 44.97 N
* NMEA Longitude = 030 17.82 W
* NMEA UTC (Time) = Jun 16 2013 19:03:33
* NMEA baud rate = 4800
** Stn: 263
** Lat: 62 44.98 N
** Lon: 30 17.84 V
** Depth: 1938
** Name:
** Title: Karfi 13
# nquan = 8
# nvalues = 1010                        
# units = specified
# name 0 = prDM: Pressure, Digiquartz [db]
# name 1 = t090C: Temperature [ITS-90, deg C]
# name 2 = sal00: Salinity, Practical [PSU]
# name 3 = potemp090C: Potential Temperature [ITS-90, deg C]
# name 4 = sigma-é00: Density [sigma-theta, Kg/m^3]
# name 5 = flSP: Fluorescence, Seapoint
# name 6 = scan: Scan Count
# name 7 = flag: flag
# span 0 =      6.000,   1015.000       
# span 1 =     3.9249,     8.3238       
# span 2 =    34.9169,    35.0498       
# span 3 =     3.8609,     8.3232       
# span 4 =    27.2303,    27.7605       
# span 5 = 6.0531e-03, 9.9159e+00       
# span 6 =         77,       6091       
# span 7 = 0.0000e+00, 0.0000e+00       
# interval = decibars: 1                
# start_time = Jun 16 2013 19:03:45 [System UTC, first data scan.]
# bad_flag = -9.990e-29
*END*
[from data line 180]
    186.000     6.2561    35.0241     6.2398    27.5407 6.1131e-02       1095 0.0000e+00
    187.000     6.2461    35.0236     6.2296    27.5416 1.9286e-02       1100 0.0000e+00
    188.000     6.2430    35.0236     6.2265    27.5420 2.6631e-02       1106 0.0000e+00
    189.000     6.2418    35.0236     6.2252    27.5422 2.4479e-02       1111 0.0000e+00
    190.000     6.2385    35.0234     6.2218    27.5425 2.4420e-02       1117 0.0000e+00
    191.000     6.2319    35.0234     6.2151    27.5434 2.4420e-02       1123 0.0000e+00
    192.000     6.2256    35.0231     6.2088    27.5439 2.4420e-02       1130 0.0000e+00
    193.000     6.2184    35.0229     6.2015    27.5447 2.6148e-02       1136 0.0000e+00
    194.000     6.2165    35.0226     6.1995    27.5448 2.1921e-02       1142 0.0000e+00
    195.000     6.2137    35.0224     6.1966    27.5450 1.6672e-02       1147 0.0000e+00
    196.000     6.2092    35.0221     6.1921    27.5454 2.2223e-02       1152 0.0000e+00
    197.000     6.2014    35.0218     6.1841    27.5461 2.1978e-02       1157 0.0000e+00
    198.000     6.1997    35.0219     6.1824    27.5464 2.4204e-02       1162 0.0000e+00
    199.000     6.1975    35.0219     6.1800    27.5468 2.0532e-02       1167 0.0000e+00
    200.000     6.1957    35.0217     6.1781    27.5468 2.1347e-02       1174 0.0000e+00
    201.000     6.1940    35.0214     6.1764    27.5468 2.5936e-02       1182 0.0000e+00
    202.000     6.1923    35.0212     6.1746    27.5469 2.4523e-02       1188 0.0000e+00
    203.000     6.1833    35.0205     6.1655    27.5476 1.9832e-02       1194 0.0000e+00
    204.000     6.1765    35.0206     6.1587    27.5485 2.1849e-02       1199 0.0000e+00
    205.000     6.1750    35.0205     6.1570    27.5487 2.1978e-02       1204 0.0000e+00
    206.000     6.1711    35.0201     6.1531    27.5489 2.4214e-02       1209 0.0000e+00
    207.000     6.1587    35.0196     6.1407    27.5501 2.2065e-02       1214 0.0000e+00
    208.000     6.1455    35.0196     6.1274    27.5518 2.2385e-02       1220 0.0000e+00
    209.000     6.1337    35.0197     6.1155    27.5534 1.9173e-02       1226 0.0000e+00
    210.000     6.1312    35.0193     6.1129    27.5535 1.8286e-02       1233 0.0000e+00
    211.000     6.1296    35.0189     6.1111    27.5534 2.0516e-02       1239 0.0000e+00
    212.000     6.1224    35.0186     6.1040    27.5541 2.2439e-02       1245 0.0000e+00
    213.000     6.1132    35.0182     6.0947    27.5550 1.7231e-02       1250 0.0000e+00
    214.000     6.1042    35.0179     6.0856    27.5559 2.1486e-02       1255 0.0000e+00
    215.000     6.0994    35.0183     6.0807    27.5568 2.1994e-02       1259 0.0000e+00
    216.000     6.0971    35.0182     6.0783    27.5571 2.2355e-02       1264 0.0000e+00
    217.000     6.0943    35.0185     6.0754    27.5577 2.8846e-02       1271 0.0000e+00
    218.000     6.0826    35.0171     6.0636    27.5581 2.0977e-02       1280 0.0000e+00
    219.000     6.0690    35.0164     6.0500    27.5593 2.2004e-02       1286 0.0000e+00
    220.000     6.0663    35.0165     6.0473    27.5597 1.9597e-02       1291 0.0000e+00
    221.000     6.0635    35.0160     6.0443    27.5597 1.6288e-02       1295 0.0000e+00
    222.000     6.0512    35.0145     6.0320    27.5601 2.1995e-02       1299 0.0000e+00
    223.000     6.0337    35.0139     6.0144    27.5619 2.2567e-02       1304 0.0000e+00
    224.000     6.0224    35.0133     6.0030    27.5629 2.1962e-02       1313 0.0000e+00
    225.000     6.0206    35.0127     6.0012    27.5627 1.3523e-02       1321 0.0000e+00
    226.000     6.0159    35.0124     5.9964    27.5630 2.1799e-02       1327 0.0000e+00
    227.000     6.0083    35.0118     5.9887    27.5635 2.4216e-02       1331 0.0000e+00
    228.000     6.0043    35.0118     5.9846    27.5641 2.4420e-02       1335 0.0000e+00
    229.000     6.0014    35.0111     5.9816    27.5639 2.4420e-02       1339 0.0000e+00
    230.000     5.9925    35.0106     5.9727    27.5646 2.4420e-02       1343 0.0000e+00
    231.000     5.9801    35.0103     5.9602    27.5660 2.0674e-02       1351 0.0000e+00
    232.000     5.9739    35.0097     5.9539    27.5663 2.4418e-02       1358 0.0000e+00
    233.000     5.9663    35.0092     5.9462    27.5669 2.4420e-02       1365 0.0000e+00
    234.000     5.9585    35.0091     5.9384    27.5678 2.1980e-02       1370 0.0000e+00
    235.000     5.9528    35.0088     5.9326    27.5683 1.7241e-02       1375 0.0000e+00
    236.000     5.9508    35.0087     5.9305    27.5685 2.4005e-02       1380 0.0000e+00
    237.000     5.9472    35.0082     5.9269    27.5685 1.8623e-02       1386 0.0000e+00
    238.000     5.9438    35.0080     5.9233    27.5689 2.0330e-02       1392 0.0000e+00
    239.000     5.9403    35.0077     5.9198    27.5691 2.2288e-02       1398 0.0000e+00
    240.000     5.9367    35.0074     5.9161    27.5693 1.8325e-02       1403 0.0000e+00
    241.000     5.9330    35.0074     5.9124    27.5698 2.2108e-02       1408 0.0000e+00
    242.000     5.9307    35.0073     5.9099    27.5701 2.1978e-02       1413 0.0000e+00
    243.000     5.9290    35.0073     5.9081    27.5703 2.0486e-02       1418 0.0000e+00
    244.000     5.9279    35.0072     5.9070    27.5704 2.2693e-02       1425 0.0000e+00
    245.000     5.9274    35.0070     5.9064    27.5702 1.9075e-02       1432 0.0000e+00
    246.000     5.9262    35.0070     5.9051    27.5704 2.4703e-02       1438 0.0000e+00
    247.000     5.9260    35.0067     5.9048    27.5702 2.1740e-02       1443 0.0000e+00
    248.000     5.9246    35.0069     5.9033    27.5705 1.9365e-02       1448 0.0000e+00
    249.000     5.9192    35.0069     5.8978    27.5712 1.6311e-02       1453 0.0000e+00
    250.000     5.9135    35.0070     5.8921    27.5721 1.4359e-02       1459 0.0000e+00
    251.000     5.9092    35.0074     5.8877    27.5730 1.8216e-02       1465 0.0000e+00
    252.000     5.9077    35.0074     5.8861    27.5732 2.2122e-02       1471 0.0000e+00
    253.000     5.9072    35.0072     5.8854    27.5731 1.9285e-02       1477 0.0000e+00
    254.000     5.9038    35.0073     5.8820    27.5736 1.9536e-02       1481 0.0000e+00
    255.000     5.9001    35.0071     5.8783    27.5739 1.7065e-02       1486 0.0000e+00
    256.000     5.8996    35.0073     5.8776    27.5741 1.5661e-02       1492 0.0000e+00
    257.000     5.8992    35.0071     5.8771    27.5741 2.1204e-02       1499 0.0000e+00
    258.000     5.8988    35.0078     5.8767    27.5747 1.1591e-02       1506 0.0000e+00
    259.000     5.9026    35.0109     5.8804    27.5766 2.2656e-02       1511 0.0000e+00
    260.000     5.9064    35.0123     5.8841    27.5773 1.4288e-02       1516 0.0000e+00
    261.000     5.9069    35.0123     5.8845    27.5773 1.6216e-02       1521 0.0000e+00
    262.000     5.9087    35.0131     5.8862    27.5776 1.4380e-02       1527 0.0000e+00
    263.000     5.9094    35.0131     5.8868    27.5775 1.4245e-02       1533 0.0000e+00
    264.000     5.9100    35.0134     5.8874    27.5777 1.4675e-02       1539 0.0000e+00
    265.000     5.9107    35.0137     5.8880    27.5779 1.2187e-02       1544 0.0000e+00
    266.000     5.9108    35.0139     5.8880    27.5781 1.2210e-02       1548 0.0000e+00
    267.000     5.9119    35.0146     5.8890    27.5785 1.5191e-02       1552 0.0000e+00
    268.000     5.9120    35.0148     5.8890    27.5786 1.7330e-02       1558 0.0000e+00
    269.000     5.9114    35.0148     5.8882    27.5787 1.2025e-02       1567 0.0000e+00
    270.000     5.9124    35.0149     5.8892    27.5787 1.6443e-02       1575 0.0000e+00
    271.000     5.9128    35.0152     5.8895    27.5789 1.9629e-02       1580 0.0000e+00
    272.000     5.9118    35.0166     5.8885    27.5801 1.2451e-02       1584 0.0000e+00
    273.000     5.9115    35.0177     5.8881    27.5810 1.2210e-02       1588 0.0000e+00
    274.000     5.9117    35.0189     5.8882    27.5819 1.2210e-02       1592 0.0000e+00
    275.000     5.9106    35.0195     5.8869    27.5826 1.4903e-02       1598 0.0000e+00
    276.000     5.9061    35.0207     5.8824    27.5841 1.2024e-02       1607 0.0000e+00
    277.000     5.8982    35.0206     5.8744    27.5850 1.6691e-02       1614 0.0000e+00
    278.000     5.8842    35.0204     5.8604    27.5867 1.2033e-02       1619 0.0000e+00
    279.000     5.8784    35.0204     5.8545    27.5875 1.5244e-02       1623 0.0000e+00
    280.000     5.8766    35.0205     5.8526    27.5878 1.5263e-02       1627 0.0000e+00
    281.000     5.8760    35.0201     5.8519    27.5876 1.2377e-02       1631 0.0000e+00
    282.000     5.8729    35.0201     5.8487    27.5879 1.2210e-02       1636 0.0000e+00
    283.000     5.8657    35.0197     5.8415    27.5885 1.6734e-02       1646 0.0000e+00
    284.000     5.8614    35.0197     5.8371    27.5891 1.8356e-02       1655 0.0000e+00
    285.000     5.8611    35.0193     5.8367    27.5889 1.2369e-02       1660 0.0000e+00
    286.000     5.8418    35.0184     5.8173    27.5905 1.7644e-02       1664 0.0000e+00
    287.000     5.8333    35.0190     5.8088    27.5921 1.2326e-02       1668 0.0000e+00
    288.000     5.8320    35.0191     5.8074    27.5924 1.5431e-02       1672 0.0000e+00
    289.000     5.8291    35.0192     5.8045    27.5928 1.2218e-02       1675 0.0000e+00
    290.000     5.8034    35.0192     5.7787    27.5961 1.6002e-02       1685 0.0000e+00
    291.000     5.7938    35.0183     5.7690    27.5966 1.5675e-02       1698 0.0000e+00
    292.000     5.7877    35.0178     5.7628    27.5970 1.2333e-02       1703 0.0000e+00
    293.000     5.7813    35.0177     5.7564    27.5977 1.2210e-02       1707 0.0000e+00
    294.000     5.7784    35.0177     5.7534    27.5981 1.2210e-02       1711 0.0000e+00
    295.000     5.7759    35.0180     5.7508    27.5986 1.6331e-02       1715 0.0000e+00
    296.000     5.7739    35.0178     5.7487    27.5987 1.1782e-02       1719 0.0000e+00
    297.000     5.7678    35.0183     5.7425    27.5999 1.2210e-02       1723 0.0000e+00
    298.000     5.7657    35.0187     5.7404    27.6005 1.2210e-02       1731 0.0000e+00
    299.000     5.7621    35.0191     5.7367    27.6012 1.7669e-02       1739 0.0000e+00
    300.000     5.7580    35.0196     5.7325    27.6022 1.2206e-02       1745 0.0000e+00
    301.000     5.7571    35.0197     5.7316    27.6024 1.2210e-02       1750 0.0000e+00
    302.000     5.7561    35.0195     5.7305    27.6023 1.2210e-02       1754 0.0000e+00
    303.000     5.7530    35.0195     5.7273    27.6028 1.2210e-02       1758 0.0000e+00
    304.000     5.7524    35.0196     5.7265    27.6029 1.2210e-02       1762 0.0000e+00
    305.000     5.7521    35.0196     5.7262    27.6030 1.2210e-02       1767 0.0000e+00
    306.000     5.7492    35.0197     5.7232    27.6034 1.3705e-02       1774 0.0000e+00
    307.000     5.7400    35.0192     5.7140    27.6041 1.2139e-02       1783 0.0000e+00
    308.000     5.7319    35.0185     5.7058    27.6046 1.2210e-02       1790 0.0000e+00
    309.000     5.7285    35.0183     5.7023    27.6050 1.2210e-02       1795 0.0000e+00
    310.000     5.7238    35.0181     5.6976    27.6053 1.2210e-02       1800 0.0000e+00
    311.000     5.7207    35.0180     5.6943    27.6057 1.2210e-02       1805 0.0000e+00
    312.000     5.7193    35.0178     5.6928    27.6057 1.2210e-02       1811 0.0000e+00
    313.000     5.7134    35.0173     5.6869    27.6061 1.2210e-02       1817 0.0000e+00
    314.000     5.7065    35.0162     5.6800    27.6061 1.2210e-02       1823 0.0000e+00
    315.000     5.6953    35.0155     5.6686    27.6069 1.2210e-02       1829 0.0000e+00
    316.000     5.6900    35.0156     5.6633    27.6076 1.2210e-02       1834 0.0000e+00
    317.000     5.6865    35.0155     5.6597    27.6080 1.2210e-02       1838 0.0000e+00
    318.000     5.6842    35.0153     5.6573    27.6081 1.2210e-02       1843 0.0000e+00
    319.000     5.6789    35.0148     5.6520    27.6084 1.2210e-02       1849 0.0000e+00
    320.000     5.6718    35.0144     5.6448    27.6090 1.2210e-02       1855 0.0000e+00
    321.000     5.6580    35.0132     5.6309    27.6098 1.2210e-02       1862 0.0000e+00
    322.000     5.6457    35.0125     5.6185    27.6107 1.5760e-02       1868 0.0000e+00
    323.000     5.6431    35.0122     5.6159    27.6108 1.2366e-02       1874 0.0000e+00
    324.000     5.6323    35.0107     5.6051    27.6110 1.2210e-02       1880 0.0000e+00
    325.000     5.6244    35.0102     5.5971    27.6116 1.2210e-02       1885 0.0000e+00
    326.000     5.6207    35.0096     5.5933    27.6116 1.2210e-02       1890 0.0000e+00
    327.000     5.6157    35.0095     5.5882    27.6121 1.2210e-02       1895 0.0000e+00
    328.000     5.6112    35.0093     5.5837    27.6126 1.2210e-02       1902 0.0000e+00
    329.000     5.6044    35.0077     5.5768    27.6121 1.2210e-02       1909 0.0000e+00
    330.000     5.5976    35.0067     5.5700    27.6122 1.2210e-02       1915 0.0000e+00
    331.000     5.5872    35.0056     5.5594    27.6126 1.2210e-02       1920 0.0000e+00
    332.000     5.5741    35.0048     5.5463    27.6136 1.7077e-02       1924 0.0000e+00
    333.000     5.5713    35.0048     5.5434    27.6139 1.2453e-02       1928 0.0000e+00
    334.000     5.5712    35.0050     5.5432    27.6141 1.2210e-02       1933 0.0000e+00
    335.000     5.5706    35.0051     5.5426    27.6143 1.2210e-02       1940 0.0000e+00
    336.000     5.5705    35.0047     5.5423    27.6140 1.2210e-02       1949 0.0000e+00
    337.000     5.5700    35.0049     5.5418    27.6142 1.2210e-02       1955 0.0000e+00
    338.000     5.5633    35.0054     5.5351    27.6154 1.8283e-02       1960 0.0000e+00
    339.000     5.5606    35.0058     5.5323    27.6161 1.1944e-02       1965 0.0000e+00
    340.000     5.5590    35.0055     5.5305    27.6161 1.2210e-02       1969 0.0000e+00
    341.000     5.5556    35.0054     5.5271    27.6164 1.2210e-02       1973 0.0000e+00
    342.000     5.5546    35.0060     5.5260    27.6170 1.2210e-02       1981 0.0000e+00
    343.000     5.5574    35.0091     5.5287    27.6192 1.2210e-02       1989 0.0000e+00
    344.000     5.5712    35.0142     5.5423    27.6215 1.2210e-02       1995 0.0000e+00
    345.000     5.5768    35.0167     5.5479    27.6228 1.2210e-02       1999 0.0000e+00
    346.000     5.5731    35.0173     5.5441    27.6238 1.2210e-02       2004 0.0000e+00
    347.000     5.5661    35.0173     5.5370    27.6247 1.2210e-02       2010 0.0000e+00
    348.000     5.5638    35.0172     5.5346    27.6249 1.2210e-02       2017 0.0000e+00
    349.000     5.5631    35.0175     5.5339    27.6252 1.2210e-02       2024 0.0000e+00
    350.000     5.5595    35.0176     5.5302    27.6257 1.2210e-02       2029 0.0000e+00
    351.000     5.5592    35.0187     5.5298    27.6265 1.2210e-02       2033 0.0000e+00
    352.000     5.5613    35.0191     5.5318    27.6267 1.2210e-02       2037 0.0000e+00
    353.000     5.5621    35.0196     5.5325    27.6270 1.2210e-02       2042 0.0000e+00
    354.000     5.5629    35.0198     5.5332    27.6271 1.2210e-02       2049 0.0000e+00
    355.000     5.5629    35.0198     5.5332    27.6271 1.2210e-02       2056 0.0000e+00
    356.000     5.5638    35.0201     5.5339    27.6272 1.2210e-02       2063 0.0000e+00
    357.000     5.5651    35.0210     5.5352    27.6278 1.2210e-02       2068 0.0000e+00
    358.000     5.5654    35.0216     5.5354    27.6282 1.2210e-02       2073 0.0000e+00
    359.000     5.5647    35.0219     5.5346    27.6286 1.2210e-02       2079 0.0000e+00
    360.000     5.5642    35.0222     5.5340    27.6289 1.2210e-02       2084 0.0000e+00
    361.000     5.5639    35.0222     5.5336    27.6289 1.6195e-02       2090 0.0000e+00
    362.000     5.5630    35.0224     5.5327    27.6292 1.2034e-02       2096 0.0000e+00
    363.000     5.5609    35.0226     5.5305    27.6296 1.2210e-02       2102 0.0000e+00
    364.000     5.5544    35.0226     5.5239    27.6305 1.2210e-02       2107 0.0000e+00
