Data/Raw HPLC Argo/lovbio027b/CTD/a0263.cnv
* Sea-Bird SBE 9 Data File:
* FileName = C:\Seasoft\a201306\a0263.hex
* Software Version Seasave V 7.21a
* Temperature SN = 1428
* Conductivity SN = 1162
* Number of Bytes Per Scan = 35
* Number of Voltage Words = 4
* Number of Scans Averaged by the Deck Unit = 4
* NMEA Latitude = 62 44.97 N
* NMEA Longitude = 030 17.82 W
* NMEA UTC (Time) = Jun 16 2013 19:03:33
* NMEA baud rate = 4800
** Stn: 263
** Lat: 62 44.98 N
** Lon: 30 17.84 V
** Depth: 1938
** Name:
** Title: Karfi 13
# nquan = 8
# nvalues = 1010                        
# units = specified
# name 0 = prDM: Pressure, Digiquartz [db]
# name 1 = t090C: Temperature [ITS-90, deg C]
# name 2 = sal00: Salinity, Practical [PSU]
# name 3 = potemp090C: Potential Temperature [ITS-90, deg C]
# name 4 = sigma-é00: Density [sigma-theta, Kg/m^3]
# name 5 = flSP: Fluorescence, Seapoint
# name 6 = scan: Scan Count
# name 7 = flag: flag
# span 0 =      6.000,   1015.000       
# span 1 =     3.9249,     8.3238       
# span 2 =    34.9169,    35.0498       
# span 3 =     3.8609,     8.3232       
# span 4 =    27.2303,    27.7605       
# span 5 = 6.0531e-03, 9.9159e+00       
# span 6 =         77,       6091       
# span 7 = 0.0000e+00, 0.0000e+00       
# interval = decibars: 1                
# start_time = Jun 16 2013 19:03:45 [System UTC, first data scan.]
# bad_flag = -9.990e-29
*END*
[from data line 360]
    366.000     5.5321    35.0221     5.5015    27.6328 1.2166e-02       2120 0.0000e+00
    367.000     5.5278    35.0218     5.4971    27.6331 1.2210e-02       2125 0.0000e+00
    368.000     5.5268    35.0218     5.4960    27.6332 1.2210e-02       2130 0.0000e+00
    369.000     5.5248    35.0217     5.4940    27.6334 3.5143e-02       2135 0.0000e+00
    370.000     5.5220    35.0214     5.4910    27.6335 3.4188e-02       2140 0.0000e+00
    371.000     5.5023    35.0206     5.4713    27.6353 1.2727e-02       2146 0.0000e+00
    372.000     5.4916    35.0200     5.4606    27.6361 1.2210e-02       2153 0.0000e+00
    373.000     5.4867    35.0191     5.4557    27.6360 1.2210e-02       2159 0.0000e+00
    374.000     5.4801    35.0183     5.4490    27.6362 1.2210e-02       2166 0.0000e+00
    375.000     5.4801    35.0187     5.4489    27.6366 1.2210e-02       2171 0.0000e+00
    376.000     5.4876    35.0200     5.4562    27.6367 1.2210e-02       2177 0.0000e+00
    377.000     5.4919    35.0211     5.4605    27.6370 1.2210e-02       2182 0.0000e+00
    378.000     5.5002    35.0223     5.4686    27.6369 1.2210e-02       2188 0.0000e+00
    379.000     5.4973    35.0221     5.4656    27.6372 1.2210e-02       2194 0.0000e+00
    380.000     5.4955    35.0226     5.4638    27.6378 1.2210e-02       2200 0.0000e+00
    381.000     5.4951    35.0228     5.4633    27.6381 1.2210e-02       2206 0.0000e+00
    382.000     5.4940    35.0227     5.4622    27.6381 1.2210e-02       2211 0.0000e+00
    383.000     5.4930    35.0229     5.4610    27.6384 1.2210e-02       2216 0.0000e+00
    384.000     5.4941    35.0233     5.4620    27.6386 1.2210e-02       2222 0.0000e+00
    385.000     5.4939    35.0231     5.4618    27.6385 1.2210e-02       2229 0.0000e+00
    386.000     5.4931    35.0232     5.4608    27.6386 1.6423e-02       2236 0.0000e+00
    387.000     5.4893    35.0232     5.4570    27.6392 1.2037e-02       2242 0.0000e+00
    388.000     5.4874    35.0233     5.4550    27.6394 1.2210e-02       2247 0.0000e+00
    389.000     5.4889    35.0234     5.4565    27.6394 1.2210e-02       2251 0.0000e+00
    390.000     5.4862    35.0232     5.4536    27.6395 1.2210e-02       2256 0.0000e+00
    391.000     5.4829    35.0230     5.4502    27.6398 1.2210e-02       2262 0.0000e+00
    392.000     5.4793    35.0228     5.4466    27.6401 1.2210e-02       2270 0.0000e+00
    393.000     5.4771    35.0237     5.4443    27.6410 1.2210e-02       2277 0.0000e+00
    394.000     5.4764    35.0243     5.4435    27.6416 1.2210e-02       2282 0.0000e+00
    395.000     5.4763    35.0245     5.4433    27.6419 1.2210e-02       2286 0.0000e+00
    396.000     5.4763    35.0242     5.4433    27.6416 1.2210e-02       2291 0.0000e+00
    397.000     5.4760    35.0244     5.4428    27.6418 1.4982e-02       2298 0.0000e+00
    398.000     5.4761    35.0244     5.4428    27.6418 1.2202e-02       2307 0.0000e+00
    399.000     5.4787    35.0255     5.4454    27.6423 1.2210e-02       2313 0.0000e+00
    400.000     5.4787    35.0264     5.4453    27.6430 1.2210e-02       2318 0.0000e+00
    401.000     5.4828    35.0282     5.4492    27.6440 1.2210e-02       2323 0.0000e+00
    402.000     5.4779    35.0270     5.4444    27.6437 1.2210e-02       2327 0.0000e+00
    403.000     5.4679    35.0284     5.4342    27.6460 1.2210e-02       2333 0.0000e+00
    404.000     5.4666    35.0293     5.4329    27.6469 1.2210e-02       2338 0.0000e+00
    405.000     5.4636    35.0297     5.4298    27.6476 1.2210e-02       2344 0.0000e+00
    406.000     5.4628    35.0297     5.4289    27.6477 1.2210e-02       2350 0.0000e+00
    407.000     5.4604    35.0297     5.4264    27.6480 1.2210e-02       2357 0.0000e+00
    408.000     5.4586    35.0300     5.4245    27.6485 1.2210e-02       2364 0.0000e+00
    409.000     5.4571    35.0303     5.4230    27.6489 1.2210e-02       2370 0.0000e+00
    410.000     5.4557    35.0303     5.4214    27.6491 1.2210e-02       2375 0.0000e+00
    411.000     5.4495    35.0299     5.4152    27.6495 1.2210e-02       2380 0.0000e+00
    412.000     5.4432    35.0302     5.4089    27.6505 1.2210e-02       2385 0.0000e+00
    413.000     5.4385    35.0300     5.4041    27.6510 1.2210e-02       2392 0.0000e+00
    414.000     5.4361    35.0291     5.4017    27.6506 1.2210e-02       2399 0.0000e+00
    415.000     5.4337    35.0289     5.3992    27.6506 1.2210e-02       2405 0.0000e+00
    416.000     5.4316    35.0288     5.3970    27.6509 1.2210e-02       2409 0.0000e+00
    417.000     5.4300    35.0289     5.3953    27.6511 1.2210e-02       2414 0.0000e+00
    418.000     5.4235    35.0279     5.3887    27.6511 1.2210e-02       2418 0.0000e+00
    419.000     5.4116    35.0278     5.3767    27.6525 1.2210e-02       2426 0.0000e+00
    420.000     5.4045    35.0262     5.3696    27.6522 1.2210e-02       2436 0.0000e+00
    421.000     5.3998    35.0258     5.3649    27.6524 2.6771e-02       2443 0.0000e+00
    422.000     5.3969    35.0257     5.3618    27.6527 1.3219e-02       2447 0.0000e+00
    423.000     5.3878    35.0242     5.3527    27.6525 1.2210e-02       2451 0.0000e+00
    424.000     5.3763    35.0249     5.3411    27.6545 1.2210e-02       2455 0.0000e+00
    425.000     5.3706    35.0246     5.3354    27.6550 1.2210e-02       2459 0.0000e+00
    426.000     5.3607    35.0235     5.3255    27.6553 1.2210e-02       2463 0.0000e+00
    427.000     5.3486    35.0227     5.3133    27.6561 1.2210e-02       2477 0.0000e+00
    428.000     5.3361    35.0209     5.3007    27.6562 1.2210e-02       2485 0.0000e+00
    429.000     5.3233    35.0188     5.2879    27.6561 1.2210e-02       2489 0.0000e+00
    430.000     5.3012    35.0173     5.2658    27.6576 1.2210e-02       2493 0.0000e+00
    431.000     5.2903    35.0162     5.2548    27.6581 1.2210e-02       2497 0.0000e+00
    432.000     5.2761    35.0141     5.2406    27.6581 1.2210e-02       2501 0.0000e+00
    433.000     5.2460    35.0116     5.2105    27.6597 1.2210e-02       2507 0.0000e+00
    434.000     5.2342    35.0104     5.1987    27.6601 1.3514e-02       2519 0.0000e+00
    435.000     5.2332    35.0099     5.1976    27.6599 1.2218e-02       2526 0.0000e+00
    436.000     5.2321    35.0100     5.1964    27.6600 1.2210e-02       2530 0.0000e+00
    437.000     5.2301    35.0098     5.1944    27.6602 1.2210e-02       2534 0.0000e+00
    438.000     5.2304    35.0097     5.1946    27.6601 1.2210e-02       2538 0.0000e+00
    439.000     5.2302    35.0096     5.1943    27.6600 1.2210e-02       2542 0.0000e+00
    440.000     5.2286    35.0088     5.1926    27.6596 1.5424e-02       2546 0.0000e+00
    441.000     5.2239    35.0085     5.1878    27.6599 1.2986e-02       2555 0.0000e+00
    442.000     5.2223    35.0081     5.1862    27.6597 1.2163e-02       2567 0.0000e+00
    443.000     5.2219    35.0080     5.1857    27.6598 1.2210e-02       2572 0.0000e+00
    444.000     5.2208    35.0082     5.1845    27.6601 1.2210e-02       2576 0.0000e+00
    445.000     5.2193    35.0076     5.1829    27.6598 1.2210e-02       2580 0.0000e+00
    446.000     5.2149    35.0068     5.1784    27.6597 1.2210e-02       2584 0.0000e+00
    447.000     5.2096    35.0067     5.1731    27.6602 1.2210e-02       2589 0.0000e+00
    448.000     5.2039    35.0064     5.1673    27.6607 1.2210e-02       2597 0.0000e+00
    449.000     5.1969    35.0053     5.1602    27.6606 1.2210e-02       2605 0.0000e+00
    450.000     5.1854    35.0042     5.1487    27.6611 1.2210e-02       2611 0.0000e+00
    451.000     5.1845    35.0047     5.1477    27.6616 1.2210e-02       2616 0.0000e+00
    452.000     5.1836    35.0055     5.1468    27.6624 1.2210e-02       2621 0.0000e+00
    453.000     5.1922    35.0078     5.1552    27.6632 1.2210e-02       2625 0.0000e+00
    454.000     5.1969    35.0085     5.1598    27.6632 1.2210e-02       2630 0.0000e+00
    455.000     5.1960    35.0084     5.1588    27.6633 1.2210e-02       2636 0.0000e+00
    456.000     5.1957    35.0084     5.1585    27.6634 1.2210e-02       2644 0.0000e+00
    457.000     5.1944    35.0084     5.1571    27.6635 1.2210e-02       2650 0.0000e+00
    458.000     5.1954    35.0085     5.1579    27.6635 1.2210e-02       2656 0.0000e+00
    459.000     5.1952    35.0087     5.1577    27.6636 1.2210e-02       2662 0.0000e+00
    460.000     5.1934    35.0087     5.1559    27.6639 1.2210e-02       2667 0.0000e+00
    461.000     5.1948    35.0093     5.1572    27.6642 1.2210e-02       2673 0.0000e+00
    462.000     5.2047    35.0112     5.1668    27.6646 1.2210e-02       2679 0.0000e+00
    463.000     5.2372    35.0173     5.1992    27.6655 1.2210e-02       2686 0.0000e+00
    464.000     5.2509    35.0190     5.2128    27.6652 1.2210e-02       2692 0.0000e+00
    465.000     5.2531    35.0193     5.2149    27.6652 1.2210e-02       2698 0.0000e+00
    466.000     5.2498    35.0193     5.2115    27.6657 1.2210e-02       2702 0.0000e+00
    467.000     5.2549    35.0203     5.2165    27.6658 1.2210e-02       2707 0.0000e+00
    468.000     5.2545    35.0201     5.2159    27.6657 1.2210e-02       2712 0.0000e+00
    469.000     5.2443    35.0199     5.2057    27.6668 1.2210e-02       2719 0.0000e+00
    470.000     5.2372    35.0184     5.1986    27.6665 1.2210e-02       2726 0.0000e+00
    471.000     5.2322    35.0179     5.1935    27.6667 1.2210e-02       2732 0.0000e+00
    472.000     5.2251    35.0167     5.1864    27.6666 1.2210e-02       2737 0.0000e+00
    473.000     5.1887    35.0118     5.1500    27.6670 1.2210e-02       2742 0.0000e+00
    474.000     5.1735    35.0125     5.1348    27.6694 1.2210e-02       2748 0.0000e+00
    475.000     5.1638    35.0112     5.1251    27.6695 1.2210e-02       2754 0.0000e+00
    476.000     5.1529    35.0100     5.1141    27.6699 1.2210e-02       2761 0.0000e+00
    477.000     5.1508    35.0096     5.1119    27.6698 1.2210e-02       2766 0.0000e+00
    478.000     5.1595    35.0137     5.1204    27.6720 1.2210e-02       2771 0.0000e+00
    479.000     5.1744    35.0163     5.1352    27.6723 1.2210e-02       2776 0.0000e+00
    480.000     5.1756    35.0171     5.1363    27.6729 1.2210e-02       2782 0.0000e+00
    481.000     5.1756    35.0172     5.1363    27.6729 1.2210e-02       2787 0.0000e+00
    482.000     5.1754    35.0179     5.1360    27.6735 1.2210e-02       2794 0.0000e+00
    483.000     5.1876    35.0203     5.1481    27.6740 1.3597e-02       2802 0.0000e+00
    484.000     5.1963    35.0212     5.1567    27.6737 1.4267e-02       2810 0.0000e+00
    485.000     5.1970    35.0218     5.1573    27.6741 1.2118e-02       2815 0.0000e+00
    486.000     5.1962    35.0216     5.1564    27.6740 1.2210e-02       2819 0.0000e+00
    487.000     5.1999    35.0221     5.1599    27.6740 1.2210e-02       2823 0.0000e+00
    488.000     5.2002    35.0222     5.1602    27.6740 1.2210e-02       2827 0.0000e+00
    489.000     5.2005    35.0223     5.1604    27.6741 1.2210e-02       2832 0.0000e+00
    490.000     5.2006    35.0224     5.1605    27.6742 1.2210e-02       2840 0.0000e+00
    491.000     5.2002    35.0224     5.1599    27.6742 1.2210e-02       2848 0.0000e+00
    492.000     5.1999    35.0225     5.1595    27.6744 1.2210e-02       2854 0.0000e+00
    493.000     5.1997    35.0225     5.1592    27.6744 1.2210e-02       2859 0.0000e+00
    494.000     5.1996    35.0227     5.1591    27.6746 1.2210e-02       2864 0.0000e+00
    495.000     5.1994    35.0226     5.1588    27.6745 1.2210e-02       2871 0.0000e+00
    496.000     5.1992    35.0225     5.1585    27.6745 1.2210e-02       2878 0.0000e+00
    497.000     5.1983    35.0226     5.1575    27.6747 1.2210e-02       2884 0.0000e+00
    498.000     5.1983    35.0226     5.1574    27.6747 1.2210e-02       2889 0.0000e+00
    499.000     5.1979    35.0228     5.1570    27.6750 1.2210e-02       2894 0.0000e+00
    500.000     5.1976    35.0230     5.1566    27.6751 1.2210e-02       2898 0.0000e+00
    501.000     5.1946    35.0229     5.1535    27.6754 1.2210e-02       2904 0.0000e+00
    502.000     5.1845    35.0234     5.1433    27.6770 1.2210e-02       2910 0.0000e+00
    503.000     5.1751    35.0226     5.1339    27.6775 1.2210e-02       2918 0.0000e+00
    504.000     5.1636    35.0219     5.1224    27.6783 1.2210e-02       2925 0.0000e+00
    505.000     5.1579    35.0219     5.1166    27.6790 1.2210e-02       2931 0.0000e+00
    506.000     5.1570    35.0217     5.1156    27.6789 1.2210e-02       2935 0.0000e+00
    507.000     5.1549    35.0216     5.1134    27.6791 1.2210e-02       2939 0.0000e+00
    508.000     5.1523    35.0218     5.1107    27.6796 1.2210e-02       2944 0.0000e+00
    509.000     5.1494    35.0213     5.1077    27.6795 1.2210e-02       2951 0.0000e+00
    510.000     5.1476    35.0210     5.1059    27.6795 1.2210e-02       2959 0.0000e+00
    511.000     5.1465    35.0208     5.1047    27.6795 1.2210e-02       2965 0.0000e+00
    512.000     5.1457    35.0206     5.1039    27.6795 1.2210e-02       2971 0.0000e+00
    513.000     5.1419    35.0204     5.0999    27.6798 1.2210e-02       2977 0.0000e+00
    514.000     5.1394    35.0203     5.0974    27.6800 1.2210e-02       2982 0.0000e+00
    515.000     5.1367    35.0204     5.0947    27.6804 1.2210e-02       2988 0.0000e+00
    516.000     5.1359    35.0203     5.0937    27.6804 1.2210e-02       2992 0.0000e+00
    517.000     5.1271    35.0193     5.0849    27.6806 1.2210e-02       2997 0.0000e+00
    518.000     5.1186    35.0192     5.0763    27.6816 1.2210e-02       3003 0.0000e+00
    519.000     5.1108    35.0188     5.0685    27.6822 1.2210e-02       3009 0.0000e+00
    520.000     5.1031    35.0175     5.0607    27.6821 1.2210e-02       3017 0.0000e+00
    521.000     5.0961    35.0175     5.0537    27.6829 1.2210e-02       3023 0.0000e+00
    522.000     5.0971    35.0177     5.0545    27.6830 1.2210e-02       3030 0.0000e+00
    523.000     5.0937    35.0172     5.0511    27.6830 1.2210e-02       3036 0.0000e+00
    524.000     5.0817    35.0155     5.0391    27.6830 1.2210e-02       3041 0.0000e+00
    525.000     5.0679    35.0154     5.0252    27.6846 1.2210e-02       3046 0.0000e+00
    526.000     5.0621    35.0142     5.0194    27.6843 1.2210e-02       3051 0.0000e+00
    527.000     5.0596    35.0142     5.0168    27.6847 1.2210e-02       3057 0.0000e+00
    528.000     5.0616    35.0143     5.0187    27.6845 1.2210e-02       3062 0.0000e+00
    529.000     5.0612    35.0143     5.0183    27.6845 1.2210e-02       3068 0.0000e+00
    530.000     5.0575    35.0139     5.0144    27.6847 1.2210e-02       3075 0.0000e+00
    531.000     5.0556    35.0138     5.0125    27.6848 1.2210e-02       3082 0.0000e+00
    532.000     5.0524    35.0136     5.0092    27.6850 1.2210e-02       3089 0.0000e+00
    533.000     5.0523    35.0136     5.0091    27.6850 1.2210e-02       3095 0.0000e+00
    534.000     5.0503    35.0134     5.0069    27.6851 1.2210e-02       3099 0.0000e+00
    535.000     5.0449    35.0129     5.0015    27.6854 1.2210e-02       3103 0.0000e+00
    536.000     5.0397    35.0125     4.9962    27.6857 1.2210e-02       3107 0.0000e+00
    537.000     5.0283    35.0124     4.9848    27.6869 1.2210e-02       3112 0.0000e+00
    538.000     5.0199    35.0116     4.9764    27.6873 1.2210e-02       3121 0.0000e+00
    539.000     5.0147    35.0110     4.9711    27.6874 1.2210e-02       3131 0.0000e+00
    540.000     5.0056    35.0106     4.9619    27.6881 1.2210e-02       3136 0.0000e+00
    541.000     5.0012    35.0101     4.9575    27.6883 1.2210e-02       3141 0.0000e+00
    542.000     4.9903    35.0085     4.9465    27.6883 1.2210e-02       3145 0.0000e+00
    543.000     4.9827    35.0080     4.9389    27.6888 1.2210e-02       3149 0.0000e+00
    544.000     4.9776    35.0077     4.9337    27.6891 1.2210e-02       3154 0.0000e+00
