Data/Raw HPLC Argo/lovbio027b/CTD/a0263.cnv
* Sea-Bird SBE 9 Data File:
* FileName = C:\Seasoft\a201306\a0263.hex
* Software Version Seasave V 7.21a
* Temperature SN = 1428
* Conductivity SN = 1162
* Number of Bytes Per Scan = 35
* Number of Voltage Words = 4
* Number of Scans Averaged by the Deck Unit = 4
* NMEA Latitude = 62 44.97 N
* NMEA Longitude = 030 17.82 W
* NMEA UTC (Time) = Jun 16 2013 19:03:33
* NMEA baud rate = 4800
** Stn: 263
** Lat: 62 44.98 N
** Lon: 30 17.84 V
** Depth: 1938
** Name:
** Title: Karfi 13
# nquan = 8
# nvalues = 1010                        
# units = specified
# name 0 = prDM: Pressure, Digiquartz [db]
# name 1 = t090C: Temperature [ITS-90, deg C]
# name 2 = sal00: Salinity, Practical [PSU]
# name 3 = potemp090C: Potential Temperature [ITS-90, deg C]
# name 4 = sigma-é00: Density [sigma-theta, Kg/m^3]
# name 5 = flSP: Fluorescence, Seapoint
# name 6 = scan: Scan Count
# name 7 = flag: flag
# span 0 =      6.000,   1015.000       
# span 1 =     3.9249,     8.3238       
# span 2 =    34.9169,    35.0498       
# span 3 =     3.8609,     8.3232       
# span 4 =    27.2303,    27.7605       
# span 5 = 6.0531e-03, 9.9159e+00       
# span 6 =         77,       6091       
# span 7 = 0.0000e+00, 0.0000e+00       
# interval = decibars: 1                
# start_time = Jun 16 2013 19:03:45 [System UTC, first data scan.]
# bad_flag = -9.990e-29
*END*
[from data line 540]
    546.000     4.9589    35.0050     4.9149    27.6892 1.2210e-02       3172 0.0000e+00
    547.000     4.9421    35.0039     4.8982    27.6902 1.2210e-02       3177 0.0000e+00
    548.000     4.9289    35.0026     4.8849    27.6908 1.2210e-02       3181 0.0000e+00
    549.000     4.9164    35.0008     4.8723    27.6908 1.2210e-02       3185 0.0000e+00
    550.000     4.9082    35.0002     4.8641    27.6912 1.2210e-02       3189 0.0000e+00
    551.000     4.9038    34.9998     4.8597    27.6914 1.2210e-02       3193 0.0000e+00
    552.000     4.8956    34.9989     4.8514    27.6917 1.2210e-02       3203 0.0000e+00
    553.000     4.8902    34.9981     4.8460    27.6917 1.2210e-02       3212 0.0000e+00
    554.000     4.8854    34.9980     4.8411    27.6922 1.2210e-02       3218 0.0000e+00
    555.000     4.8841    34.9981     4.8397    27.6924 1.2210e-02       3222 0.0000e+00
    556.000     4.8815    34.9978     4.8370    27.6925 1.2210e-02       3226 0.0000e+00
    557.000     4.8796    34.9976     4.8351    27.6926 1.2210e-02       3231 0.0000e+00
    558.000     4.8770    34.9976     4.8324    27.6929 1.2210e-02       3236 0.0000e+00
    559.000     4.8743    34.9971     4.8296    27.6928 1.6266e-02       3242 0.0000e+00
    560.000     4.8708    34.9970     4.8261    27.6931 1.2046e-02       3248 0.0000e+00
    561.000     4.8689    34.9968     4.8240    27.6932 1.2210e-02       3254 0.0000e+00
    562.000     4.8659    34.9971     4.8210    27.6937 1.2210e-02       3259 0.0000e+00
    563.000     4.8647    34.9968     4.8198    27.6937 1.2210e-02       3267 0.0000e+00
    564.000     4.8643    34.9968     4.8193    27.6937 1.2210e-02       3274 0.0000e+00
    565.000     4.8632    34.9966     4.8181    27.6936 1.2210e-02       3281 0.0000e+00
    566.000     4.8597    34.9967     4.8145    27.6942 1.2210e-02       3286 0.0000e+00
    567.000     4.8588    34.9968     4.8135    27.6944 1.2210e-02       3290 0.0000e+00
    568.000     4.8574    34.9969     4.8120    27.6946 1.2210e-02       3295 0.0000e+00
    569.000     4.8552    34.9967     4.8097    27.6948 1.2210e-02       3300 0.0000e+00
    570.000     4.8509    34.9965     4.8054    27.6951 1.2210e-02       3305 0.0000e+00
    571.000     4.8414    34.9969     4.7958    27.6965 1.2210e-02       3311 0.0000e+00
    572.000     4.8359    34.9967     4.7903    27.6969 1.2210e-02       3319 0.0000e+00
    573.000     4.8340    34.9962     4.7883    27.6968 1.2210e-02       3326 0.0000e+00
    574.000     4.8304    34.9961     4.7846    27.6971 1.2210e-02       3331 0.0000e+00
    575.000     4.8250    34.9958     4.7792    27.6975 1.2210e-02       3336 0.0000e+00
    576.000     4.8153    34.9954     4.7695    27.6983 1.2210e-02       3341 0.0000e+00
    577.000     4.8124    34.9958     4.7664    27.6989 1.2210e-02       3347 0.0000e+00
    578.000     4.8071    34.9957     4.7611    27.6995 1.2210e-02       3354 0.0000e+00
    579.000     4.8030    34.9951     4.7569    27.6995 1.2210e-02       3360 0.0000e+00
    580.000     4.8031    34.9950     4.7570    27.6994 1.2210e-02       3366 0.0000e+00
    581.000     4.8026    34.9950     4.7564    27.6995 1.2210e-02       3372 0.0000e+00
    582.000     4.8019    34.9949     4.7556    27.6995 1.2210e-02       3378 0.0000e+00
    583.000     4.8005    34.9949     4.7541    27.6996 1.2210e-02       3384 0.0000e+00
    584.000     4.7976    34.9944     4.7512    27.6996 1.2210e-02       3390 0.0000e+00
    585.000     4.7966    34.9943     4.7501    27.6996 1.4303e-02       3396 0.0000e+00
    586.000     4.7954    34.9942     4.7488    27.6997 1.4245e-02       3402 0.0000e+00
    587.000     4.7920    34.9942     4.7453    27.7001 1.2123e-02       3407 0.0000e+00
    588.000     4.7911    34.9943     4.7444    27.7003 1.2210e-02       3413 0.0000e+00
    589.000     4.7799    34.9922     4.7331    27.6999 1.2210e-02       3418 0.0000e+00
    590.000     4.7484    34.9894     4.7017    27.7012 1.2210e-02       3424 0.0000e+00
    591.000     4.7395    34.9878     4.6928    27.7010 1.2210e-02       3431 0.0000e+00
    592.000     4.7451    34.9882     4.6982    27.7006 1.2210e-02       3437 0.0000e+00
    593.000     4.7192    34.9845     4.6724    27.7006 1.2210e-02       3443 0.0000e+00
    594.000     4.7057    34.9823     4.6588    27.7004 1.2210e-02       3448 0.0000e+00
    595.000     4.6922    34.9821     4.6453    27.7018 1.2210e-02       3454 0.0000e+00
    596.000     4.6853    34.9810     4.6383    27.7017 1.2210e-02       3461 0.0000e+00
    597.000     4.6843    34.9813     4.6373    27.7021 1.2210e-02       3467 0.0000e+00
    598.000     4.6878    34.9819     4.6407    27.7022 1.2210e-02       3473 0.0000e+00
    599.000     4.6881    34.9820     4.6409    27.7022 1.2210e-02       3478 0.0000e+00
    600.000     4.6921    34.9828     4.6448    27.7024 1.2210e-02       3483 0.0000e+00
    601.000     4.7143    34.9855     4.6668    27.7021 1.6223e-02       3489 0.0000e+00
    602.000     4.7233    34.9865     4.6757    27.7018 1.2199e-02       3497 0.0000e+00
    603.000     4.7144    34.9855     4.6668    27.7021 1.2210e-02       3503 0.0000e+00
    604.000     4.7029    34.9843     4.6552    27.7025 1.2210e-02       3508 0.0000e+00
    605.000     4.6715    34.9801     4.6239    27.7026 1.2210e-02       3513 0.0000e+00
    606.000     4.6710    34.9809     4.6233    27.7033 1.2210e-02       3518 0.0000e+00
    607.000     4.6701    34.9818     4.6224    27.7041 1.2210e-02       3524 0.0000e+00
    608.000     4.6459    34.9799     4.5982    27.7054 1.2210e-02       3531 0.0000e+00
    609.000     4.6348    34.9777     4.5871    27.7048 1.2210e-02       3538 0.0000e+00
    610.000     4.6347    34.9777     4.5868    27.7049 1.2210e-02       3544 0.0000e+00
    611.000     4.6313    34.9769     4.5834    27.7046 1.2210e-02       3550 0.0000e+00
    612.000     4.6195    34.9753     4.5716    27.7047 1.2210e-02       3557 0.0000e+00
    613.000     4.6118    34.9741     4.5638    27.7045 1.2210e-02       3562 0.0000e+00
    614.000     4.6024    34.9732     4.5544    27.7049 1.2210e-02       3567 0.0000e+00
    615.000     4.5782    34.9676     4.5302    27.7032 1.2210e-02       3572 0.0000e+00
    616.000     4.5484    34.9646     4.5005    27.7041 1.2210e-02       3578 0.0000e+00
    617.000     4.5278    34.9620     4.4799    27.7043 1.2210e-02       3583 0.0000e+00
    618.000     4.5058    34.9604     4.4579    27.7054 1.2210e-02       3589 0.0000e+00
    619.000     4.4783    34.9590     4.4305    27.7073 1.2210e-02       3596 0.0000e+00
    620.000     4.4645    34.9549     4.4167    27.7056 1.2210e-02       3605 0.0000e+00
    621.000     4.4598    34.9538     4.4119    27.7053 1.2210e-02       3612 0.0000e+00
    622.000     4.4575    34.9537     4.4095    27.7055 1.2210e-02       3617 0.0000e+00
    623.000     4.4455    34.9511     4.3975    27.7048 1.2210e-02       3621 0.0000e+00
    624.000     4.4365    34.9508     4.3884    27.7054 1.2210e-02       3625 0.0000e+00
    625.000     4.4331    34.9506     4.3850    27.7056 1.2210e-02       3629 0.0000e+00
    626.000     4.4280    34.9498     4.3798    27.7056 1.2210e-02       3637 0.0000e+00
    627.000     4.4253    34.9486     4.3771    27.7049 1.2210e-02       3647 0.0000e+00
    628.000     4.4202    34.9482     4.3720    27.7052 1.2210e-02       3654 0.0000e+00
    629.000     4.4157    34.9475     4.3673    27.7052 1.4706e-02       3658 0.0000e+00
    630.000     4.4069    34.9465     4.3586    27.7053 1.5209e-02       3662 0.0000e+00
    631.000     4.3986    34.9457     4.3502    27.7055 1.2561e-02       3666 0.0000e+00
    632.000     4.3921    34.9458     4.3436    27.7064 1.2210e-02       3671 0.0000e+00
    633.000     4.3904    34.9454     4.3419    27.7062 1.2210e-02       3679 0.0000e+00
    634.000     4.3896    34.9452     4.3410    27.7062 1.3827e-02       3688 0.0000e+00
    635.000     4.3900    34.9449     4.3413    27.7059 1.4252e-02       3695 0.0000e+00
    636.000     4.3896    34.9455     4.3408    27.7064 1.2188e-02       3700 0.0000e+00
    637.000     4.3900    34.9460     4.3411    27.7068 1.2210e-02       3704 0.0000e+00
    638.000     4.3900    34.9459     4.3411    27.7068 1.4735e-02       3708 0.0000e+00
    639.000     4.3902    34.9461     4.3412    27.7069 1.2158e-02       3714 0.0000e+00
    640.000     4.3914    34.9463     4.3423    27.7070 1.2210e-02       3721 0.0000e+00
    641.000     4.3924    34.9465     4.3432    27.7070 1.2210e-02       3728 0.0000e+00
    642.000     4.3936    34.9469     4.3443    27.7072 1.2210e-02       3734 0.0000e+00
    643.000     4.3982    34.9477     4.3488    27.7073 1.2210e-02       3740 0.0000e+00
    644.000     4.4012    34.9484     4.3518    27.7076 1.2210e-02       3746 0.0000e+00
    645.000     4.4060    34.9496     4.3564    27.7080 1.2210e-02       3752 0.0000e+00
    646.000     4.4082    34.9502     4.3585    27.7083 1.2210e-02       3757 0.0000e+00
    647.000     4.4153    34.9513     4.3655    27.7083 1.2210e-02       3763 0.0000e+00
    648.000     4.4126    34.9506     4.3628    27.7081 1.3982e-02       3769 0.0000e+00
    649.000     4.4075    34.9503     4.3576    27.7084 1.2153e-02       3776 0.0000e+00
    650.000     4.4048    34.9503     4.3548    27.7087 1.2210e-02       3782 0.0000e+00
    651.000     4.3993    34.9498     4.3493    27.7089 1.2210e-02       3787 0.0000e+00
    652.000     4.3980    34.9501     4.3479    27.7093 1.2210e-02       3792 0.0000e+00
    653.000     4.4142    34.9540     4.3639    27.7107 1.2210e-02       3798 0.0000e+00
    654.000     4.4624    34.9620     4.4118    27.7118 1.2210e-02       3803 0.0000e+00
    655.000     4.4951    34.9667     4.4442    27.7120 1.2210e-02       3810 0.0000e+00
    656.000     4.5038    34.9686     4.4528    27.7125 1.2210e-02       3816 0.0000e+00
    657.000     4.5168    34.9712     4.4656    27.7132 1.2210e-02       3822 0.0000e+00
    658.000     4.5310    34.9739     4.4797    27.7138 1.2210e-02       3828 0.0000e+00
    659.000     4.5418    34.9758     4.4903    27.7141 1.2210e-02       3834 0.0000e+00
    660.000     4.5516    34.9796     4.5000    27.7161 1.2210e-02       3839 0.0000e+00
    661.000     4.5881    34.9865     4.5362    27.7175 1.2210e-02       3844 0.0000e+00
    662.000     4.6078    34.9880     4.5557    27.7166 1.2210e-02       3850 0.0000e+00
    663.000     4.6183    34.9889     4.5661    27.7161 1.2210e-02       3857 0.0000e+00
    664.000     4.6261    34.9911     4.5737    27.7170 1.2210e-02       3865 0.0000e+00
    665.000     4.6272    34.9916     4.5747    27.7172 1.2210e-02       3871 0.0000e+00
    666.000     4.6273    34.9920     4.5748    27.7176 1.2210e-02       3876 0.0000e+00
    667.000     4.6275    34.9924     4.5749    27.7179 1.2210e-02       3880 0.0000e+00
    668.000     4.6296    34.9928     4.5769    27.7180 1.2210e-02       3884 0.0000e+00
    669.000     4.6299    34.9931     4.5771    27.7182 1.2210e-02       3890 0.0000e+00
    670.000     4.6276    34.9933     4.5747    27.7186 1.2210e-02       3902 0.0000e+00
    671.000     4.6289    34.9934     4.5760    27.7186 1.2210e-02       3910 0.0000e+00
    672.000     4.6281    34.9939     4.5751    27.7191 1.2210e-02       3915 0.0000e+00
    673.000     4.6268    34.9940     4.5737    27.7193 1.2210e-02       3919 0.0000e+00
    674.000     4.6248    34.9936     4.5716    27.7193 1.2210e-02       3923 0.0000e+00
    675.000     4.6218    34.9939     4.5686    27.7197 1.2210e-02       3926 0.0000e+00
    676.000     4.6195    34.9941     4.5662    27.7202 1.2210e-02       3933 0.0000e+00
    677.000     4.6155    34.9938     4.5621    27.7204 1.2210e-02       3942 0.0000e+00
    678.000     4.6106    34.9935     4.5572    27.7208 1.2210e-02       3949 0.0000e+00
    679.000     4.6080    34.9936     4.5545    27.7211 1.2210e-02       3955 0.0000e+00
    680.000     4.6052    34.9934     4.5516    27.7212 1.2210e-02       3960 0.0000e+00
    681.000     4.5981    34.9925     4.5445    27.7214 1.2210e-02       3966 0.0000e+00
    682.000     4.5875    34.9915     4.5338    27.7217 1.2210e-02       3971 0.0000e+00
    683.000     4.5801    34.9903     4.5264    27.7216 1.2210e-02       3976 0.0000e+00
    684.000     4.5698    34.9899     4.5161    27.7224 1.2210e-02       3980 0.0000e+00
    685.000     4.5671    34.9904     4.5133    27.7232 1.3571e-02       3987 0.0000e+00
    686.000     4.5644    34.9895     4.5105    27.7227 1.3567e-02       3997 0.0000e+00
    687.000     4.5640    34.9890     4.5100    27.7224 1.2110e-02       4004 0.0000e+00
    688.000     4.5617    34.9889     4.5078    27.7226 1.2210e-02       4009 0.0000e+00
    689.000     4.5588    34.9886     4.5047    27.7227 1.2210e-02       4013 0.0000e+00
    690.000     4.5580    34.9885     4.5039    27.7227 1.2210e-02       4017 0.0000e+00
    691.000     4.5577    34.9885     4.5035    27.7228 1.2210e-02       4021 0.0000e+00
    692.000     4.5559    34.9884     4.5016    27.7228 1.3573e-02       4029 0.0000e+00
    693.000     4.5555    34.9880     4.5011    27.7226 1.2155e-02       4038 0.0000e+00
    694.000     4.5554    34.9876     4.5010    27.7224 1.2210e-02       4045 0.0000e+00
    695.000     4.5550    34.9879     4.5005    27.7226 1.2210e-02       4050 0.0000e+00
    696.000     4.5540    34.9879     4.4993    27.7227 1.2210e-02       4055 0.0000e+00
    697.000     4.5514    34.9874     4.4967    27.7227 1.2210e-02       4059 0.0000e+00
    698.000     4.5445    34.9868     4.4898    27.7229 1.2210e-02       4065 0.0000e+00
    699.000     4.5279    34.9850     4.4731    27.7233 1.2210e-02       4072 0.0000e+00
    700.000     4.4959    34.9802     4.4412    27.7230 1.2210e-02       4079 0.0000e+00
    701.000     4.4621    34.9761     4.4076    27.7234 1.2210e-02       4084 0.0000e+00
    702.000     4.4153    34.9692     4.3610    27.7231 1.2210e-02       4089 0.0000e+00
    703.000     4.4017    34.9679     4.3473    27.7235 1.2210e-02       4095 0.0000e+00
    704.000     4.3950    34.9693     4.3406    27.7254 1.2210e-02       4101 0.0000e+00
    705.000     4.3845    34.9672     4.3301    27.7249 1.4004e-02       4108 0.0000e+00
    706.000     4.3640    34.9641     4.3096    27.7246 1.2205e-02       4115 0.0000e+00
    707.000     4.3425    34.9613     4.2881    27.7247 1.2210e-02       4121 0.0000e+00
    708.000     4.3082    34.9568     4.2540    27.7248 1.2210e-02       4126 0.0000e+00
    709.000     4.2996    34.9559     4.2454    27.7251 1.2210e-02       4132 0.0000e+00
    710.000     4.2978    34.9562     4.2435    27.7255 1.2210e-02       4138 0.0000e+00
    711.000     4.2938    34.9552     4.2394    27.7251 1.2210e-02       4144 0.0000e+00
    712.000     4.2897    34.9543     4.2352    27.7249 1.2210e-02       4150 0.0000e+00
    713.000     4.2830    34.9533     4.2285    27.7249 1.2210e-02       4156 0.0000e+00
    714.000     4.2746    34.9517     4.2201    27.7244 1.2210e-02       4161 0.0000e+00
    715.000     4.2690    34.9514     4.2144    27.7248 1.4767e-02       4166 0.0000e+00
    716.000     4.2677    34.9511     4.2131    27.7247 1.2257e-02       4171 0.0000e+00
    717.000     4.2650    34.9507     4.2103    27.7247 1.5525e-02       4178 0.0000e+00
    718.000     4.2605    34.9499     4.2057    27.7246 1.2344e-02       4185 0.0000e+00
    719.000     4.2590    34.9493     4.2041    27.7242 1.2210e-02       4191 0.0000e+00
    720.000     4.2559    34.9490     4.2010    27.7244 1.2210e-02       4197 0.0000e+00
    721.000     4.2511    34.9481     4.1962    27.7242 1.2210e-02       4203 0.0000e+00
    722.000     4.2451    34.9480     4.1901    27.7247 1.2210e-02       4210 0.0000e+00
    723.000     4.2351    34.9459     4.1801    27.7241 1.2210e-02       4217 0.0000e+00
    724.000     4.2247    34.9449     4.1697    27.7244 1.2210e-02       4223 0.0000e+00
