Data/Raw HPLC Argo/lovbio027b/CTD/a0263.cnv
* Sea-Bird SBE 9 Data File:
* FileName = C:\Seasoft\a201306\a0263.hex
* Software Version Seasave V 7.21a
* Temperature SN = 1428
* Conductivity SN = 1162
* Number of Bytes Per Scan = 35
* Number of Voltage Words = 4
* Number of Scans Averaged by the Deck Unit = 4
* NMEA Latitude = 62 44.97 N
* NMEA Longitude = 030 17.82 W
* NMEA UTC (Time) = Jun 16 2013 19:03:33
* NMEA baud rate = 4800
** Stn: 263
** Lat: 62 44.98 N
** Lon: 30 17.84 V
** Depth: 1938
** Name:
** Title: Karfi 13
# nquan = 8
# nvalues = 1010                        
# units = specified
# name 0 = prDM: Pressure, Digiquartz [db]
# name 1 = t090C: Temperature [ITS-90, deg C]
# name 2 = sal00: Salinity, Practical [PSU]
# name 3 = potemp090C: Potential Temperature [ITS-90, deg C]
# name 4 = sigma-é00: Density [sigma-theta, Kg/m^3]
# name 5 = flSP: Fluorescence, Seapoint
# name 6 = scan: Scan Count
# name 7 = flag: flag
# span 0 =      6.000,   1015.000       
# span 1 =     3.9249,     8.3238       
# span 2 =    34.9169,    35.0498       
# span 3 =     3.8609,     8.3232       
# span 4 =    27.2303,    27.7605       
# span 5 = 6.0531e-03, 9.9159e+00       
# span 6 =         77,       6091       
# span 7 = 0.0000e+00, 0.0000e+00       
# interval = decibars: 1                
# start_time = Jun 16 2013 19:03:45 [System UTC, first data scan.]
# bad_flag = -9.990e-29
*END*
[from data line 720]
    726.000     4.2170    34.9440     4.1618    27.7246 1.2210e-02       4231 0.0000e+00
    727.000     4.2163    34.9440     4.1611    27.7247 1.2210e-02       4236 0.0000e+00
    728.000     4.2148    34.9440     4.1594    27.7248 1.2210e-02       4241 0.0000e+00
    729.000     4.2079    34.9429     4.1525    27.7247 1.2210e-02       4249 0.0000e+00
    730.000     4.1970    34.9411     4.1416    27.7244 1.2210e-02       4258 0.0000e+00
    731.000     4.1959    34.9407     4.1404    27.7243 1.2210e-02       4266 0.0000e+00
    732.000     4.1944    34.9407     4.1388    27.7244 1.2210e-02       4271 0.0000e+00
    733.000     4.1902    34.9402     4.1346    27.7244 1.2210e-02       4275 0.0000e+00
    734.000     4.1885    34.9401     4.1329    27.7245 1.2210e-02       4279 0.0000e+00
    735.000     4.1854    34.9397     4.1296    27.7246 1.2210e-02       4284 0.0000e+00
    736.000     4.1829    34.9395     4.1271    27.7247 1.2210e-02       4289 0.0000e+00
    737.000     4.1796    34.9396     4.1238    27.7251 1.2210e-02       4296 0.0000e+00
    738.000     4.1761    34.9387     4.1201    27.7248 1.2210e-02       4304 0.0000e+00
    739.000     4.1746    34.9379     4.1185    27.7243 1.2210e-02       4311 0.0000e+00
    740.000     4.1712    34.9377     4.1151    27.7245 1.2210e-02       4318 0.0000e+00
    741.000     4.1670    34.9372     4.1109    27.7246 1.2210e-02       4323 0.0000e+00
    742.000     4.1637    34.9367     4.1075    27.7245 1.2210e-02       4329 0.0000e+00
    743.000     4.1639    34.9372     4.1077    27.7249 1.2210e-02       4333 0.0000e+00
    744.000     4.1645    34.9372     4.1081    27.7248 1.2210e-02       4338 0.0000e+00
    745.000     4.1636    34.9370     4.1072    27.7248 1.2210e-02       4344 0.0000e+00
    746.000     4.1582    34.9363     4.1017    27.7248 1.2210e-02       4350 0.0000e+00
    747.000     4.1558    34.9359     4.0992    27.7248 1.2210e-02       4357 0.0000e+00
    748.000     4.1547    34.9356     4.0981    27.7247 1.2210e-02       4364 0.0000e+00
    749.000     4.1532    34.9356     4.0965    27.7248 1.2210e-02       4369 0.0000e+00
    750.000     4.1530    34.9357     4.0963    27.7250 1.2210e-02       4375 0.0000e+00
    751.000     4.1520    34.9354     4.0952    27.7248 1.2210e-02       4380 0.0000e+00
    752.000     4.1500    34.9351     4.0931    27.7248 1.2210e-02       4385 0.0000e+00
    753.000     4.1444    34.9344     4.0874    27.7248 1.2210e-02       4391 0.0000e+00
    754.000     4.1410    34.9340     4.0839    27.7249 1.2210e-02       4398 0.0000e+00
    755.000     4.1382    34.9339     4.0811    27.7251 1.2210e-02       4404 0.0000e+00
    756.000     4.1378    34.9341     4.0807    27.7253 1.2210e-02       4410 0.0000e+00
    757.000     4.1364    34.9341     4.0792    27.7255 1.2210e-02       4417 0.0000e+00
    758.000     4.1363    34.9341     4.0790    27.7255 1.2210e-02       4424 0.0000e+00
    759.000     4.1366    34.9343     4.0792    27.7256 1.4659e-02       4429 0.0000e+00
    760.000     4.1371    34.9345     4.0796    27.7258 1.2107e-02       4434 0.0000e+00
    761.000     4.1365    34.9347     4.0790    27.7260 1.2210e-02       4438 0.0000e+00
    762.000     4.1349    34.9350     4.0773    27.7263 1.2210e-02       4443 0.0000e+00
    763.000     4.1339    34.9349     4.0762    27.7265 1.2210e-02       4450 0.0000e+00
    764.000     4.1336    34.9347     4.0758    27.7263 1.2210e-02       4459 0.0000e+00
    765.000     4.1334    34.9344     4.0755    27.7261 1.2210e-02       4465 0.0000e+00
    766.000     4.1306    34.9345     4.0727    27.7265 1.2210e-02       4470 0.0000e+00
    767.000     4.1286    34.9351     4.0706    27.7272 1.2210e-02       4475 0.0000e+00
    768.000     4.1280    34.9351     4.0699    27.7273 1.2210e-02       4480 0.0000e+00
    769.000     4.1262    34.9351     4.0681    27.7274 1.2210e-02       4487 0.0000e+00
    770.000     4.1253    34.9350     4.0670    27.7275 1.0380e-02       4494 0.0000e+00
    771.000     4.1265    34.9351     4.0682    27.7274 1.2214e-02       4500 0.0000e+00
    772.000     4.1262    34.9353     4.0678    27.7276 1.2210e-02       4505 0.0000e+00
    773.000     4.1262    34.9356     4.0677    27.7279 1.2210e-02       4510 0.0000e+00
    774.000     4.1254    34.9353     4.0669    27.7278 1.2210e-02       4517 0.0000e+00
    775.000     4.1258    34.9354     4.0671    27.7278 1.2210e-02       4524 0.0000e+00
    776.000     4.1271    34.9357     4.0683    27.7279 1.2210e-02       4530 0.0000e+00
    777.000     4.1254    34.9358     4.0666    27.7281 1.2210e-02       4535 0.0000e+00
    778.000     4.1201    34.9357     4.0613    27.7286 1.2210e-02       4541 0.0000e+00
    779.000     4.1187    34.9355     4.0598    27.7286 1.2210e-02       4548 0.0000e+00
    780.000     4.1161    34.9351     4.0571    27.7286 1.2210e-02       4555 0.0000e+00
    781.000     4.1146    34.9348     4.0555    27.7285 1.2210e-02       4561 0.0000e+00
    782.000     4.1106    34.9348     4.0515    27.7289 1.2210e-02       4567 0.0000e+00
    783.000     4.1091    34.9349     4.0499    27.7292 1.2210e-02       4572 0.0000e+00
    784.000     4.1082    34.9349     4.0489    27.7293 1.2210e-02       4577 0.0000e+00
    785.000     4.1077    34.9349     4.0483    27.7293 1.2210e-02       4582 0.0000e+00
    786.000     4.1073    34.9346     4.0479    27.7292 1.2210e-02       4589 0.0000e+00
    787.000     4.1069    34.9347     4.0474    27.7293 1.2210e-02       4595 0.0000e+00
    788.000     4.1068    34.9346     4.0472    27.7292 1.2210e-02       4601 0.0000e+00
    789.000     4.1068    34.9345     4.0471    27.7292 1.2210e-02       4608 0.0000e+00
    790.000     4.1060    34.9346     4.0462    27.7293 1.2210e-02       4615 0.0000e+00
    791.000     4.1016    34.9341     4.0418    27.7294 1.2210e-02       4621 0.0000e+00
    792.000     4.0934    34.9338     4.0336    27.7300 1.2210e-02       4627 0.0000e+00
    793.000     4.0894    34.9338     4.0295    27.7305 1.2210e-02       4633 0.0000e+00
    794.000     4.0884    34.9336     4.0285    27.7304 1.2210e-02       4639 0.0000e+00
    795.000     4.0874    34.9334     4.0274    27.7304 1.2210e-02       4645 0.0000e+00
    796.000     4.0863    34.9336     4.0262    27.7307 1.2210e-02       4650 0.0000e+00
    797.000     4.0859    34.9336     4.0257    27.7307 1.2210e-02       4655 0.0000e+00
    798.000     4.0845    34.9337     4.0243    27.7309 1.2210e-02       4661 0.0000e+00
    799.000     4.0839    34.9336     4.0236    27.7309 1.2210e-02       4668 0.0000e+00
    800.000     4.0816    34.9333     4.0212    27.7310 1.2210e-02       4675 0.0000e+00
    801.000     4.0783    34.9335     4.0178    27.7315 1.2210e-02       4681 0.0000e+00
    802.000     4.0777    34.9337     4.0171    27.7317 1.0118e-02       4687 0.0000e+00
    803.000     4.0774    34.9337     4.0168    27.7318 1.4048e-02       4692 0.0000e+00
    804.000     4.0775    34.9338     4.0168    27.7318 1.2231e-02       4698 0.0000e+00
    805.000     4.0776    34.9338     4.0169    27.7318 1.2210e-02       4704 0.0000e+00
    806.000     4.0776    34.9338     4.0167    27.7318 1.2210e-02       4710 0.0000e+00
    807.000     4.0770    34.9336     4.0161    27.7317 1.2210e-02       4716 0.0000e+00
    808.000     4.0764    34.9337     4.0153    27.7319 1.2210e-02       4723 0.0000e+00
    809.000     4.0760    34.9336     4.0149    27.7318 1.2210e-02       4730 0.0000e+00
    810.000     4.0758    34.9336     4.0146    27.7319 1.2210e-02       4737 0.0000e+00
    811.000     4.0756    34.9337     4.0143    27.7320 1.2210e-02       4742 0.0000e+00
    812.000     4.0716    34.9336     4.0103    27.7323 1.2210e-02       4747 0.0000e+00
    813.000     4.0697    34.9336     4.0084    27.7325 1.2210e-02       4752 0.0000e+00
    814.000     4.0666    34.9335     4.0051    27.7328 1.2210e-02       4757 0.0000e+00
    815.000     4.0638    34.9334     4.0023    27.7330 1.2210e-02       4763 0.0000e+00
    816.000     4.0603    34.9328     3.9987    27.7329 1.2210e-02       4771 0.0000e+00
    817.000     4.0580    34.9323     3.9963    27.7328 1.2210e-02       4778 0.0000e+00
    818.000     4.0551    34.9319     3.9934    27.7328 1.2210e-02       4784 0.0000e+00
    819.000     4.0524    34.9316     3.9907    27.7328 1.2210e-02       4790 0.0000e+00
    820.000     4.0497    34.9317     3.9879    27.7331 1.2210e-02       4796 0.0000e+00
    821.000     4.0476    34.9312     3.9857    27.7330 1.2210e-02       4801 0.0000e+00
    822.000     4.0386    34.9299     3.9766    27.7328 1.2210e-02       4806 0.0000e+00
    823.000     4.0280    34.9292     3.9661    27.7334 1.2210e-02       4811 0.0000e+00
    824.000     4.0264    34.9298     3.9643    27.7341 1.2210e-02       4817 0.0000e+00
    825.000     4.0245    34.9293     3.9624    27.7339 1.2210e-02       4825 0.0000e+00
    826.000     4.0241    34.9289     3.9619    27.7336 1.2210e-02       4834 0.0000e+00
    827.000     4.0236    34.9286     3.9614    27.7334 1.2210e-02       4841 0.0000e+00
    828.000     4.0217    34.9286     3.9594    27.7336 1.2210e-02       4847 0.0000e+00
    829.000     4.0212    34.9286     3.9588    27.7337 1.2210e-02       4851 0.0000e+00
    830.000     4.0220    34.9288     3.9595    27.7338 1.2210e-02       4855 0.0000e+00
    831.000     4.0208    34.9286     3.9583    27.7338 1.2210e-02       4859 0.0000e+00
    832.000     4.0209    34.9285     3.9583    27.7337 1.2210e-02       4864 0.0000e+00
    833.000     4.0191    34.9281     3.9564    27.7336 1.2210e-02       4873 0.0000e+00
    834.000     4.0173    34.9277     3.9545    27.7334 1.2210e-02       4881 0.0000e+00
    835.000     4.0177    34.9277     3.9549    27.7335 1.2210e-02       4888 0.0000e+00
    836.000     4.0181    34.9280     3.9551    27.7336 1.2210e-02       4893 0.0000e+00
    837.000     4.0165    34.9278     3.9535    27.7337 1.2210e-02       4899 0.0000e+00
    838.000     4.0144    34.9276     3.9513    27.7337 1.2210e-02       4904 0.0000e+00
    839.000     4.0125    34.9272     3.9494    27.7337 1.2210e-02       4910 0.0000e+00
    840.000     4.0097    34.9268     3.9465    27.7336 1.2210e-02       4915 0.0000e+00
    841.000     3.9966    34.9260     3.9334    27.7343 1.2210e-02       4921 0.0000e+00
    842.000     3.9886    34.9259     3.9254    27.7351 1.2210e-02       4928 0.0000e+00
    843.000     3.9874    34.9247     3.9241    27.7342 1.2210e-02       4936 0.0000e+00
    844.000     3.9876    34.9245     3.9242    27.7341 1.2210e-02       4942 0.0000e+00
    845.000     3.9874    34.9246     3.9239    27.7342 1.2210e-02       4947 0.0000e+00
    846.000     3.9866    34.9245     3.9231    27.7342 1.2210e-02       4952 0.0000e+00
    847.000     3.9838    34.9242     3.9203    27.7342 1.2210e-02       4957 0.0000e+00
    848.000     3.9825    34.9240     3.9188    27.7343 1.5739e-02       4963 0.0000e+00
    849.000     3.9715    34.9227     3.9078    27.7343 1.2316e-02       4970 0.0000e+00
    850.000     3.9686    34.9221     3.9048    27.7342 1.2210e-02       4978 0.0000e+00
    851.000     3.9634    34.9211     3.8996    27.7339 1.2210e-02       4984 0.0000e+00
    852.000     3.9520    34.9204     3.8882    27.7345 1.2210e-02       4990 0.0000e+00
    853.000     3.9440    34.9192     3.8802    27.7344 1.2210e-02       4994 0.0000e+00
    854.000     3.9397    34.9187     3.8758    27.7345 1.2210e-02       4999 0.0000e+00
    855.000     3.9277    34.9183     3.8638    27.7354 1.2210e-02       5004 0.0000e+00
    856.000     3.9260    34.9174     3.8621    27.7348 1.2210e-02       5013 0.0000e+00
    857.000     3.9249    34.9172     3.8609    27.7348 1.2210e-02       5021 0.0000e+00
    858.000     3.9251    34.9173     3.8610    27.7349 1.2210e-02       5027 0.0000e+00
    859.000     3.9261    34.9177     3.8619    27.7351 1.2210e-02       5031 0.0000e+00
    860.000     3.9267    34.9179     3.8625    27.7352 1.2210e-02       5035 0.0000e+00
    861.000     3.9280    34.9178     3.8636    27.7350 1.2210e-02       5039 0.0000e+00
    862.000     3.9286    34.9178     3.8641    27.7349 1.2210e-02       5047 0.0000e+00
    863.000     3.9284    34.9175     3.8639    27.7347 1.2210e-02       5057 0.0000e+00
    864.000     3.9278    34.9172     3.8632    27.7346 1.2210e-02       5064 0.0000e+00
    865.000     3.9272    34.9174     3.8625    27.7348 1.2210e-02       5068 0.0000e+00
    866.000     3.9273    34.9173     3.8625    27.7347 1.2210e-02       5073 0.0000e+00
    867.000     3.9269    34.9173     3.8621    27.7348 1.2210e-02       5077 0.0000e+00
    868.000     3.9268    34.9173     3.8619    27.7347 1.2210e-02       5082 0.0000e+00
    869.000     3.9272    34.9171     3.8622    27.7346 1.2210e-02       5089 0.0000e+00
    870.000     3.9274    34.9169     3.8624    27.7344 1.2210e-02       5097 0.0000e+00
    871.000     3.9317    34.9178     3.8665    27.7347 1.2210e-02       5104 0.0000e+00
    872.000     3.9362    34.9188     3.8709    27.7350 1.2210e-02       5110 0.0000e+00
    873.000     3.9354    34.9191     3.8700    27.7354 1.2210e-02       5115 0.0000e+00
    874.000     3.9345    34.9191     3.8690    27.7355 1.0347e-02       5120 0.0000e+00
    875.000     3.9344    34.9190     3.8689    27.7355 1.2102e-02       5127 0.0000e+00
    876.000     3.9344    34.9188     3.8687    27.7353 1.2210e-02       5135 0.0000e+00
    877.000     3.9343    34.9188     3.8686    27.7353 1.2210e-02       5141 0.0000e+00
    878.000     3.9342    34.9189     3.8684    27.7354 1.2210e-02       5146 0.0000e+00
    879.000     3.9339    34.9191     3.8681    27.7356 1.2210e-02       5152 0.0000e+00
    880.000     3.9339    34.9191     3.8679    27.7356 1.2210e-02       5158 0.0000e+00
    881.000     3.9340    34.9189     3.8680    27.7354 9.6671e-03       5163 0.0000e+00
    882.000     3.9335    34.9192     3.8674    27.7357 1.0170e-02       5168 0.0000e+00
    883.000     3.9329    34.9191     3.8667    27.7358 1.2110e-02       5174 0.0000e+00
    884.000     3.9333    34.9192     3.8670    27.7357 1.2210e-02       5180 0.0000e+00
    885.000     3.9335    34.9191     3.8672    27.7357 1.2210e-02       5186 0.0000e+00
    886.000     3.9334    34.9188     3.8670    27.7355 1.2210e-02       5194 0.0000e+00
    887.000     3.9355    34.9194     3.8689    27.7358 1.2210e-02       5201 0.0000e+00
    888.000     3.9505    34.9217     3.8838    27.7360 1.2210e-02       5208 0.0000e+00
    889.000     3.9628    34.9247     3.8960    27.7372 1.2210e-02       5213 0.0000e+00
    890.000     3.9728    34.9268     3.9057    27.7378 1.2210e-02       5217 0.0000e+00
    891.000     3.9833    34.9288     3.9161    27.7383 1.2210e-02       5221 0.0000e+00
    892.000     3.9953    34.9292     3.9280    27.7374 1.2210e-02       5226 0.0000e+00
    893.000     3.9849    34.9280     3.9175    27.7376 1.0557e-02       5237 0.0000e+00
    894.000     3.9962    34.9298     3.9287    27.7378 1.2239e-02       5248 0.0000e+00
    895.000     3.9987    34.9305     3.9310    27.7381 1.2210e-02       5253 0.0000e+00
    896.000     4.0008    34.9306     3.9331    27.7380 1.2210e-02       5257 0.0000e+00
    897.000     3.9993    34.9308     3.9315    27.7384 1.2210e-02       5261 0.0000e+00
    898.000     3.9996    34.9308     3.9317    27.7383 1.2210e-02       5264 0.0000e+00
    899.000     4.0017    34.9314     3.9337    27.7385 1.2210e-02       5268 0.0000e+00
    900.000     4.0022    34.9315     3.9341    27.7386 1.2210e-02       5276 0.0000e+00
    901.000     4.0545    34.9404     3.9860    27.7403 1.2210e-02       5289 0.0000e+00
    902.000     4.0833    34.9466     4.0144    27.7423 1.2210e-02       5294 0.0000e+00
    903.000     4.0960    34.9484     4.0271    27.7424 1.2210e-02       5298 0.0000e+00
