Data/Raw HPLC Argo/lovbio089d/CTD/bioargomed11.cnv
* Sea-Bird SBE 9 Data File:
* FileName = C:\CTD\raw\bioargomed11.hdr
* Software Version Seasave V 7.23.2
* Temperature SN = 2473
* Conductivity SN = 1313
* Number of Bytes Per Scan = 31
* Number of Voltage Words = 4
* Number of Scans Averaged by the Deck Unit = 1
* NMEA Latitude = 39 10.30 N
* NMEA Longitude = 010 53.76 E
* NMEA UTC (Time) = May 30 2015  09:54:58
* NMEA baud rate = 4800
** Ship: TETHYS 2
** Cruise: BIOARGOMED
** Station: 11
# nquan = 11
# nvalues = 502                         
# units = specified
# name 0 = prDM: Pressure, Digiquartz [db]
# name 1 = t090C: Temperature [ITS-90, deg C]
# name 2 = c0S/m: Conductivity [S/m]
# name 3 = sbeox0V: Oxygen raw, SBE 43 [V]
# name 4 = flC: Fluorescence, Chelsea Aqua 3 Chl Con [ug/l]
# name 5 = CStarTr0: Beam Transmission, WET Labs C-Star [%]
# name 6 = potemp090C: Potential Temperature [ITS-90, deg C]
# name 7 = sal00: Salinity, Practical [PSU]
# name 8 = sigma-é00: Density [sigma-theta, kg/m^3]
# name 9 = sbeox0Mm/Kg: Oxygen, SBE 43 [umol/kg], WS = 2
# name 10 = flag: flag
# span 0 =      1.000,    502.000       
# span 1 =    14.0094,    20.1771       
# span 2 =   4.558874,   5.178281       
# span 3 =     2.3525,     3.4064       
# span 4 =     0.1429,     0.3718       
# span 5 =    88.5084,    90.8367       
# span 6 =    13.9338,    20.1769       
# span 7 =    37.9062,    38.7503       
# span 8 =    27.0269,    29.0942       
# span 9 =    161.988,    243.956       
# span 10 = 0.0000e+00, 0.0000e+00      
# interval = decibars: 1                
# start_time = May 30 2015 09:54:58 [NMEA time, header]
# bad_flag = -9.990e-29
*END*
      1.000    20.1771   5.178281     3.3085     0.1849    88.9212    20.1769    38.0293    27.0269    215.849 0.0000e+00
      2.000    20.1659   5.177071     3.2951     0.1845    89.1563    20.1655    38.0291    27.0298    214.160 0.0000e+00
      3.000    20.1642   5.177001     3.2803     0.1784    89.1683    20.1636    38.0296    27.0307    212.719 0.0000e+00
      4.000    20.1654   5.177170     3.2738     0.1814    89.1780    20.1646    38.0295    27.0304    212.322 0.0000e+00
      5.000    20.1665   5.177364     3.2693     0.1786    89.1803    20.1655    38.0298    27.0304    212.449 0.0000e+00
      6.000    20.1587   5.176462     3.2720     0.1810    89.1700    20.1576    38.0289    27.0319    212.960 0.0000e+00
      7.000    20.1178   5.172073     3.2824     0.1829    89.1281    20.1165    38.0292    27.0432    213.753 0.0000e+00
      8.000    20.1115   5.171459     3.2763     0.1827    89.1367    20.1100    38.0295    27.0451    213.276 0.0000e+00
      9.000    20.0853   5.168780     3.2828     0.1801    89.1257    20.0836    38.0306    27.0530    213.743 0.0000e+00
     10.000    20.0787   5.168160     3.2789     0.1764    89.1387    20.0768    38.0310    27.0552    213.759 0.0000e+00
     11.000    20.0732   5.167548     3.2823     0.1803    89.1294    20.0711    38.0306    27.0564    213.860 0.0000e+00
     12.000    20.0533   5.165249     3.2790     0.1798    89.1544    20.0511    38.0291    27.0607    213.669 0.0000e+00
     13.000    19.9865   5.157868     3.2767     0.1783    89.1954    19.9841    38.0280    27.0778    213.581 0.0000e+00
     14.000    19.9030   5.147311     3.2788     0.1805    89.2224    19.9004    38.0155    27.0907    215.145 0.0000e+00
     15.000    19.5174   5.103463     3.2888     0.1783    89.2515    19.5146    37.9997    27.1810    218.114 0.0000e+00
     16.000    18.7224   5.006318     3.3312     0.1740    89.2663    18.7195    37.9062    27.3165    227.415 0.0000e+00
     17.000    17.9466   4.923658     3.3642     0.1770    89.3530    17.9437    37.9142    27.5201    231.618 0.0000e+00
     18.000    17.7324   4.904556     3.3705     0.1760    89.4178    17.7293    37.9479    27.5996    231.795 0.0000e+00
     19.000    17.3669   4.869070     3.3738     0.1702    89.4860    17.3637    37.9803    27.7150    234.162 0.0000e+00
     20.000    16.9950   4.830377     3.3841     0.1726    89.6335    16.9916    37.9900    27.8133    236.726 0.0000e+00
     21.000    16.6660   4.797531     3.3875     0.1693    89.6296    16.6625    38.0104    27.9085    238.075 0.0000e+00
     22.000    16.4632   4.776606     3.3908     0.1763    89.6154    16.4596    38.0165    27.9617    239.726 0.0000e+00
     23.000    16.2308   4.751902     3.3974     0.1799    89.5674    16.2271    38.0168    28.0170    241.595 0.0000e+00
     24.000    16.0390   4.732217     3.4030     0.1821    89.5733    16.0351    38.0230    28.0671    242.663 0.0000e+00
     25.000    15.9373   4.722384     3.4037     0.1856    89.5365    15.9333    38.0315    28.0974    243.025 0.0000e+00
     26.000    15.7981   4.708176     3.4064     0.1823    89.5277    15.7939    38.0365    28.1337    243.956 0.0000e+00
     27.000    15.6904   4.697643     3.4047     0.1803    89.5632    15.6861    38.0443    28.1648    243.375 0.0000e+00
     28.000    15.5968   4.688153     3.3932     0.1833    89.5354    15.5923    38.0480    28.1892    242.406 0.0000e+00
     29.000    15.4378   4.671318     3.3849     0.1858    89.5271    15.4332    38.0479    28.2257    243.081 0.0000e+00
     30.000    15.3054   4.658204     3.3809     0.1870    89.5409    15.3007    38.0559    28.2622    243.543 0.0000e+00
     31.000    15.1838   4.645936     3.3749     0.1867    89.5958    15.1790    38.0611    28.2939    243.264 0.0000e+00
     32.000    15.1285   4.640941     3.3704     0.1842    89.6828    15.1235    38.0686    28.3123    243.672 0.0000e+00
     33.000    15.0494   4.633098     3.3657     0.1835    89.7344    15.0442    38.0730    28.3336    242.694 0.0000e+00
     34.000    14.9255   4.620598     3.3474     0.1862    89.7459    14.9202    38.0782    28.3655    241.293 0.0000e+00
     35.000    14.8425   4.612702     3.3402     0.1886    89.7495    14.8371    38.0859    28.3901    241.698 0.0000e+00
     36.000    14.7819   4.607433     3.3319     0.1843    89.7980    14.7764    38.0959    28.4115    241.348 0.0000e+00
     37.000    14.7164   4.600558     3.3233     0.1876    89.7965    14.7108    38.0959    28.4261    240.959 0.0000e+00
     38.000    14.6792   4.597078     3.3172     0.1864    89.8026    14.6734    38.0997    28.4373    240.589 0.0000e+00
     39.000    14.6547   4.594754     3.3094     0.1874    89.7558    14.6488    38.1017    28.4443    239.628 0.0000e+00
     40.000    14.6107   4.590584     3.2975     0.1911    89.7990    14.6047    38.1057    28.4572    238.696 0.0000e+00
     41.000    14.5685   4.586641     3.2894     0.1938    89.8310    14.5623    38.1100    28.4699    238.450 0.0000e+00
     42.000    14.4996   4.583081     3.2807     0.1915    89.8399    14.4932    38.1448    28.5121    237.630 0.0000e+00
     43.000    14.5145   4.581359     3.2697     0.1896    89.8539    14.5080    38.1130    28.4843    236.671 0.0000e+00
     44.000    14.4862   4.578699     3.2617     0.1901    89.8583    14.4795    38.1156    28.4926    236.766 0.0000e+00
     45.000    14.4571   4.575954     3.2574     0.1951    89.8685    14.4503    38.1182    28.5010    236.426 0.0000e+00
     46.000    14.4434   4.574769     3.2509     0.1937    89.8617    14.4364    38.1202    28.5057    236.019 0.0000e+00
     47.000    14.4263   4.573072     3.2475     0.1956    89.8741    14.4192    38.1208    28.5099    236.013 0.0000e+00
     48.000    14.4052   4.570865     3.2434     0.1951    89.8658    14.3979    38.1205    28.5144    235.521 0.0000e+00
     49.000    14.3802   4.568202     3.2365     0.1954    89.8348    14.3729    38.1198    28.5193    235.350 0.0000e+00
     50.000    14.3575   4.565934     3.2364     0.1954    89.8377    14.3500    38.1205    28.5249    235.937 0.0000e+00
     51.000    14.3474   4.565024     3.2355     0.1947    89.8188    14.3398    38.1215    28.5279    235.464 0.0000e+00
     52.000    14.3428   4.564642     3.2288     0.1993    89.8279    14.3350    38.1220    28.5294    234.224 0.0000e+00
     53.000    14.3306   4.563603     3.2184     0.2033    89.8126    14.3227    38.1239    28.5335    232.473 0.0000e+00
     54.000    14.3024   4.561867     3.2020     0.2037    89.7760    14.2943    38.1350    28.5484    230.622 0.0000e+00
     55.000    14.2845   4.561812     3.1793     0.2162    89.6728    14.2763    38.1518    28.5653    228.201 0.0000e+00
     56.000    14.2751   4.561465     3.1477     0.2246    89.5413    14.2667    38.1574    28.5717    223.651 0.0000e+00
     57.000    14.2451   4.558874     3.1136     0.2406    89.0306    14.2366    38.1624    28.5821    220.137 0.0000e+00
     58.000    14.2407   4.560505     3.0755     0.2816    88.6245    14.2320    38.1817    28.5981    217.509 0.0000e+00
     59.000    14.2499   4.562827     3.0452     0.3080    88.5340    14.2411    38.1939    28.6055    215.355 0.0000e+00
     60.000    14.2438   4.562314     3.0196     0.3163    88.5315    14.2349    38.1946    28.6075    211.626 0.0000e+00
     61.000    14.2733   4.568044     2.9782     0.3239    88.5621    14.2642    38.2188    28.6197    207.010 0.0000e+00
     62.000    14.3411   4.579721     2.9320     0.3509    88.5084    14.3317    38.2608    28.6374    203.618 0.0000e+00
     63.000    14.3364   4.579996     2.9060     0.3611    88.6514    14.3270    38.2675    28.6437    202.300 0.0000e+00
     64.000    14.3558   4.583785     2.8857     0.3686    88.7710    14.3462    38.2834    28.6517    200.854 0.0000e+00
     65.000    14.3712   4.586469     2.8617     0.3718    88.8880    14.3614    38.2929    28.6558    198.322 0.0000e+00
     66.000    14.3847   4.589264     2.8432     0.3670    88.9883    14.3748    38.3052    28.6623    197.061 0.0000e+00
     67.000    14.4185   4.595401     2.8281     0.3564    89.1025    14.4084    38.3288    28.6731    195.646 0.0000e+00
     68.000    14.4289   4.597041     2.8071     0.3457    89.2489    14.4187    38.3333    28.6744    193.333 0.0000e+00
     69.000    14.4440   4.599982     2.7885     0.3379    89.3568    14.4336    38.3454    28.6805    191.279 0.0000e+00
     70.000    14.4907   4.607686     2.7667     0.3338    89.3465    14.4801    38.3708    28.6898    188.689 0.0000e+00
     71.000    14.5514   4.617160     2.7376     0.3300    89.2968    14.5406    38.3986    28.6979    185.904 0.0000e+00
     72.000    14.5979   4.624021     2.7184     0.3267    89.2548    14.5869    38.4162    28.7013    184.837 0.0000e+00
     73.000    14.6140   4.626893     2.7078     0.3227    89.2550    14.6029    38.4265    28.7057    184.543 0.0000e+00
     74.000    14.6098   4.626839     2.7001     0.3193    89.2430    14.5985    38.4298    28.7092    184.643 0.0000e+00
     75.000    14.5820   4.624168     2.6963     0.3135    89.2825    14.5705    38.4320    28.7171    184.410 0.0000e+00
     76.000    14.5722   4.623680     2.6915     0.3001    89.3381    14.5606    38.4367    28.7230    183.918 0.0000e+00
     77.000    14.5584   4.622387     2.6865     0.2937    89.4530    14.5466    38.4380    28.7270    183.425 0.0000e+00
     78.000    14.5562   4.623000     2.6785     0.2894    89.5563    14.5444    38.4453    28.7332    182.654 0.0000e+00
     79.000    14.5460   4.622355     2.6738     0.2801    89.6496    14.5340    38.4491    28.7384    182.423 0.0000e+00
     80.000    14.5401   4.622632     2.6684     0.2707    89.7187    14.5280    38.4570    28.7459    181.678 0.0000e+00
     81.000    14.5428   4.623682     2.6601     0.2596    89.8322    14.5305    38.4637    28.7505    181.624 0.0000e+00
     82.000    14.5319   4.622468     2.6646     0.2436    89.8903    14.5195    38.4628    28.7523    183.789 0.0000e+00
     83.000    14.4608   4.612697     2.6755     0.2361    89.8903    14.4482    38.4416    28.7516    185.452 0.0000e+00
     84.000    14.3949   4.604907     2.6855     0.2375    89.8917    14.3822    38.4338    28.7602    186.278 0.0000e+00
     85.000    14.3400   4.598245     2.6931     0.2392    89.9373    14.3271    38.4256    28.7659    186.073 0.0000e+00
     86.000    14.3190   4.596121     2.6890     0.2345    90.0214    14.3060    38.4261    28.7709    184.797 0.0000e+00
     87.000    14.3632   4.602984     2.6841     0.2264    90.0952    14.3501    38.4460    28.7767    183.946 0.0000e+00
     88.000    14.3765   4.604761     2.6743     0.2204    90.0952    14.3632    38.4490    28.7761    182.237 0.0000e+00
     89.000    14.4103   4.610497     2.6563     0.2112    90.0973    14.3968    38.4687    28.7839    180.619 0.0000e+00
     90.000    14.4440   4.615224     2.6467     0.2132    90.0964    14.4303    38.4789    28.7845    180.010 0.0000e+00
     91.000    14.4447   4.615474     2.6381     0.2171    90.1086    14.4309    38.4801    28.7853    179.330 0.0000e+00
     92.000    14.4536   4.616935     2.6325     0.2170    90.1317    14.4397    38.4845    28.7867    179.737 0.0000e+00
     93.000    14.4559   4.617297     2.6364     0.2121    90.1525    14.4417    38.4852    28.7868    181.563 0.0000e+00
     94.000    14.3939   4.608857     2.6506     0.2118    90.1921    14.3797    38.4673    28.7866    183.978 0.0000e+00
     95.000    14.3465   4.602781     2.6631     0.2091    90.2190    14.3321    38.4572    28.7893    184.002 0.0000e+00
     96.000    14.3066   4.598014     2.6591     0.2059    90.2650    14.2922    38.4517    28.7939    181.880 0.0000e+00
     97.000    14.3712   4.608604     2.6464     0.2038    90.2662    14.3566    38.4862    28.8064    180.084 0.0000e+00
     98.000    14.3912   4.611115     2.6373     0.2050    90.2781    14.3764    38.4894    28.8045    180.276 0.0000e+00
     99.000    14.3876   4.610738     2.6386     0.1936    90.2893    14.3726    38.4891    28.8051    181.347 0.0000e+00
    100.000    14.3547   4.606218     2.6436     0.1908    90.3112    14.3396    38.4790    28.8045    182.197 0.0000e+00
    101.000    14.3027   4.600285     2.6470     0.1910    90.3427    14.2875    38.4747    28.8127    181.590 0.0000e+00
    102.000    14.3171   4.602922     2.6365     0.1868    90.3637    14.3017    38.4847    28.8172    178.950 0.0000e+00
    103.000    14.3699   4.611099     2.6203     0.1838    90.3743    14.3543    38.5084    28.8240    177.001 0.0000e+00
    104.000    14.4147   4.617533     2.6058     0.1829    90.3428    14.3989    38.5235    28.8259    176.205 0.0000e+00
    105.000    14.4432   4.622033     2.5968     0.1881    90.3597    14.4273    38.5368    28.8299    176.026 0.0000e+00
    106.000    14.4495   4.623288     2.5929     0.1872    90.3853    14.4334    38.5419    28.8325    175.999 0.0000e+00
    107.000    14.4492   4.623520     2.5899     0.1844    90.4017    14.4329    38.5439    28.8342    175.804 0.0000e+00
    108.000    14.4487   4.623818     2.5875     0.1860    90.4006    14.4323    38.5467    28.8365    175.818 0.0000e+00
    109.000    14.4401   4.623506     2.5854     0.1861    90.4242    14.4236    38.5519    28.8425    175.328 0.0000e+00
    110.000    14.4349   4.623302     2.5805     0.1794    90.4400    14.4182    38.5548    28.8459    174.781 0.0000e+00
    111.000    14.4537   4.626415     2.5770     0.1780    90.4471    14.4368    38.5647    28.8494    174.618 0.0000e+00
    112.000    14.4549   4.626543     2.5751     0.1763    90.4574    14.4379    38.5643    28.8488    174.982 0.0000e+00
    113.000    14.4327   4.623410     2.5773     0.1756    90.4756    14.4155    38.5567    28.8479    175.556 0.0000e+00
    114.000    14.3701   4.615878     2.5789     0.1772    90.4899    14.3529    38.5481    28.8550    175.767 0.0000e+00
    115.000    14.3668   4.615829     2.5781     0.1748    90.4973    14.3495    38.5504    28.8576    175.537 0.0000e+00
    116.000    14.3573   4.614722     2.5788     0.1766    90.5076    14.3397    38.5491    28.8588    175.887 0.0000e+00
    117.000    14.3532   4.614688     2.5793     0.1762    90.5182    14.3355    38.5524    28.8622    175.855 0.0000e+00
    118.000    14.3388   4.612928     2.5795     0.1731    90.5197    14.3210    38.5499    28.8635    175.892 0.0000e+00
    119.000    14.3223   4.611007     2.5792     0.1728    90.5255    14.3043    38.5479    28.8656    176.032 0.0000e+00
    120.000    14.3097   4.609421     2.5803     0.1702    90.5268    14.2916    38.5451    28.8663    176.268 0.0000e+00
    121.000    14.2951   4.607811     2.5810     0.1691    90.5333    14.2769    38.5441    28.8687    176.582 0.0000e+00
    122.000    14.2893   4.607426     2.5844     0.1716    90.5308    14.2709    38.5459    28.8714    177.238 0.0000e+00
    123.000    14.2533   4.602604     2.5891     0.1728    90.5554    14.2347    38.5361    28.8717    177.876 0.0000e+00
    124.000    14.2258   4.599751     2.5930     0.1702    90.5904    14.2072    38.5362    28.8779    178.273 0.0000e+00
    125.000    14.2162   4.599098     2.5947     0.1681    90.6122    14.1974    38.5393    28.8824    177.858 0.0000e+00
    126.000    14.2106   4.598968     2.5927     0.1656    90.6232    14.1917    38.5432    28.8867    177.833 0.0000e+00
    127.000    14.2079   4.598934     2.5948     0.1619    90.6295    14.1888    38.5451    28.8888    178.375 0.0000e+00
    128.000    14.2048   4.598730     2.5965     0.1621    90.6259    14.1856    38.5459    28.8901    178.488 0.0000e+00
    129.000    14.2031   4.598618     2.5973     0.1653    90.6310    14.1837    38.5461    28.8906    178.130 0.0000e+00
    130.000    14.2013   4.598767     2.5939     0.1613    90.6402    14.1817    38.5489    28.8932    177.549 0.0000e+00
    131.000    14.1995   4.598811     2.5904     0.1608    90.6466    14.1799    38.5506    28.8950    176.927 0.0000e+00
