Data/Raw HPLC Argo/lovbio089d/CTD/bioargomed11.cnv
* Sea-Bird SBE 9 Data File:
* FileName = C:\CTD\raw\bioargomed11.hdr
* Software Version Seasave V 7.23.2
* Temperature SN = 2473
* Conductivity SN = 1313
* Number of Bytes Per Scan = 31
* Number of Voltage Words = 4
* Number of Scans Averaged by the Deck Unit = 1
* NMEA Latitude = 39 10.30 N
* NMEA Longitude = 010 53.76 E
* NMEA UTC (Time) = May 30 2015  09:54:58
* NMEA baud rate = 4800
** Ship: TETHYS 2
** Cruise: BIOARGOMED
** Station: 11
# nquan = 11
# nvalues = 502                         
# units = specified
# name 0 = prDM: Pressure, Digiquartz [db]
# name 1 = t090C: Temperature [ITS-90, deg C]
# name 2 = c0S/m: Conductivity [S/m]
# name 3 = sbeox0V: Oxygen raw, SBE 43 [V]
# name 4 = flC: Fluorescence, Chelsea Aqua 3 Chl Con [ug/l]
# name 5 = CStarTr0: Beam Transmission, WET Labs C-Star [%]
# name 6 = potemp090C: Potential Temperature [ITS-90, deg C]
# name 7 = sal00: Salinity, Practical [PSU]
# name 8 = sigma-é00: Density [sigma-theta, kg/m^3]
# name 9 = sbeox0Mm/Kg: Oxygen, SBE 43 [umol/kg], WS = 2
# name 10 = flag: flag
# span 0 =      1.000,    502.000       
# span 1 =    14.0094,    20.1771       
# span 2 =   4.558874,   5.178281       
# span 3 =     2.3525,     3.4064       
# span 4 =     0.1429,     0.3718       
# span 5 =    88.5084,    90.8367       
# span 6 =    13.9338,    20.1769       
# span 7 =    37.9062,    38.7503       
# span 8 =    27.0269,    29.0942       
# span 9 =    161.988,    243.956       
# span 10 = 0.0000e+00, 0.0000e+00      
# interval = decibars: 1                
# start_time = May 30 2015 09:54:58 [NMEA time, header]
# bad_flag = -9.990e-29
*END*
[from data line 263]
    264.000    14.1947   4.624216     2.4181     0.1555    90.7296    14.1549    38.7353    29.0434    164.206 0.0000e+00
    265.000    14.1951   4.624330     2.4187     0.1568    90.7311    14.1550    38.7356    29.0436    164.206 0.0000e+00
    266.000    14.1958   4.624526     2.4190     0.1567    90.7225    14.1556    38.7362    29.0440    164.186 0.0000e+00
    267.000    14.1960   4.624663     2.4187     0.1563    90.7224    14.1556    38.7369    29.0445    164.180 0.0000e+00
    268.000    14.1958   4.624714     2.4191     0.1578    90.7252    14.1554    38.7370    29.0447    164.280 0.0000e+00
    269.000    14.1957   4.624845     2.4188     0.1541    90.7363    14.1551    38.7380    29.0455    164.126 0.0000e+00
    270.000    14.1960   4.624921     2.4179     0.1524    90.7216    14.1552    38.7380    29.0455    164.043 0.0000e+00
    271.000    14.1959   4.624959     2.4173     0.1564    90.7240    14.1550    38.7379    29.0455    164.106 0.0000e+00
    272.000    14.1959   4.625026     2.4180     0.1509    90.7293    14.1548    38.7381    29.0457    164.472 0.0000e+00
    273.000    14.1956   4.625084     2.4198     0.1528    90.7338    14.1543    38.7386    29.0461    164.605 0.0000e+00
    274.000    14.1952   4.625147     2.4200     0.1584    90.7279    14.1538    38.7391    29.0466    164.459 0.0000e+00
    275.000    14.1947   4.625157     2.4191     0.1574    90.7258    14.1532    38.7393    29.0469    164.152 0.0000e+00
    276.000    14.1936   4.625114     2.4170     0.1570    90.7223    14.1519    38.7395    29.0473    164.052 0.0000e+00
    277.000    14.1921   4.625043     2.4165     0.1541    90.7273    14.1503    38.7399    29.0480    164.083 0.0000e+00
    278.000    14.1912   4.625008     2.4158     0.1533    90.7209    14.1492    38.7400    29.0484    164.117 0.0000e+00
    279.000    14.1889   4.624844     2.4165     0.1516    90.7348    14.1468    38.7403    29.0491    164.301 0.0000e+00
    280.000    14.1892   4.625027     2.4160     0.1541    90.7258    14.1469    38.7414    29.0499    164.211 0.0000e+00
    281.000    14.1900   4.625237     2.4166     0.1546    90.7343    14.1475    38.7421    29.0503    164.382 0.0000e+00
    282.000    14.1895   4.625290     2.4170     0.1528    90.7378    14.1469    38.7426    29.0508    164.241 0.0000e+00
    283.000    14.1875   4.625143     2.4151     0.1566    90.7367    14.1448    38.7428    29.0514    163.982 0.0000e+00
    284.000    14.1865   4.625086     2.4140     0.1583    90.7371    14.1436    38.7429    29.0518    164.070 0.0000e+00
    285.000    14.1853   4.625037     2.4139     0.1556    90.7403    14.1422    38.7431    29.0523    164.108 0.0000e+00
    286.000    14.1830   4.624889     2.4135     0.1547    90.7369    14.1399    38.7435    29.0531    163.955 0.0000e+00
    287.000    14.1807   4.624704     2.4123     0.1549    90.7296    14.1374    38.7437    29.0538    163.976 0.0000e+00
    288.000    14.1779   4.624453     2.4125     0.1617    90.7381    14.1344    38.7438    29.0545    164.007 0.0000e+00
    289.000    14.1755   4.624302     2.4111     0.1575    90.7413    14.1318    38.7443    29.0555    163.652 0.0000e+00
    290.000    14.1746   4.624279     2.4089     0.1527    90.7391    14.1308    38.7445    29.0558    163.658 0.0000e+00
    291.000    14.1736   4.624244     2.4092     0.1512    90.7413    14.1297    38.7447    29.0563    163.900 0.0000e+00
    292.000    14.1733   4.624266     2.4095     0.1512    90.7423    14.1292    38.7448    29.0564    163.871 0.0000e+00
    293.000    14.1731   4.624301     2.4086     0.1514    90.7411    14.1289    38.7448    29.0565    163.692 0.0000e+00
    294.000    14.1734   4.624395     2.4084     0.1509    90.7366    14.1290    38.7450    29.0566    163.913 0.0000e+00
    295.000    14.1733   4.624431     2.4089     0.1515    90.7426    14.1288    38.7450    29.0566    163.885 0.0000e+00
    296.000    14.1731   4.624459     2.4083     0.1521    90.7411    14.1284    38.7450    29.0568    163.812 0.0000e+00
    297.000    14.1729   4.624479     2.4085     0.1512    90.7410    14.1280    38.7450    29.0568    164.075 0.0000e+00
    298.000    14.1731   4.624561     2.4100     0.1524    90.7366    14.1281    38.7451    29.0569    164.256 0.0000e+00
    299.000    14.1729   4.624601     2.4108     0.1533    90.7379    14.1278    38.7452    29.0571    164.137 0.0000e+00
    300.000    14.1728   4.624626     2.4093     0.1553    90.7443    14.1275    38.7451    29.0570    163.823 0.0000e+00
    301.000    14.1723   4.624621     2.4078     0.1568    90.7409    14.1269    38.7451    29.0572    163.719 0.0000e+00
    302.000    14.1703   4.624471     2.4064     0.1580    90.7403    14.1247    38.7453    29.0578    163.640 0.0000e+00
    303.000    14.1683   4.624349     2.4061     0.1543    90.7403    14.1226    38.7457    29.0586    163.759 0.0000e+00
    304.000    14.1680   4.624381     2.4055     0.1526    90.7365    14.1221    38.7459    29.0588    163.643 0.0000e+00
    305.000    14.1681   4.624442     2.4044     0.1570    90.7373    14.1221    38.7459    29.0588    163.536 0.0000e+00
    306.000    14.1683   4.624507     2.4033     0.1577    90.7366    14.1221    38.7459    29.0588    163.706 0.0000e+00
    307.000    14.1679   4.624531     2.4052     0.1542    90.7390    14.1215    38.7461    29.0591    164.009 0.0000e+00
    308.000    14.1662   4.624368     2.4050     0.1556    90.7439    14.1197    38.7457    29.0592    163.652 0.0000e+00
    309.000    14.1622   4.623973     2.4032     0.1493    90.7429    14.1156    38.7456    29.0601    163.476 0.0000e+00
    310.000    14.1611   4.623883     2.4021     0.1496    90.7434    14.1143    38.7454    29.0602    163.455 0.0000e+00
    311.000    14.1574   4.623515     2.4015     0.1556    90.7477    14.1104    38.7453    29.0609    163.473 0.0000e+00
    312.000    14.1552   4.623304     2.4008     0.1549    90.7511    14.1081    38.7451    29.0612    163.457 0.0000e+00
    313.000    14.1532   4.623111     2.4004     0.1510    90.7470    14.1060    38.7448    29.0615    163.496 0.0000e+00
    314.000    14.1496   4.622745     2.4002     0.1514    90.7437    14.1022    38.7445    29.0621    163.441 0.0000e+00
    315.000    14.1476   4.622571     2.3996     0.1479    90.7496    14.1000    38.7444    29.0625    163.427 0.0000e+00
    316.000    14.1474   4.622596     2.3989     0.1503    90.7540    14.0997    38.7444    29.0626    163.358 0.0000e+00
    317.000    14.1475   4.622656     2.3986     0.1518    90.7534    14.0996    38.7445    29.0626    163.580 0.0000e+00
    318.000    14.1470   4.622659     2.4002     0.1546    90.7374    14.0990    38.7445    29.0628    163.924 0.0000e+00
    319.000    14.1465   4.622654     2.4019     0.1564    90.7490    14.0984    38.7445    29.0630    163.820 0.0000e+00
    320.000    14.1459   4.622634     2.4004     0.1549    90.7494    14.0976    38.7445    29.0631    163.468 0.0000e+00
    321.000    14.1454   4.622624     2.3997     0.1527    90.7523    14.0970    38.7445    29.0632    163.620 0.0000e+00
    322.000    14.1444   4.622549     2.4000     0.1514    90.7584    14.0958    38.7443    29.0634    163.605 0.0000e+00
    323.000    14.1437   4.622488     2.3983     0.1541    90.7634    14.0949    38.7440    29.0633    163.335 0.0000e+00
    324.000    14.1425   4.622417     2.3970     0.1522    90.7576    14.0936    38.7441    29.0636    163.280 0.0000e+00
    325.000    14.1413   4.622312     2.3960     0.1530    90.7572    14.0923    38.7439    29.0638    163.262 0.0000e+00
    326.000    14.1411   4.622337     2.3957     0.1550    90.7613    14.0919    38.7438    29.0638    163.352 0.0000e+00
    327.000    14.1412   4.622399     2.3957     0.1550    90.7614    14.0919    38.7439    29.0638    163.500 0.0000e+00
    328.000    14.1412   4.622436     2.3969     0.1542    90.7628    14.0917    38.7438    29.0639    163.734 0.0000e+00
    329.000    14.1406   4.622420     2.3977     0.1565    90.7641    14.0909    38.7438    29.0640    163.546 0.0000e+00
    330.000    14.1365   4.621953     2.3960     0.1565    90.7602    14.0867    38.7431    29.0644    163.289 0.0000e+00
    331.000    14.1347   4.621788     2.3940     0.1559    90.7520    14.0847    38.7430    29.0647    163.127 0.0000e+00
    332.000    14.1335   4.621704     2.3931     0.1560    90.7629    14.0834    38.7429    29.0649    163.229 0.0000e+00
    333.000    14.1328   4.621670     2.3933     0.1556    90.7582    14.0825    38.7429    29.0651    163.382 0.0000e+00
    334.000    14.1316   4.621571     2.3938     0.1535    90.7614    14.0812    38.7427    29.0653    163.470 0.0000e+00
    335.000    14.1287   4.621273     2.3941     0.1479    90.7663    14.0782    38.7423    29.0656    163.376 0.0000e+00
    336.000    14.1250   4.620882     2.3930     0.1500    90.7630    14.0744    38.7419    29.0661    163.157 0.0000e+00
    337.000    14.1236   4.620774     2.3914     0.1519    90.7671    14.0727    38.7419    29.0665    162.957 0.0000e+00
    338.000    14.1256   4.621201     2.3895     0.1513    90.7651    14.0746    38.7435    29.0673    162.844 0.0000e+00
    339.000    14.1266   4.621453     2.3883     0.1556    90.7652    14.0754    38.7444    29.0679    162.883 0.0000e+00
    340.000    14.1265   4.621523     2.3881     0.1542    90.7652    14.0752    38.7447    29.0681    162.917 0.0000e+00
    341.000    14.1250   4.621414     2.3876     0.1552    90.7651    14.0736    38.7447    29.0685    162.889 0.0000e+00
    342.000    14.1243   4.621365     2.3874     0.1547    90.7641    14.0727    38.7445    29.0685    162.975 0.0000e+00
    343.000    14.1233   4.621303     2.3876     0.1521    90.7653    14.0716    38.7445    29.0687    163.048 0.0000e+00
    344.000    14.1210   4.621075     2.3877     0.1524    90.7664    14.0691    38.7442    29.0691    163.027 0.0000e+00
    345.000    14.1197   4.620987     2.3876     0.1570    90.7661    14.0676    38.7443    29.0695    162.991 0.0000e+00
    346.000    14.1191   4.620970     2.3865     0.1527    90.7663    14.0669    38.7442    29.0696    162.761 0.0000e+00
    347.000    14.1187   4.620958     2.3855     0.1525    90.7677    14.0664    38.7440    29.0695    162.905 0.0000e+00
    348.000    14.1179   4.620913     2.3861     0.1531    90.7653    14.0654    38.7440    29.0698    162.939 0.0000e+00
    349.000    14.1162   4.620746     2.3850     0.1534    90.7651    14.0635    38.7437    29.0699    162.844 0.0000e+00
    350.000    14.1146   4.620622     2.3856     0.1587    90.7721    14.0618    38.7437    29.0703    163.067 0.0000e+00
    351.000    14.1130   4.620462     2.3854     0.1598    90.7569    14.0600    38.7434    29.0704    162.871 0.0000e+00
    352.000    14.1106   4.620209     2.3840     0.1558    90.7583    14.0575    38.7430    29.0707    162.705 0.0000e+00
    353.000    14.1078   4.619913     2.3834     0.1554    90.7704    14.0546    38.7425    29.0709    162.820 0.0000e+00
    354.000    14.1049   4.619608     2.3832     0.1523    90.7691    14.0515    38.7421    29.0713    162.804 0.0000e+00
    355.000    14.1020   4.619307     2.3826     0.1519    90.7750    14.0484    38.7418    29.0717    162.601 0.0000e+00
    356.000    14.0981   4.618877     2.3797     0.1531    90.7721    14.0445    38.7411    29.0721    162.301 0.0000e+00
    357.000    14.0954   4.618588     2.3792     0.1541    90.7701    14.0416    38.7407    29.0724    162.764 0.0000e+00
    358.000    14.0932   4.618374     2.3810     0.1534    90.7733    14.0393    38.7404    29.0727    162.863 0.0000e+00
    359.000    14.0917   4.618261     2.3796     0.1537    90.7731    14.0376    38.7404    29.0730    162.219 0.0000e+00
    360.000    14.0908   4.618161     2.3754     0.1528    90.7724    14.0366    38.7399    29.0729    161.993 0.0000e+00
    361.000    14.0881   4.617851     2.3756     0.1558    90.7703    14.0337    38.7393    29.0730    162.506 0.0000e+00
    362.000    14.0867   4.617770     2.3767     0.1576    90.7643    14.0321    38.7395    29.0735    162.692 0.0000e+00
    363.000    14.0858   4.617731     2.3775     0.1535    90.7727    14.0311    38.7396    29.0738    162.455 0.0000e+00
    364.000    14.0843   4.617590     2.3752     0.1505    90.7740    14.0295    38.7393    29.0740    162.248 0.0000e+00
    365.000    14.0811   4.617245     2.3753     0.1512    90.7728    14.0260    38.7389    29.0744    162.277 0.0000e+00
    366.000    14.0807   4.617282     2.3739     0.1444    90.7772    14.0256    38.7392    29.0747    162.129 0.0000e+00
    367.000    14.0809   4.617383     2.3737     0.1429    90.7713    14.0255    38.7395    29.0750    162.314 0.0000e+00
    368.000    14.0814   4.617516     2.3736     0.1504    90.7719    14.0259    38.7398    29.0751    162.287 0.0000e+00
    369.000    14.0821   4.617673     2.3739     0.1500    90.7809    14.0265    38.7401    29.0752    162.538 0.0000e+00
    370.000    14.0823   4.617767     2.3752     0.1467    90.7773    14.0266    38.7403    29.0754    162.675 0.0000e+00
    371.000    14.0819   4.617770     2.3756     0.1499    90.7756    14.0260    38.7404    29.0755    162.598 0.0000e+00
    372.000    14.0817   4.617804     2.3756     0.1521    90.7756    14.0257    38.7404    29.0756    162.589 0.0000e+00
    373.000    14.0814   4.617822     2.3756     0.1542    90.7846    14.0252    38.7405    29.0758    162.633 0.0000e+00
    374.000    14.0813   4.617850     2.3758     0.1556    90.7808    14.0249    38.7404    29.0758    162.584 0.0000e+00
    375.000    14.0809   4.617878     2.3749     0.1527    90.7767    14.0244    38.7406    29.0761    162.426 0.0000e+00
    376.000    14.0807   4.617905     2.3741     0.1524    90.7781    14.0240    38.7406    29.0761    162.406 0.0000e+00
    377.000    14.0803   4.617926     2.3732     0.1547    90.7766    14.0234    38.7408    29.0764    162.341 0.0000e+00
    378.000    14.0798   4.617926     2.3728     0.1563    90.7808    14.0228    38.7409    29.0766    162.444 0.0000e+00
    379.000    14.0786   4.617818     2.3731     0.1548    90.7789    14.0214    38.7406    29.0767    162.467 0.0000e+00
    380.000    14.0778   4.617800     2.3723     0.1537    90.7848    14.0205    38.7408    29.0770    162.218 0.0000e+00
    381.000    14.0769   4.617734     2.3704     0.1562    90.7759    14.0195    38.7406    29.0771    161.988 0.0000e+00
    382.000    14.0744   4.617475     2.3689     0.1526    90.7837    14.0168    38.7403    29.0774    161.994 0.0000e+00
    383.000    14.0736   4.617445     2.3687     0.1518    90.7831    14.0159    38.7403    29.0777    162.269 0.0000e+00
    384.000    14.0728   4.617389     2.3696     0.1505    90.7770    14.0149    38.7402    29.0778    162.232 0.0000e+00
    385.000    14.0719   4.617341     2.3683     0.1519    90.7702    14.0139    38.7402    29.0780    161.994 0.0000e+00
    386.000    14.0719   4.617407     2.3678     0.1519    90.7815    14.0137    38.7403    29.0782    162.189 0.0000e+00
    387.000    14.0722   4.617481     2.3689     0.1520    90.7872    14.0138    38.7404    29.0781    162.325 0.0000e+00
    388.000    14.0727   4.617600     2.3682     0.1497    90.7843    14.0142    38.7405    29.0782    162.091 0.0000e+00
    389.000    14.0726   4.617689     2.3678     0.1491    90.7829    14.0139    38.7410    29.0786    162.130 0.0000e+00
    390.000    14.0743   4.617993     2.3674     0.1475    90.7828    14.0155    38.7417    29.0788    162.180 0.0000e+00
    391.000    14.0755   4.618183     2.3679     0.1510    90.7838    14.0166    38.7418    29.0787    162.370 0.0000e+00
    392.000    14.0746   4.618120     2.3689     0.1568    90.7751    14.0155    38.7417    29.0788    162.476 0.0000e+00
    393.000    14.0778   4.618626     2.3690     0.1575    90.7834    14.0185    38.7429    29.0791    162.321 0.0000e+00
