Data/Raw HPLC Argo/lovbio089d/CTD/bioargomed11.cnv
* Sea-Bird SBE 9 Data File:
* FileName = C:\CTD\raw\bioargomed11.hdr
* Software Version Seasave V 7.23.2
* Temperature SN = 2473
* Conductivity SN = 1313
* Number of Bytes Per Scan = 31
* Number of Voltage Words = 4
* Number of Scans Averaged by the Deck Unit = 1
* NMEA Latitude = 39 10.30 N
* NMEA Longitude = 010 53.76 E
* NMEA UTC (Time) = May 30 2015  09:54:58
* NMEA baud rate = 4800
** Ship: TETHYS 2
** Cruise: BIOARGOMED
** Station: 11
# nquan = 11
# nvalues = 502                         
# units = specified
# name 0 = prDM: Pressure, Digiquartz [db]
# name 1 = t090C: Temperature [ITS-90, deg C]
# name 2 = c0S/m: Conductivity [S/m]
# name 3 = sbeox0V: Oxygen raw, SBE 43 [V]
# name 4 = flC: Fluorescence, Chelsea Aqua 3 Chl Con [ug/l]
# name 5 = CStarTr0: Beam Transmission, WET Labs C-Star [%]
# name 6 = potemp090C: Potential Temperature [ITS-90, deg C]
# name 7 = sal00: Salinity, Practical [PSU]
# name 8 = sigma-é00: Density [sigma-theta, kg/m^3]
# name 9 = sbeox0Mm/Kg: Oxygen, SBE 43 [umol/kg], WS = 2
# name 10 = flag: flag
# span 0 =      1.000,    502.000       
# span 1 =    14.0094,    20.1771       
# span 2 =   4.558874,   5.178281       
# span 3 =     2.3525,     3.4064       
# span 4 =     0.1429,     0.3718       
# span 5 =    88.5084,    90.8367       
# span 6 =    13.9338,    20.1769       
# span 7 =    37.9062,    38.7503       
# span 8 =    27.0269,    29.0942       
# span 9 =    161.988,    243.956       
# span 10 = 0.0000e+00, 0.0000e+00      
# interval = decibars: 1                
# start_time = May 30 2015 09:54:58 [NMEA time, header]
# bad_flag = -9.990e-29
*END*
[from data line 394]
    395.000    14.0763   4.618558     2.3667     0.1486    90.7891    14.0168    38.7428    29.0794    162.235 0.0000e+00
    396.000    14.0764   4.618661     2.3678     0.1496    90.7867    14.0167    38.7432    29.0798    162.477 0.0000e+00
    397.000    14.0775   4.618888     2.3683     0.1524    90.7891    14.0177    38.7438    29.0800    162.446 0.0000e+00
    398.000    14.0778   4.618978     2.3684     0.1494    90.7913    14.0178    38.7439    29.0801    162.516 0.0000e+00
    399.000    14.0782   4.619083     2.3687     0.1527    90.7901    14.0180    38.7441    29.0801    162.326 0.0000e+00
    400.000    14.0792   4.619280     2.3668     0.1505    90.7891    14.0188    38.7445    29.0803    162.255 0.0000e+00
    401.000    14.0806   4.619529     2.3682     0.1508    90.7855    14.0200    38.7450    29.0804    162.705 0.0000e+00
    402.000    14.0816   4.619733     2.3693     0.1510    90.7891    14.0209    38.7455    29.0806    162.778 0.0000e+00
    403.000    14.0872   4.620663     2.3705     0.1547    90.7881    14.0264    38.7481    29.0814    162.831 0.0000e+00
    404.000    14.0926   4.621451     2.3709     0.1593    90.7902    14.0316    38.7497    29.0816    162.782 0.0000e+00
    405.000    14.0938   4.621638     2.3711     0.1579    90.7843    14.0327    38.7498    29.0814    162.866 0.0000e+00
    406.000    14.0936   4.621673     2.3718     0.1536    90.7880    14.0323    38.7499    29.0815    162.908 0.0000e+00
    407.000    14.0931   4.621652     2.3718     0.1553    90.7880    14.0317    38.7498    29.0815    162.864 0.0000e+00
    408.000    14.0930   4.621707     2.3713     0.1596    90.7891    14.0314    38.7499    29.0818    162.725 0.0000e+00
    409.000    14.0928   4.621726     2.3704     0.1543    90.7891    14.0311    38.7499    29.0818    162.762 0.0000e+00
    410.000    14.0922   4.621681     2.3710     0.1524    90.7855    14.0302    38.7497    29.0818    162.991 0.0000e+00
    411.000    14.0906   4.621540     2.3716     0.1522    90.7902    14.0285    38.7495    29.0820    162.907 0.0000e+00
    412.000    14.0893   4.621427     2.3702     0.1538    90.7880    14.0270    38.7493    29.0822    162.608 0.0000e+00
    413.000    14.0881   4.621318     2.3692     0.1554    90.7869    14.0257    38.7490    29.0823    162.659 0.0000e+00
    414.000    14.0869   4.621234     2.3687     0.1544    90.7891    14.0244    38.7490    29.0825    162.669 0.0000e+00
    415.000    14.0868   4.621238     2.3682     0.1558    90.7891    14.0241    38.7487    29.0824    162.539 0.0000e+00
    416.000    14.0861   4.621217     2.3669     0.1553    90.7914    14.0233    38.7487    29.0825    162.462 0.0000e+00
    417.000    14.0859   4.621256     2.3665     0.1544    90.7922    14.0230    38.7489    29.0827    162.574 0.0000e+00
    418.000    14.0872   4.621502     2.3666     0.1537    90.7891    14.0241    38.7494    29.0829    162.586 0.0000e+00
    419.000    14.0876   4.621611     2.3661     0.1503    90.7902    14.0243    38.7496    29.0830    162.500 0.0000e+00
    420.000    14.0877   4.621674     2.3655     0.1486    90.7902    14.0243    38.7496    29.0830    162.533 0.0000e+00
    421.000    14.0851   4.621345     2.3659     0.1511    90.7870    14.0215    38.7488    29.0830    162.620 0.0000e+00
    422.000    14.0826   4.621081     2.3655     0.1514    90.7903    14.0188    38.7484    29.0832    162.613 0.0000e+00
    423.000    14.0798   4.620756     2.3658     0.1503    90.7924    14.0159    38.7476    29.0833    162.635 0.0000e+00
    424.000    14.0754   4.620234     2.3648     0.1487    90.7792    14.0114    38.7467    29.0836    162.335 0.0000e+00
    425.000    14.0738   4.620096     2.3629     0.1492    90.7846    14.0096    38.7466    29.0839    162.307 0.0000e+00
    426.000    14.0704   4.619684     2.3628     0.1495    90.7891    14.0061    38.7456    29.0839    162.402 0.0000e+00
    427.000    14.0671   4.619341     2.3621     0.1507    90.7891    14.0027    38.7453    29.0844    162.264 0.0000e+00
    428.000    14.0662   4.619259     2.3614     0.1572    90.7891    14.0016    38.7449    29.0843    162.390 0.0000e+00
    429.000    14.0663   4.619352     2.3613     0.1572    90.7903    14.0015    38.7453    29.0847    162.242 0.0000e+00
    430.000    14.0666   4.619420     2.3600     0.1561    90.7906    14.0017    38.7452    29.0845    162.079 0.0000e+00
    431.000    14.0630   4.619020     2.3593     0.1595    90.7916    13.9979    38.7446    29.0849    162.091 0.0000e+00
    432.000    14.0598   4.618697     2.3583     0.1598    90.7898    13.9946    38.7443    29.0854    162.197 0.0000e+00
    433.000    14.0558   4.618232     2.3591     0.1569    90.7940    13.9905    38.7435    29.0857    162.460 0.0000e+00
    434.000    14.0541   4.618112     2.3599     0.1535    90.7919    13.9887    38.7437    29.0862    162.533 0.0000e+00
    435.000    14.0535   4.618088     2.3603     0.1539    90.7945    13.9879    38.7436    29.0863    162.536 0.0000e+00
    436.000    14.0536   4.618181     2.3604     0.1534    90.7732    13.9878    38.7440    29.0866    162.455 0.0000e+00
    437.000    14.0550   4.618463     2.3597     0.1501    90.8038    13.9890    38.7448    29.0870    162.307 0.0000e+00
    438.000    14.0580   4.618974     2.3589     0.1590    90.4988    13.9919    38.7461    29.0874    162.292 0.0000e+00
    439.000    14.0574   4.618943     2.3584     0.1628    90.7636    13.9912    38.7460    29.0874    162.224 0.0000e+00
    440.000    14.0553   4.618704     2.3579     0.1636    90.7961    13.9889    38.7454    29.0875    162.472 0.0000e+00
    441.000    14.0543   4.618630     2.3596     0.1602    90.7954    13.9877    38.7453    29.0877    162.634 0.0000e+00
    442.000    14.0536   4.618612     2.3592     0.1569    90.7946    13.9869    38.7453    29.0879    162.522 0.0000e+00
    443.000    14.0534   4.618631     2.3596     0.1577    90.8072    13.9866    38.7452    29.0879    162.506 0.0000e+00
    444.000    14.0521   4.618535     2.3582     0.1614    90.8032    13.9851    38.7452    29.0882    162.339 0.0000e+00
    445.000    14.0511   4.618451     2.3586     0.1622    90.8073    13.9840    38.7450    29.0882    162.648 0.0000e+00
    446.000    14.0513   4.618552     2.3593     0.1581    90.8082    13.9840    38.7453    29.0885    162.689 0.0000e+00
    447.000    14.0539   4.618963     2.3596     0.1569    90.8072    13.9864    38.7462    29.0886    162.696 0.0000e+00
    448.000    14.0559   4.619278     2.3598     0.1651    90.8055    13.9883    38.7467    29.0886    162.755 0.0000e+00
    449.000    14.0573   4.619510     2.3605     0.1656    90.8041    13.9895    38.7470    29.0886    162.930 0.0000e+00
    450.000    14.0607   4.620081     2.3616     0.1639    90.7985    13.9928    38.7485    29.0891    163.126 0.0000e+00
    451.000    14.0658   4.620822     2.3628     0.1615    90.7914    13.9977    38.7500    29.0891    163.054 0.0000e+00
    452.000    14.0673   4.621054     2.3619     0.1621    90.7998    13.9991    38.7502    29.0890    162.820 0.0000e+00
    453.000    14.0675   4.621140     2.3620     0.1621    90.8003    13.9991    38.7503    29.0891    162.989 0.0000e+00
    454.000    14.0631   4.620584     2.3621     0.1609    90.7931    13.9945    38.7491    29.0891    163.032 0.0000e+00
    455.000    14.0576   4.619929     2.3620     0.1599    90.7938    13.9889    38.7480    29.0895    162.897 0.0000e+00
    456.000    14.0513   4.619108     2.3602     0.1602    90.8099    13.9825    38.7462    29.0895    162.743 0.0000e+00
    457.000    14.0480   4.618747     2.3600     0.1558    90.8102    13.9791    38.7456    29.0898    162.944 0.0000e+00
    458.000    14.0476   4.618757     2.3605     0.1576    90.7977    13.9785    38.7457    29.0899    163.014 0.0000e+00
    459.000    14.0483   4.618890     2.3606     0.1589    90.8052    13.9790    38.7458    29.0900    163.017 0.0000e+00
    460.000    14.0498   4.619162     2.3601     0.1599    90.8062    13.9804    38.7464    29.0901    162.897 0.0000e+00
    461.000    14.0494   4.619169     2.3602     0.1587    90.8114    13.9798    38.7465    29.0903    163.010 0.0000e+00
    462.000    14.0515   4.619531     2.3599     0.1569    90.8104    13.9818    38.7473    29.0905    162.859 0.0000e+00
    463.000    14.0513   4.619513     2.3587     0.1581    90.8116    13.9814    38.7470    29.0903    162.745 0.0000e+00
    464.000    14.0496   4.619350     2.3586     0.1570    90.8143    13.9795    38.7466    29.0905    163.091 0.0000e+00
    465.000    14.0489   4.619307     2.3601     0.1565    90.8142    13.9787    38.7465    29.0906    163.285 0.0000e+00
    466.000    14.0487   4.619357     2.3608     0.1617    90.8142    13.9784    38.7467    29.0908    163.227 0.0000e+00
    467.000    14.0482   4.619341     2.3608     0.1589    90.8142    13.9777    38.7466    29.0909    163.090 0.0000e+00
    468.000    14.0468   4.619183     2.3595     0.1547    90.8163    13.9761    38.7462    29.0908    162.918 0.0000e+00
    469.000    14.0468   4.619249     2.3589     0.1558    90.8165    13.9760    38.7463    29.0909    162.782 0.0000e+00
    470.000    14.0468   4.619281     2.3564     0.1560    90.8154    13.9758    38.7462    29.0909    162.607 0.0000e+00
    471.000    14.0460   4.619200     2.3570     0.1615    90.8172    13.9748    38.7458    29.0909    163.112 0.0000e+00
    472.000    14.0454   4.619205     2.3590     0.1573    90.8178    13.9741    38.7460    29.0911    163.383 0.0000e+00
    473.000    14.0467   4.619462     2.3599     0.1498    90.8152    13.9753    38.7466    29.0914    163.198 0.0000e+00
    474.000    14.0472   4.619564     2.3593     0.1531    90.8130    13.9756    38.7467    29.0913    163.162 0.0000e+00
    475.000    14.0468   4.619568     2.3596     0.1548    90.8042    13.9751    38.7466    29.0914    163.297 0.0000e+00
    476.000    14.0454   4.619420     2.3597     0.1562    90.8104    13.9736    38.7462    29.0914    163.235 0.0000e+00
    477.000    14.0435   4.619230     2.3592     0.1599    90.8132    13.9715    38.7459    29.0916    163.311 0.0000e+00
    478.000    14.0428   4.619186     2.3603     0.1599    90.8130    13.9707    38.7457    29.0917    163.526 0.0000e+00
    479.000    14.0415   4.619061     2.3600     0.1601    90.8097    13.9692    38.7454    29.0918    163.143 0.0000e+00
    480.000    14.0388   4.618731     2.3567     0.1593    90.8096    13.9663    38.7446    29.0918    162.818 0.0000e+00
    481.000    14.0373   4.618552     2.3561     0.1579    90.8072    13.9647    38.7440    29.0916    162.860 0.0000e+00
    482.000    14.0332   4.618111     2.3550     0.1609    90.8153    13.9605    38.7435    29.0921    162.842 0.0000e+00
    483.000    14.0318   4.617956     2.3542     0.1587    90.8192    13.9589    38.7430    29.0922    162.774 0.0000e+00
    484.000    14.0294   4.617696     2.3534     0.1611    90.8223    13.9564    38.7425    29.0923    163.055 0.0000e+00
    485.000    14.0282   4.617593     2.3552     0.1599    90.8195    13.9550    38.7423    29.0925    163.284 0.0000e+00
    486.000    14.0276   4.617570     2.3552     0.1597    90.8207    13.9543    38.7422    29.0925    163.033 0.0000e+00
    487.000    14.0264   4.617436     2.3542     0.1563    90.8213    13.9529    38.7418    29.0925    162.889 0.0000e+00
    488.000    14.0270   4.617605     2.3532     0.1547    90.7987    13.9534    38.7423    29.0928    162.948 0.0000e+00
    489.000    14.0255   4.617463     2.3542     0.1584    90.8136    13.9517    38.7421    29.0930    163.237 0.0000e+00
    490.000    14.0243   4.617353     2.3548     0.1643    90.8227    13.9503    38.7418    29.0931    163.152 0.0000e+00
    491.000    14.0231   4.617235     2.3538     0.1642    90.8193    13.9490    38.7414    29.0930    162.844 0.0000e+00
    492.000    14.0229   4.617262     2.3525     0.1629    90.8183    13.9486    38.7415    29.0932    162.886 0.0000e+00
    493.000    14.0226   4.617258     2.3527     0.1586    90.8201    13.9482    38.7413    29.0931    163.167 0.0000e+00
    494.000    14.0214   4.617160     2.3544     0.1569    90.8232    13.9468    38.7411    29.0933    163.343 0.0000e+00
    495.000    14.0207   4.617126     2.3544     0.1519    90.8253    13.9460    38.7410    29.0934    163.277 0.0000e+00
    496.000    14.0206   4.617179     2.3551     0.1565    90.8277    13.9457    38.7412    29.0936    163.264 0.0000e+00
    497.000    14.0202   4.617153     2.3538     0.1560    90.8192    13.9452    38.7409    29.0935    163.149 0.0000e+00
    498.000    14.0183   4.616924     2.3545     0.1581    90.8238    13.9431    38.7403    29.0935    163.350 0.0000e+00
    499.000    14.0123   4.616206     2.3543     0.1520    90.8240    13.9371    38.7390    29.0938    163.365 0.0000e+00
    500.000    14.0104   4.615997     2.3549     0.1533    90.8254    13.9350    38.7385    29.0939    163.520 0.0000e+00
    501.000    14.0094   4.615931 -9.990e-29     0.1525    90.8353    13.9338    38.7385    29.0941 -9.990e-29 0.0000e+00
    502.000    14.0098   4.616046 -9.990e-29     0.1541    90.8367    13.9341    38.7387    29.0942 -9.990e-29 0.0000e+00
