Data/Raw HPLC Argo/lovbio089d/CTD/bioargomed11.cnv
* Sea-Bird SBE 9 Data File:
* FileName = C:\CTD\raw\bioargomed11.hdr
* Software Version Seasave V 7.23.2
* Temperature SN = 2473
* Conductivity SN = 1313
* Number of Bytes Per Scan = 31
* Number of Voltage Words = 4
* Number of Scans Averaged by the Deck Unit = 1
* NMEA Latitude = 39 10.30 N
* NMEA Longitude = 010 53.76 E
* NMEA UTC (Time) = May 30 2015  09:54:58
* NMEA baud rate = 4800
** Ship: TETHYS 2
** Cruise: BIOARGOMED
** Station: 11
# nquan = 11
# nvalues = 502                         
# units = specified
# name 0 = prDM: Pressure, Digiquartz [db]
# name 1 = t090C: Temperature [ITS-90, deg C]
# name 2 = c0S/m: Conductivity [S/m]
# name 3 = sbeox0V: Oxygen raw, SBE 43 [V]
# name 4 = flC: Fluorescence, Chelsea Aqua 3 Chl Con [ug/l]
# name 5 = CStarTr0: Beam Transmission, WET Labs C-Star [%]
# name 6 = potemp090C: Potential Temperature [ITS-90, deg C]
# name 7 = sal00: Salinity, Practical [PSU]
# name 8 = sigma-é00: Density [sigma-theta, kg/m^3]
# name 9 = sbeox0Mm/Kg: Oxygen, SBE 43 [umol/kg], WS = 2
# name 10 = flag: flag
# span 0 =      1.000,    502.000       
# span 1 =    14.0094,    20.1771       
# span 2 =   4.558874,   5.178281       
# span 3 =     2.3525,     3.4064       
# span 4 =     0.1429,     0.3718       
# span 5 =    88.5084,    90.8367       
# span 6 =    13.9338,    20.1769       
# span 7 =    37.9062,    38.7503       
# span 8 =    27.0269,    29.0942       
# span 9 =    161.988,    243.956       
# span 10 = 0.0000e+00, 0.0000e+00      
# interval = decibars: 1                
# start_time = May 30 2015 09:54:58 [NMEA time, header]
# bad_flag = -9.990e-29
*END*
[from data line 132]
    133.000    14.2028   4.600156     2.5842     0.1640    90.6557    14.1828    38.5591    28.9009    177.087 0.0000e+00
    134.000    14.2032   4.600456     2.5832     0.1599    90.6478    14.1830    38.5611    28.9024    176.891 0.0000e+00
    135.000    14.2013   4.600470     2.5819     0.1585    90.6577    14.1810    38.5627    28.9041    176.834 0.0000e+00
    136.000    14.2029   4.601114     2.5809     0.1593    90.6616    14.1824    38.5667    28.9069    176.457 0.0000e+00
    137.000    14.2060   4.601827     2.5763     0.1597    90.6603    14.1854    38.5698    28.9087    176.009 0.0000e+00
    138.000    14.2130   4.603249     2.5736     0.1626    90.6605    14.1923    38.5757    28.9117    175.763 0.0000e+00
    139.000    14.2155   4.603906     2.5692     0.1623    90.6617    14.1946    38.5789    28.9137    175.261 0.0000e+00
    140.000    14.2155   4.604067     2.5663     0.1625    90.6639    14.1945    38.5800    28.9146    174.926 0.0000e+00
    141.000    14.2213   4.605121     2.5605     0.1608    90.6632    14.2001    38.5837    28.9162    174.359 0.0000e+00
    142.000    14.2317   4.606905     2.5553     0.1594    90.6650    14.2104    38.5896    28.9185    173.872 0.0000e+00
    143.000    14.2340   4.607307     2.5515     0.1609    90.6653    14.2125    38.5906    28.9188    173.833 0.0000e+00
    144.000    14.2381   4.608287     2.5513     0.1617    90.6593    14.2164    38.5954    28.9216    174.157 0.0000e+00
    145.000    14.2382   4.608461     2.5512     0.1665    90.6604    14.2164    38.5964    28.9225    174.027 0.0000e+00
    146.000    14.2371   4.608432     2.5496     0.1630    90.6579    14.2152    38.5968    28.9230    173.897 0.0000e+00
    147.000    14.2300   4.607534     2.5492     0.1615    90.6564    14.2079    38.5950    28.9232    174.013 0.0000e+00
    148.000    14.2245   4.607209     2.5489     0.1648    90.6537    14.2022    38.5971    28.9261    174.002 0.0000e+00
    149.000    14.2266   4.608039     2.5485     0.1665    90.6549    14.2041    38.6024    28.9297    173.890 0.0000e+00
    150.000    14.2253   4.608024     2.5474     0.1653    90.6569    14.2028    38.6030    28.9305    173.863 0.0000e+00
    151.000    14.2243   4.608050     2.5471     0.1635    90.6523    14.2015    38.6039    28.9315    173.746 0.0000e+00
    152.000    14.2234   4.608051     2.5445     0.1644    90.6509    14.2005    38.6043    28.9320    173.292 0.0000e+00
    153.000    14.2224   4.608030     2.5420     0.1586    90.6588    14.1994    38.6046    28.9325    173.222 0.0000e+00
    154.000    14.2210   4.607954     2.5409     0.1574    90.6564    14.1979    38.6048    28.9331    173.183 0.0000e+00
    155.000    14.2233   4.608777     2.5376     0.1575    90.6522    14.1999    38.6099    28.9365    172.478 0.0000e+00
    156.000    14.2309   4.610428     2.5321     0.1616    90.6514    14.2075    38.6173    28.9406    171.869 0.0000e+00
    157.000    14.2335   4.610932     2.5286     0.1621    90.6527    14.2099    38.6190    28.9414    171.688 0.0000e+00
    158.000    14.2336   4.611041     2.5253     0.1593    90.6456    14.2098    38.6195    28.9418    171.512 0.0000e+00
    159.000    14.2334   4.611101     2.5212     0.1563    90.6358    14.2094    38.6199    28.9421    171.122 0.0000e+00
    160.000    14.2342   4.611484     2.5186     0.1608    90.6531    14.2101    38.6222    28.9438    171.129 0.0000e+00
    161.000    14.2370   4.612269     2.5172     0.1610    90.6461    14.2128    38.6263    28.9464    170.967 0.0000e+00
    162.000    14.2336   4.612072     2.5155     0.1596    90.6509    14.2092    38.6274    28.9480    171.043 0.0000e+00
    163.000    14.2324   4.612279     2.5147     0.1595    90.6499    14.2079    38.6301    28.9504    170.773 0.0000e+00
    164.000    14.2346   4.612961     2.5116     0.1568    90.6400    14.2099    38.6339    28.9529    170.231 0.0000e+00
    165.000    14.2379   4.613739     2.5079     0.1537    90.6427    14.2130    38.6375    28.9550    170.021 0.0000e+00
    166.000    14.2407   4.614303     2.5068     0.1523    90.6400    14.2157    38.6395    28.9560    170.255 0.0000e+00
    167.000    14.2420   4.614654     2.5056     0.1559    90.6430    14.2168    38.6411    28.9569    169.800 0.0000e+00
    168.000    14.2468   4.615812     2.5005     0.1591    90.6457    14.2215    38.6467    28.9603    169.271 0.0000e+00
    169.000    14.2568   4.617480     2.4987     0.1539    90.6473    14.2313    38.6519    28.9621    169.518 0.0000e+00
    170.000    14.2523   4.617031     2.4987     0.1542    90.6477    14.2267    38.6518    28.9631    169.576 0.0000e+00
    171.000    14.2497   4.616811     2.4977     0.1534    90.6413    14.2239    38.6519    28.9637    169.358 0.0000e+00
    172.000    14.2510   4.617155     2.4955     0.1602    90.6476    14.2250    38.6534    28.9646    169.053 0.0000e+00
    173.000    14.2561   4.618068     2.4928     0.1613    90.6477    14.2300    38.6564    28.9659    168.800 0.0000e+00
    174.000    14.2560   4.618367     2.4912     0.1590    90.6464    14.2297    38.6589    28.9679    168.706 0.0000e+00
    175.000    14.2551   4.618513     2.4893     0.1586    90.6380    14.2287    38.6607    28.9695    168.396 0.0000e+00
    176.000    14.2515   4.618246     2.4850     0.1603    90.6518    14.2249    38.6613    28.9708    167.965 0.0000e+00
    177.000    14.2488   4.618420     2.4821     0.1560    90.6545    14.2221    38.6653    28.9745    167.735 0.0000e+00
    178.000    14.2459   4.618357     2.4788     0.1567    90.6614    14.2190    38.6671    28.9766    167.455 0.0000e+00
    179.000    14.2457   4.618586     2.4768     0.1615    90.6660    14.2187    38.6690    28.9782    167.542 0.0000e+00
    180.000    14.2510   4.619632     2.4756     0.1600    90.6648    14.2239    38.6731    28.9802    167.537 0.0000e+00
    181.000    14.2560   4.620434     2.4751     0.1560    90.6603    14.2286    38.6752    28.9808    167.497 0.0000e+00
    182.000    14.2534   4.620242     2.4738     0.1599    90.6613    14.2259    38.6756    28.9816    167.205 0.0000e+00
    183.000    14.2531   4.620286     2.4713     0.1564    90.6584    14.2254    38.6758    28.9819    166.969 0.0000e+00
    184.000    14.2536   4.620495     2.4694     0.1575    90.6624    14.2259    38.6768    28.9826    167.060 0.0000e+00
    185.000    14.2491   4.620051     2.4687     0.1556    90.6414    14.2212    38.6767    28.9836    167.094 0.0000e+00
    186.000    14.2464   4.619817     2.4693     0.1568    90.6613    14.2183    38.6768    28.9843    167.211 0.0000e+00
    187.000    14.2445   4.619709     2.4687     0.1557    90.6718    14.2163    38.6772    28.9850    167.099 0.0000e+00
    188.000    14.2489   4.620488     2.4684     0.1514    90.6694    14.2205    38.6797    28.9860    167.083 0.0000e+00
    189.000    14.2524   4.621169     2.4675     0.1516    90.6713    14.2239    38.6821    28.9872    166.841 0.0000e+00
    190.000    14.2565   4.621879     2.4660     0.1527    90.6716    14.2278    38.6842    28.9879    166.919 0.0000e+00
    191.000    14.2633   4.622939     2.4669     0.1576    90.6663    14.2344    38.6870    28.9886    167.160 0.0000e+00
    192.000    14.2652   4.623373     2.4676     0.1617    90.6640    14.2362    38.6887    28.9895    167.066 0.0000e+00
    193.000    14.2634   4.623302     2.4666     0.1558    90.6588    14.2342    38.6894    28.9905    166.796 0.0000e+00
    194.000    14.2615   4.623158     2.4643     0.1550    90.6685    14.2322    38.6894    28.9910    166.518 0.0000e+00
    195.000    14.2603   4.623073     2.4626     0.1561    90.6663    14.2308    38.6895    28.9913    166.703 0.0000e+00
    196.000    14.2604   4.623241     2.4636     0.1555    90.6590    14.2308    38.6905    28.9921    166.920 0.0000e+00
    197.000    14.2607   4.623364     2.4639     0.1588    90.6668    14.2310    38.6909    28.9924    166.855 0.0000e+00
    198.000    14.2627   4.623796     2.4634     0.1591    90.6713    14.2328    38.6924    28.9932    166.712 0.0000e+00
    199.000    14.2657   4.624337     2.4623     0.1581    90.6675    14.2357    38.6941    28.9938    166.552 0.0000e+00
    200.000    14.2662   4.624633     2.4614     0.1619    90.6615    14.2360    38.6959    28.9952    166.269 0.0000e+00
    201.000    14.2656   4.624764     2.4576     0.1591    90.6629    14.2353    38.6973    28.9964    165.741 0.0000e+00
    202.000    14.2649   4.624830     2.4546     0.1578    90.6640    14.2343    38.6982    28.9973    165.775 0.0000e+00
    203.000    14.2626   4.624803     2.4526     0.1611    90.6722    14.2319    38.6998    28.9991    165.736 0.0000e+00
    204.000    14.2600   4.624810     2.4525     0.1600    90.6723    14.2292    38.7020    29.0014    165.940 0.0000e+00
    205.000    14.2599   4.624886     2.4527     0.1538    90.6662    14.2290    38.7024    29.0017    165.920 0.0000e+00
    206.000    14.2551   4.624399     2.4520     0.1546    90.6786    14.2240    38.7022    29.0027    165.732 0.0000e+00
    207.000    14.2483   4.623678     2.4501     0.1580    90.6838    14.2170    38.7019    29.0039    165.454 0.0000e+00
    208.000    14.2483   4.624194     2.4473     0.1607    90.6879    14.2169    38.7062    29.0073    165.071 0.0000e+00
    209.000    14.2490   4.624458     2.4447     0.1613    90.6833    14.2174    38.7076    29.0083    165.053 0.0000e+00
    210.000    14.2461   4.624223     2.4438     0.1600    90.6848    14.2144    38.7078    29.0091    165.273 0.0000e+00
    211.000    14.2441   4.624134     2.4452     0.1578    90.6835    14.2122    38.7085    29.0102    165.692 0.0000e+00
    212.000    14.2445   4.624369     2.4465     0.1569    90.6890    14.2124    38.7099    29.0112    165.569 0.0000e+00
    213.000    14.2450   4.624612     2.4459     0.1578    90.6901    14.2129    38.7112    29.0121    165.555 0.0000e+00
    214.000    14.2452   4.624710     2.4468     0.1584    90.6850    14.2129    38.7115    29.0123    165.703 0.0000e+00
    215.000    14.2462   4.625053     2.4468     0.1593    90.6891    14.2137    38.7133    29.0136    165.579 0.0000e+00
    216.000    14.2466   4.625174     2.4461     0.1555    90.6890    14.2139    38.7136    29.0137    165.485 0.0000e+00
    217.000    14.2466   4.625251     2.4458     0.1567    90.6911    14.2139    38.7138    29.0139    165.552 0.0000e+00
    218.000    14.2462   4.625233     2.4454     0.1548    90.6900    14.2132    38.7137    29.0139    165.494 0.0000e+00
    219.000    14.2459   4.625257     2.4447     0.1562    90.6878    14.2128    38.7137    29.0140    165.382 0.0000e+00
    220.000    14.2455   4.625497     2.4438     0.1544    90.6877    14.2122    38.7160    29.0159    165.209 0.0000e+00
    221.000    14.2486   4.626157     2.4416     0.1560    90.6587    14.2152    38.7185    29.0172    164.706 0.0000e+00
    222.000    14.2422   4.625316     2.4361     0.1554    90.6852    14.2086    38.7167    29.0172    164.361 0.0000e+00
    223.000    14.2243   4.623150     2.4360     0.1526    90.6992    14.1906    38.7138    29.0190    165.094 0.0000e+00
    224.000    14.2284   4.623964     2.4376     0.1533    90.6995    14.1946    38.7169    29.0205    165.253 0.0000e+00
    225.000    14.2370   4.625170     2.4388     0.1521    90.6994    14.2030    38.7191    29.0204    165.320 0.0000e+00
    226.000    14.2385   4.625388     2.4399     0.1533    90.6996    14.2043    38.7193    29.0202    165.274 0.0000e+00
    227.000    14.2400   4.625664     2.4395     0.1566    90.6981    14.2057    38.7199    29.0204    165.085 0.0000e+00
    228.000    14.2336   4.624855     2.4385     0.1572    90.7031    14.1991    38.7183    29.0206    164.986 0.0000e+00
    229.000    14.2264   4.624083     2.4373     0.1574    90.7141    14.1919    38.7178    29.0218    164.879 0.0000e+00
    230.000    14.2230   4.623673     2.4356     0.1557    90.7118    14.1882    38.7169    29.0219    164.590 0.0000e+00
    231.000    14.2138   4.622529     2.4331     0.1576    90.7099    14.1790    38.7149    29.0224    164.648 0.0000e+00
    232.000    14.2096   4.622286     2.4335     0.1574    90.7151    14.1746    38.7164    29.0245    164.790 0.0000e+00
    233.000    14.2091   4.622373     2.4323     0.1542    90.7140    14.1739    38.7173    29.0253    164.591 0.0000e+00
    234.000    14.2071   4.622233     2.4313     0.1574    90.7151    14.1717    38.7176    29.0260    164.397 0.0000e+00
    235.000    14.2078   4.622424     2.4286     0.1551    90.7130    14.1723    38.7182    29.0264    164.263 0.0000e+00
    236.000    14.2103   4.622858     2.4294     0.1552    90.7187    14.1747    38.7193    29.0267    164.838 0.0000e+00
    237.000    14.2158   4.623691     2.4312     0.1578    90.7141    14.1800    38.7212    29.0270    164.900 0.0000e+00
    238.000    14.2168   4.623890     2.4316     0.1557    90.7121    14.1808    38.7216    29.0272    164.674 0.0000e+00
    239.000    14.2137   4.623546     2.4295     0.1542    90.7119    14.1776    38.7210    29.0274    164.320 0.0000e+00
    240.000    14.2085   4.622987     2.4285     0.1533    90.7140    14.1723    38.7206    29.0282    164.443 0.0000e+00
    241.000    14.2047   4.622906     2.4283     0.1505    90.7128    14.1683    38.7232    29.0312    164.537 0.0000e+00
    242.000    14.2056   4.623264     2.4273     0.1484    90.7140    14.1690    38.7252    29.0326    164.190 0.0000e+00
    243.000    14.2048   4.623282     2.4248     0.1500    90.7177    14.1682    38.7257    29.0331    164.265 0.0000e+00
    244.000    14.2040   4.623218     2.4261     0.1483    90.7125    14.1671    38.7255    29.0332    164.563 0.0000e+00
    245.000    14.2029   4.623247     2.4263     0.1502    90.7139    14.1659    38.7264    29.0341    164.468 0.0000e+00
    246.000    14.2026   4.623299     2.4260     0.1552    90.7158    14.1654    38.7268    29.0345    164.399 0.0000e+00
    247.000    14.2024   4.623516     2.4256     0.1507    90.7225    14.1651    38.7286    29.0360    164.527 0.0000e+00
    248.000    14.2026   4.623632     2.4268     0.1515    90.7173    14.1652    38.7290    29.0363    164.589 0.0000e+00
    249.000    14.2018   4.623644     2.4256     0.1520    90.7151    14.1642    38.7295    29.0369    164.294 0.0000e+00
    250.000    14.2024   4.623854     2.4240     0.1562    90.7156    14.1647    38.7303    29.0375    164.302 0.0000e+00
    251.000    14.1999   4.623807     2.4241     0.1498    90.7200    14.1620    38.7320    29.0393    164.468 0.0000e+00
    252.000    14.1989   4.623764     2.4250     0.1509    90.7215    14.1608    38.7322    29.0398    164.554 0.0000e+00
    253.000    14.1974   4.623662     2.4250     0.1518    90.7313    14.1592    38.7322    29.0401    164.451 0.0000e+00
    254.000    14.1969   4.623651     2.4240     0.1511    90.7297    14.1586    38.7322    29.0403    164.363 0.0000e+00
    255.000    14.1963   4.623672     2.4242     0.1514    90.7192    14.1578    38.7326    29.0407    164.431 0.0000e+00
    256.000    14.1965   4.623769     2.4235     0.1548    90.7284    14.1579    38.7328    29.0409    164.343 0.0000e+00
    257.000    14.1963   4.623812     2.4232     0.1569    90.7237    14.1575    38.7330    29.0411    164.346 0.0000e+00
    258.000    14.1965   4.623895     2.4225     0.1593    90.7291    14.1576    38.7331    29.0412    164.292 0.0000e+00
    259.000    14.1960   4.623913     2.4223     0.1547    90.7291    14.1569    38.7333    29.0415    164.270 0.0000e+00
    260.000    14.1955   4.623912     2.4205     0.1544    90.7245    14.1563    38.7334    29.0417    163.870 0.0000e+00
    261.000    14.1950   4.623934     2.4182     0.1598    90.7272    14.1556    38.7337    29.0420    163.877 0.0000e+00
    262.000    14.1948   4.624035     2.4177     0.1536    90.7313    14.1552    38.7344    29.0427    163.950 0.0000e+00
